schema_version,experiment_id,phase,repeat_index,job_id,server_version,pgvector_version,sample_index,sample_epoch_s,gpu_metrics_status,gpu_name,gpu_utilization_pct,gpu_memory_used_mib,gpu_memory_total_mib,gpu_power_w,vllm_metrics_status,vllm_num_requests_running,vllm_num_requests_waiting,vllm_kv_cache_usage_perc
1,adaptive_admission_controller_512_20260726,formal,3,1153,18.4 (Debian 18.4-1.pgdg12+1),0.8.2,0,1785071461.7250361,snapshot,NVIDIA GeForce RTX 5070,1,10243,12227,42.13,ok,0,0,0.0
1,adaptive_admission_controller_512_20260726,formal,3,1153,18.4 (Debian 18.4-1.pgdg12+1),0.8.2,1,1785071462.070172,snapshot,NVIDIA GeForce RTX 5070,1,10243,12227,41.86,ok,0,0,0.0
1,adaptive_admission_controller_512_20260726,formal,3,1153,18.4 (Debian 18.4-1.pgdg12+1),0.8.2,2,1785071462.389142,snapshot,NVIDIA GeForce RTX 5070,1,10243,12227,41.82,ok,0,0,0.0
1,adaptive_admission_controller_512_20260726,formal,3,1153,18.4 (Debian 18.4-1.pgdg12+1),0.8.2,3,1785071462.730828,snapshot,NVIDIA GeForce RTX 5070,1,10243,12227,41.82,ok,0,0,0.0
1,adaptive_admission_controller_512_20260726,formal,3,1153,18.4 (Debian 18.4-1.pgdg12+1),0.8.2,4,1785071463.0920854,snapshot,NVIDIA GeForce RTX 5070,1,10243,12227,41.73,ok,0,0,0.0
1,adaptive_admission_controller_512_20260726,formal,3,1153,18.4 (Debian 18.4-1.pgdg12+1),0.8.2,5,1785071463.46093,snapshot,NVIDIA GeForce RTX 5070,1,10243,12227,41.61,ok,0,0,0.0
1,adaptive_admission_controller_512_20260726,formal,3,1153,18.4 (Debian 18.4-1.pgdg12+1),0.8.2,6,1785071463.799385,snapshot,NVIDIA GeForce RTX 5070,0,10243,12227,41.66,ok,0,0,0.0
1,adaptive_admission_controller_512_20260726,formal,3,1153,18.4 (Debian 18.4-1.pgdg12+1),0.8.2,7,1785071464.1393328,snapshot,NVIDIA GeForce RTX 5070,0,10244,12227,41.66,ok,0,0,0.0
1,adaptive_admission_controller_512_20260726,formal,3,1153,18.4 (Debian 18.4-1.pgdg12+1),0.8.2,8,1785071464.4808812,snapshot,NVIDIA GeForce RTX 5070,0,10244,12227,41.65,ok,0,0,0.0
1,adaptive_admission_controller_512_20260726,formal,3,1153,18.4 (Debian 18.4-1.pgdg12+1),0.8.2,9,1785071464.835711,snapshot,NVIDIA GeForce RTX 5070,1,10244,12227,41.63,ok,0,0,0.0
1,adaptive_admission_controller_512_20260726,formal,3,1153,18.4 (Debian 18.4-1.pgdg12+1),0.8.2,10,1785071465.1767554,snapshot,NVIDIA GeForce RTX 5070,1,10244,12227,41.63,ok,0,0,0.0
1,adaptive_admission_controller_512_20260726,formal,3,1153,18.4 (Debian 18.4-1.pgdg12+1),0.8.2,11,1785071465.5190227,snapshot,NVIDIA GeForce RTX 5070,1,10244,12227,41.70,ok,0,0,0.0
1,adaptive_admission_controller_512_20260726,formal,3,1153,18.4 (Debian 18.4-1.pgdg12+1),0.8.2,12,1785071465.8757427,snapshot,NVIDIA GeForce RTX 5070,0,10243,12227,41.62,ok,0,0,0.0
1,adaptive_admission_controller_512_20260726,formal,3,1153,18.4 (Debian 18.4-1.pgdg12+1),0.8.2,13,1785071466.2163787,snapshot,NVIDIA GeForce RTX 5070,0,10243,12227,41.62,ok,0,0,0.0
1,adaptive_admission_controller_512_20260726,formal,3,1153,18.4 (Debian 18.4-1.pgdg12+1),0.8.2,14,1785071466.561857,snapshot,NVIDIA GeForce RTX 5070,0,10241,12227,41.48,ok,0,0,0.0
1,adaptive_admission_controller_512_20260726,formal,3,1153,18.4 (Debian 18.4-1.pgdg12+1),0.8.2,15,1785071466.9307802,snapshot,NVIDIA GeForce RTX 5070,16,10238,12227,54.53,ok,10,0,0.005518469069870968
1,adaptive_admission_controller_512_20260726,formal,3,1153,18.4 (Debian 18.4-1.pgdg12+1),0.8.2,16,1785071467.2689762,snapshot,NVIDIA GeForce RTX 5070,16,10238,12227,109.40,ok,20,0,0.010502892745883452
1,adaptive_admission_controller_512_20260726,formal,3,1153,18.4 (Debian 18.4-1.pgdg12+1),0.8.2,17,1785071467.5865216,snapshot,NVIDIA GeForce RTX 5070,16,10238,12227,109.40,ok,25,0,0.032843791722296345
1,adaptive_admission_controller_512_20260726,formal,3,1153,18.4 (Debian 18.4-1.pgdg12+1),0.8.2,18,1785071467.933721,snapshot,NVIDIA GeForce RTX 5070,98,10238,12227,162.77,ok,24,0,0.04806408544726304
1,adaptive_admission_controller_512_20260726,formal,3,1153,18.4 (Debian 18.4-1.pgdg12+1),0.8.2,19,1785071468.287659,snapshot,NVIDIA GeForce RTX 5070,98,10232,12227,175.81,ok,24,0,0.05785491766800177
1,adaptive_admission_controller_512_20260726,formal,3,1153,18.4 (Debian 18.4-1.pgdg12+1),0.8.2,20,1785071468.605353,snapshot,NVIDIA GeForce RTX 5070,98,10232,12227,175.81,ok,23,0,0.06105919003115268
1,adaptive_admission_controller_512_20260726,formal,3,1153,18.4 (Debian 18.4-1.pgdg12+1),0.8.2,21,1785071468.9330218,snapshot,NVIDIA GeForce RTX 5070,96,10232,12227,179.61,ok,23,0,0.06070315976858032
1,adaptive_admission_controller_512_20260726,formal,3,1153,18.4 (Debian 18.4-1.pgdg12+1),0.8.2,22,1785071469.2785203,snapshot,NVIDIA GeForce RTX 5070,96,10232,12227,183.94,ok,21,0,0.057676902536715646
1,adaptive_admission_controller_512_20260726,formal,3,1153,18.4 (Debian 18.4-1.pgdg12+1),0.8.2,23,1785071469.6215956,snapshot,NVIDIA GeForce RTX 5070,96,10232,12227,183.94,ok,21,0,0.059101023587004864
1,adaptive_admission_controller_512_20260726,formal,3,1153,18.4 (Debian 18.4-1.pgdg12+1),0.8.2,24,1785071469.941105,snapshot,NVIDIA GeForce RTX 5070,96,10232,12227,183.23,ok,21,0,0.05545171339563859
1,adaptive_admission_controller_512_20260726,formal,3,1153,18.4 (Debian 18.4-1.pgdg12+1),0.8.2,25,1785071470.2645845,snapshot,NVIDIA GeForce RTX 5070,96,10232,12227,183.43,ok,20,0,0.051980418335558554
1,adaptive_admission_controller_512_20260726,formal,3,1153,18.4 (Debian 18.4-1.pgdg12+1),0.8.2,26,1785071470.6059797,snapshot,NVIDIA GeForce RTX 5070,96,10229,12227,183.43,ok,20,0,0.04904316866933689
1,adaptive_admission_controller_512_20260726,formal,3,1153,18.4 (Debian 18.4-1.pgdg12+1),0.8.2,27,1785071470.95221,snapshot,NVIDIA GeForce RTX 5070,96,10229,12227,182.46,ok,19,0,0.03631508678237649
1,adaptive_admission_controller_512_20260726,formal,3,1153,18.4 (Debian 18.4-1.pgdg12+1),0.8.2,28,1785071471.3088794,snapshot,NVIDIA GeForce RTX 5070,96,10229,12227,182.74,ok,19,0,0.035603026257231885
1,adaptive_admission_controller_512_20260726,formal,3,1153,18.4 (Debian 18.4-1.pgdg12+1),0.8.2,29,1785071471.645363,snapshot,NVIDIA GeForce RTX 5070,96,10229,12227,182.74,ok,20,0,0.033555852247441065
1,adaptive_admission_controller_512_20260726,formal,3,1153,18.4 (Debian 18.4-1.pgdg12+1),0.8.2,30,1785071471.9860888,snapshot,NVIDIA GeForce RTX 5070,94,10229,12227,183.94,ok,24,0,0.0325767690253671
1,adaptive_admission_controller_512_20260726,formal,3,1153,18.4 (Debian 18.4-1.pgdg12+1),0.8.2,31,1785071472.3069897,snapshot,NVIDIA GeForce RTX 5070,94,10229,12227,182.81,ok,25,0,0.02759234534935473
1,adaptive_admission_controller_512_20260726,formal,3,1153,18.4 (Debian 18.4-1.pgdg12+1),0.8.2,32,1785071472.6341834,snapshot,NVIDIA GeForce RTX 5070,94,10225,12227,182.81,ok,25,0,0.032843791722296345
1,adaptive_admission_controller_512_20260726,formal,3,1153,18.4 (Debian 18.4-1.pgdg12+1),0.8.2,33,1785071472.9547334,snapshot,NVIDIA GeForce RTX 5070,96,10225,12227,185.23,ok,24,0,0.037650200267022704
1,adaptive_admission_controller_512_20260726,formal,3,1153,18.4 (Debian 18.4-1.pgdg12+1),0.8.2,34,1785071473.302047,snapshot,NVIDIA GeForce RTX 5070,96,10225,12227,188.57,ok,23,0,0.03925233644859816
1,adaptive_admission_controller_512_20260726,formal,3,1153,18.4 (Debian 18.4-1.pgdg12+1),0.8.2,35,1785071473.6442182,snapshot,NVIDIA GeForce RTX 5070,96,10225,12227,188.57,ok,23,0,0.04014241210502889
1,adaptive_admission_controller_512_20260726,formal,3,1153,18.4 (Debian 18.4-1.pgdg12+1),0.8.2,36,1785071473.9617436,snapshot,NVIDIA GeForce RTX 5070,96,10225,12227,188.91,ok,23,0,0.042367601246105946
1,adaptive_admission_controller_512_20260726,formal,3,1153,18.4 (Debian 18.4-1.pgdg12+1),0.8.2,37,1785071474.3037953,snapshot,NVIDIA GeForce RTX 5070,96,10225,12227,186.83,ok,21,0,0.04165554072096134
1,adaptive_admission_controller_512_20260726,formal,3,1153,18.4 (Debian 18.4-1.pgdg12+1),0.8.2,38,1785071474.6230779,snapshot,NVIDIA GeForce RTX 5070,96,10225,12227,186.83,ok,21,0,0.04637294170004447
1,adaptive_admission_controller_512_20260726,formal,3,1153,18.4 (Debian 18.4-1.pgdg12+1),0.8.2,39,1785071474.9668915,snapshot,NVIDIA GeForce RTX 5070,96,10225,12227,185.00,ok,20,0,0.04806408544726304
1,adaptive_admission_controller_512_20260726,formal,3,1153,18.4 (Debian 18.4-1.pgdg12+1),0.8.2,40,1785071475.3025937,snapshot,NVIDIA GeForce RTX 5070,96,10225,12227,186.32,ok,15,0,0.04094348019581662
1,adaptive_admission_controller_512_20260726,formal,3,1153,18.4 (Debian 18.4-1.pgdg12+1),0.8.2,41,1785071475.641882,snapshot,NVIDIA GeForce RTX 5070,96,10225,12227,186.32,ok,13,0,0.03854027592345355
1,adaptive_admission_controller_512_20260726,formal,3,1153,18.4 (Debian 18.4-1.pgdg12+1),0.8.2,42,1785071475.9574318,snapshot,NVIDIA GeForce RTX 5070,96,10237,12227,173.25,ok,13,0,0.042011570983533586
1,adaptive_admission_controller_512_20260726,formal,3,1153,18.4 (Debian 18.4-1.pgdg12+1),0.8.2,43,1785071476.3045022,snapshot,NVIDIA GeForce RTX 5070,96,10241,12227,158.51,ok,12,0,0.026969292389853128
1,adaptive_admission_controller_512_20260726,formal,3,1153,18.4 (Debian 18.4-1.pgdg12+1),0.8.2,44,1785071476.639046,snapshot,NVIDIA GeForce RTX 5070,96,10241,12227,158.51,ok,10,0,0.014864263462394334
1,adaptive_admission_controller_512_20260726,formal,3,1153,18.4 (Debian 18.4-1.pgdg12+1),0.8.2,45,1785071476.9796743,snapshot,NVIDIA GeForce RTX 5070,96,10241,12227,157.84,ok,12,0,0.01290609701824652
1,adaptive_admission_controller_512_20260726,formal,3,1153,18.4 (Debian 18.4-1.pgdg12+1),0.8.2,46,1785071477.3002884,snapshot,NVIDIA GeForce RTX 5070,96,10241,12227,157.21,ok,12,0,0.013351134846461998
1,adaptive_admission_controller_512_20260726,formal,3,1153,18.4 (Debian 18.4-1.pgdg12+1),0.8.2,47,1785071477.6168563,snapshot,NVIDIA GeForce RTX 5070,96,10241,12227,157.21,ok,23,0,0.01602136181575431
1,adaptive_admission_controller_512_20260726,formal,3,1153,18.4 (Debian 18.4-1.pgdg12+1),0.8.2,48,1785071477.9420538,snapshot,NVIDIA GeForce RTX 5070,96,10241,12227,162.54,ok,31,0,0.021984868713840644
1,adaptive_admission_controller_512_20260726,formal,3,1153,18.4 (Debian 18.4-1.pgdg12+1),0.8.2,49,1785071478.2651372,snapshot,NVIDIA GeForce RTX 5070,96,10241,12227,178.46,ok,37,0,0.03204272363150873
1,adaptive_admission_controller_512_20260726,formal,3,1153,18.4 (Debian 18.4-1.pgdg12+1),0.8.2,50,1785071478.5894911,snapshot,NVIDIA GeForce RTX 5070,96,10241,12227,178.46,ok,34,0,0.03595905651980413
1,adaptive_admission_controller_512_20260726,formal,3,1153,18.4 (Debian 18.4-1.pgdg12+1),0.8.2,51,1785071478.9332368,snapshot,NVIDIA GeForce RTX 5070,96,10241,12227,196.81,ok,31,0,0.038985313751668915
1,adaptive_admission_controller_512_20260726,formal,3,1153,18.4 (Debian 18.4-1.pgdg12+1),0.8.2,52,1785071479.2697678,snapshot,NVIDIA GeForce RTX 5070,96,10241,12227,199.13,ok,30,0,0.043435692033822915
1,adaptive_admission_controller_512_20260726,formal,3,1153,18.4 (Debian 18.4-1.pgdg12+1),0.8.2,53,1785071479.5914657,snapshot,NVIDIA GeForce RTX 5070,96,10241,12227,199.13,ok,30,0,0.049577214063195374
1,adaptive_admission_controller_512_20260726,formal,3,1153,18.4 (Debian 18.4-1.pgdg12+1),0.8.2,54,1785071479.9105449,snapshot,NVIDIA GeForce RTX 5070,96,10241,12227,190.42,ok,29,0,0.052959501557632405
1,adaptive_admission_controller_512_20260726,formal,3,1153,18.4 (Debian 18.4-1.pgdg12+1),0.8.2,55,1785071480.2519314,snapshot,NVIDIA GeForce RTX 5070,96,10241,12227,190.57,ok,27,0,0.05206942590120156
1,adaptive_admission_controller_512_20260726,formal,3,1153,18.4 (Debian 18.4-1.pgdg12+1),0.8.2,56,1785071480.5741153,snapshot,NVIDIA GeForce RTX 5070,96,10241,12227,190.57,ok,23,0,0.04601691143747222
1,adaptive_admission_controller_512_20260726,formal,3,1153,18.4 (Debian 18.4-1.pgdg12+1),0.8.2,57,1785071480.8944943,snapshot,NVIDIA GeForce RTX 5070,96,10241,12227,190.41,ok,27,0,0.04797507788161992
1,adaptive_admission_controller_512_20260726,formal,3,1153,18.4 (Debian 18.4-1.pgdg12+1),0.8.2,58,1785071481.235896,snapshot,NVIDIA GeForce RTX 5070,96,10246,12227,190.41,ok,29,0,0.0478860703159768
1,adaptive_admission_controller_512_20260726,formal,3,1153,18.4 (Debian 18.4-1.pgdg12+1),0.8.2,59,1785071481.5758283,snapshot,NVIDIA GeForce RTX 5070,96,10246,12227,191.86,ok,24,0,0.038273253226524306
1,adaptive_admission_controller_512_20260726,formal,3,1153,18.4 (Debian 18.4-1.pgdg12+1),0.8.2,60,1785071481.9001777,snapshot,NVIDIA GeForce RTX 5070,97,10246,12227,192.02,ok,35,0,0.045126835781041374
1,adaptive_admission_controller_512_20260726,formal,3,1153,18.4 (Debian 18.4-1.pgdg12+1),0.8.2,61,1785071482.2354105,snapshot,NVIDIA GeForce RTX 5070,97,10246,12227,192.02,ok,38,0,0.05376056964842013
1,adaptive_admission_controller_512_20260726,formal,3,1153,18.4 (Debian 18.4-1.pgdg12+1),0.8.2,62,1785071482.5700598,snapshot,NVIDIA GeForce RTX 5070,97,10246,12227,195.31,ok,37,0,0.05509568313306634
1,adaptive_admission_controller_512_20260726,formal,3,1153,18.4 (Debian 18.4-1.pgdg12+1),0.8.2,63,1785071482.9115677,snapshot,NVIDIA GeForce RTX 5070,97,10246,12227,199.27,ok,41,0,0.06034712950600796
1,adaptive_admission_controller_512_20260726,formal,3,1153,18.4 (Debian 18.4-1.pgdg12+1),0.8.2,64,1785071483.2571452,snapshot,NVIDIA GeForce RTX 5070,97,10246,12227,199.27,ok,45,0,0.0733422340898976
1,adaptive_admission_controller_512_20260726,formal,3,1153,18.4 (Debian 18.4-1.pgdg12+1),0.8.2,65,1785071483.5947254,snapshot,NVIDIA GeForce RTX 5070,97,10246,12227,194.04,ok,45,0,0.07752558967512235
1,adaptive_admission_controller_512_20260726,formal,3,1153,18.4 (Debian 18.4-1.pgdg12+1),0.8.2,66,1785071483.9172764,snapshot,NVIDIA GeForce RTX 5070,97,10246,12227,191.03,ok,43,0,0.08242100578549172
1,adaptive_admission_controller_512_20260726,formal,3,1153,18.4 (Debian 18.4-1.pgdg12+1),0.8.2,67,1785071484.247942,snapshot,NVIDIA GeForce RTX 5070,97,10246,12227,194.06,ok,45,0,0.09452603471295062
1,adaptive_admission_controller_512_20260726,formal,3,1153,18.4 (Debian 18.4-1.pgdg12+1),0.8.2,68,1785071484.5678232,snapshot,NVIDIA GeForce RTX 5070,97,10246,12227,194.06,ok,44,0,0.09951045838896311
1,adaptive_admission_controller_512_20260726,formal,3,1153,18.4 (Debian 18.4-1.pgdg12+1),0.8.2,69,1785071484.8781445,snapshot,NVIDIA GeForce RTX 5070,97,10246,12227,195.03,ok,43,0,0.10431686693368936
1,adaptive_admission_controller_512_20260726,formal,3,1153,18.4 (Debian 18.4-1.pgdg12+1),0.8.2,70,1785071485.191071,snapshot,NVIDIA GeForce RTX 5070,97,10246,12227,195.03,ok,42,0,0.10823319982198487
1,adaptive_admission_controller_512_20260726,formal,3,1153,18.4 (Debian 18.4-1.pgdg12+1),0.8.2,71,1785071485.5209324,snapshot,NVIDIA GeForce RTX 5070,97,10246,12227,196.29,ok,40,0,0.1109034267912773
1,adaptive_admission_controller_512_20260726,formal,3,1153,18.4 (Debian 18.4-1.pgdg12+1),0.8.2,72,1785071485.865518,snapshot,NVIDIA GeForce RTX 5070,97,10246,12227,197.26,ok,39,0,0.11232754784156651
1,adaptive_admission_controller_512_20260726,formal,3,1153,18.4 (Debian 18.4-1.pgdg12+1),0.8.2,73,1785071486.1834753,snapshot,NVIDIA GeForce RTX 5070,97,10246,12227,197.26,ok,38,0,0.1109924343569203
1,adaptive_admission_controller_512_20260726,formal,3,1153,18.4 (Debian 18.4-1.pgdg12+1),0.8.2,74,1785071486.5083601,snapshot,NVIDIA GeForce RTX 5070,97,10246,12227,198.78,ok,51,0,0.12354250111259457
1,adaptive_admission_controller_512_20260726,formal,3,1153,18.4 (Debian 18.4-1.pgdg12+1),0.8.2,75,1785071486.8532343,snapshot,NVIDIA GeForce RTX 5070,98,10246,12227,192.77,ok,48,0,0.12772585669781933
1,adaptive_admission_controller_512_20260726,formal,3,1153,18.4 (Debian 18.4-1.pgdg12+1),0.8.2,76,1785071487.173999,snapshot,NVIDIA GeForce RTX 5070,98,10246,12227,192.77,ok,52,0,0.14650645304850918
1,adaptive_admission_controller_512_20260726,formal,3,1153,18.4 (Debian 18.4-1.pgdg12+1),0.8.2,77,1785071487.5021603,snapshot,NVIDIA GeForce RTX 5070,98,10246,12227,186.28,ok,48,0,0.14526034712950597
1,adaptive_admission_controller_512_20260726,formal,3,1153,18.4 (Debian 18.4-1.pgdg12+1),0.8.2,78,1785071487.84877,snapshot,NVIDIA GeForce RTX 5070,97,10246,12227,193.16,ok,44,0,0.13805073431241655
1,adaptive_admission_controller_512_20260726,formal,3,1153,18.4 (Debian 18.4-1.pgdg12+1),0.8.2,79,1785071488.1876113,snapshot,NVIDIA GeForce RTX 5070,97,10246,12227,193.16,ok,60,0,0.15131286159323543
1,adaptive_admission_controller_512_20260726,formal,3,1153,18.4 (Debian 18.4-1.pgdg12+1),0.8.2,80,1785071488.509701,snapshot,NVIDIA GeForce RTX 5070,97,10246,12227,190.43,ok,55,0,0.15353805073431237
1,adaptive_admission_controller_512_20260726,formal,3,1153,18.4 (Debian 18.4-1.pgdg12+1),0.8.2,81,1785071488.8545024,snapshot,NVIDIA GeForce RTX 5070,97,10246,12227,191.57,ok,59,0,0.14997774810858922
1,adaptive_admission_controller_512_20260726,formal,3,1153,18.4 (Debian 18.4-1.pgdg12+1),0.8.2,82,1785071489.1964133,snapshot,NVIDIA GeForce RTX 5070,97,10246,12227,191.57,ok,55,0,0.1466844681797953
1,adaptive_admission_controller_512_20260726,formal,3,1153,18.4 (Debian 18.4-1.pgdg12+1),0.8.2,83,1785071489.5373335,snapshot,NVIDIA GeForce RTX 5070,97,10246,12227,197.19,ok,60,0,0.144103248776146
1,adaptive_admission_controller_512_20260726,formal,3,1153,18.4 (Debian 18.4-1.pgdg12+1),0.8.2,84,1785071489.870199,snapshot,NVIDIA GeForce RTX 5070,98,10246,12227,197.07,ok,69,0,0.14882064975522924
1,adaptive_admission_controller_512_20260726,formal,3,1153,18.4 (Debian 18.4-1.pgdg12+1),0.8.2,85,1785071490.216626,snapshot,NVIDIA GeForce RTX 5070,98,10246,12227,197.07,ok,81,0,0.14784156653315528
1,adaptive_admission_controller_512_20260726,formal,3,1153,18.4 (Debian 18.4-1.pgdg12+1),0.8.2,86,1785071490.5378191,snapshot,NVIDIA GeForce RTX 5070,98,10246,12227,185.43,ok,78,0,0.1562082777036048
1,adaptive_admission_controller_512_20260726,formal,3,1153,18.4 (Debian 18.4-1.pgdg12+1),0.8.2,87,1785071490.864068,snapshot,NVIDIA GeForce RTX 5070,97,10246,12227,178.27,ok,76,0,0.16243880729862037
1,adaptive_admission_controller_512_20260726,formal,3,1153,18.4 (Debian 18.4-1.pgdg12+1),0.8.2,88,1785071491.1916966,snapshot,NVIDIA GeForce RTX 5070,97,10245,12227,178.27,ok,75,0,0.15549621717846018
1,adaptive_admission_controller_512_20260726,formal,3,1153,18.4 (Debian 18.4-1.pgdg12+1),0.8.2,89,1785071491.5500364,snapshot,NVIDIA GeForce RTX 5070,97,10245,12227,179.52,ok,71,0,0.15540720961281707
1,adaptive_admission_controller_512_20260726,formal,3,1153,18.4 (Debian 18.4-1.pgdg12+1),0.8.2,90,1785071491.8714921,snapshot,NVIDIA GeForce RTX 5070,97,10245,12227,179.08,ok,71,0,0.1658210947930574
1,adaptive_admission_controller_512_20260726,formal,3,1153,18.4 (Debian 18.4-1.pgdg12+1),0.8.2,91,1785071492.1961036,snapshot,NVIDIA GeForce RTX 5070,97,10242,12227,179.08,ok,67,0,0.16484201157098355
1,adaptive_admission_controller_512_20260726,formal,3,1153,18.4 (Debian 18.4-1.pgdg12+1),0.8.2,92,1785071492.523354,snapshot,NVIDIA GeForce RTX 5070,97,10242,12227,177.10,ok,62,0,0.1670672007120605
1,adaptive_admission_controller_512_20260726,formal,3,1153,18.4 (Debian 18.4-1.pgdg12+1),0.8.2,93,1785071492.8564544,snapshot,NVIDIA GeForce RTX 5070,98,10242,12227,184.49,ok,59,0,0.1587004895416111
1,adaptive_admission_controller_512_20260726,formal,3,1153,18.4 (Debian 18.4-1.pgdg12+1),0.8.2,94,1785071493.2008905,snapshot,NVIDIA GeForce RTX 5070,98,10242,12227,184.49,ok,56,0,0.15255896751223852
1,adaptive_admission_controller_512_20260726,formal,3,1153,18.4 (Debian 18.4-1.pgdg12+1),0.8.2,95,1785071493.5368407,snapshot,NVIDIA GeForce RTX 5070,98,10242,12227,196.46,ok,56,0,0.13128615932354248
1,adaptive_admission_controller_512_20260726,formal,3,1153,18.4 (Debian 18.4-1.pgdg12+1),0.8.2,96,1785071493.8615232,snapshot,NVIDIA GeForce RTX 5070,98,10242,12227,192.68,ok,62,0,0.13867378727191815
1,adaptive_admission_controller_512_20260726,formal,3,1153,18.4 (Debian 18.4-1.pgdg12+1),0.8.2,97,1785071494.205056,snapshot,NVIDIA GeForce RTX 5070,98,10245,12227,192.68,ok,64,0,0.1301290609701825
1,adaptive_admission_controller_512_20260726,formal,3,1153,18.4 (Debian 18.4-1.pgdg12+1),0.8.2,98,1785071494.524217,snapshot,NVIDIA GeForce RTX 5070,98,10245,12227,192.43,ok,65,0,0.12968402314196703
1,adaptive_admission_controller_512_20260726,formal,3,1153,18.4 (Debian 18.4-1.pgdg12+1),0.8.2,99,1785071494.8483307,snapshot,NVIDIA GeForce RTX 5070,97,10245,12227,190.70,ok,61,0,0.1249666221628839
1,adaptive_admission_controller_512_20260726,formal,3,1153,18.4 (Debian 18.4-1.pgdg12+1),0.8.2,100,1785071495.1981978,snapshot,NVIDIA GeForce RTX 5070,97,10246,12227,190.70,ok,70,4,0.10618602581219405
1,adaptive_admission_controller_512_20260726,formal,3,1153,18.4 (Debian 18.4-1.pgdg12+1),0.8.2,101,1785071495.52148,snapshot,NVIDIA GeForce RTX 5070,97,10250,12227,188.09,ok,68,0,0.11713395638629287
1,adaptive_admission_controller_512_20260726,formal,3,1153,18.4 (Debian 18.4-1.pgdg12+1),0.8.2,102,1785071495.846204,snapshot,NVIDIA GeForce RTX 5070,97,10250,12227,181.45,ok,65,0,0.11980418335558518
1,adaptive_admission_controller_512_20260726,formal,3,1153,18.4 (Debian 18.4-1.pgdg12+1),0.8.2,103,1785071496.1957607,snapshot,NVIDIA GeForce RTX 5070,97,10250,12227,181.45,ok,60,0,0.11909212283044057
1,adaptive_admission_controller_512_20260726,formal,3,1153,18.4 (Debian 18.4-1.pgdg12+1),0.8.2,104,1785071496.5362213,snapshot,NVIDIA GeForce RTX 5070,97,10250,12227,179.59,ok,63,0,0.11517578994214506
1,adaptive_admission_controller_512_20260726,formal,3,1153,18.4 (Debian 18.4-1.pgdg12+1),0.8.2,105,1785071496.8561451,snapshot,NVIDIA GeForce RTX 5070,97,10250,12227,188.95,ok,72,0,0.10440587449933247
1,adaptive_admission_controller_512_20260726,formal,3,1153,18.4 (Debian 18.4-1.pgdg12+1),0.8.2,106,1785071497.2050147,snapshot,NVIDIA GeForce RTX 5070,97,10250,12227,188.95,ok,75,0,0.10805518469069875
1,adaptive_admission_controller_512_20260726,formal,3,1153,18.4 (Debian 18.4-1.pgdg12+1),0.8.2,107,1785071497.5282373,snapshot,NVIDIA GeForce RTX 5070,97,10250,12227,186.54,ok,73,0,0.11722296395193588
1,adaptive_admission_controller_512_20260726,formal,3,1153,18.4 (Debian 18.4-1.pgdg12+1),0.8.2,108,1785071497.8724058,snapshot,NVIDIA GeForce RTX 5070,97,10250,12227,177.35,ok,71,0,0.12541165999109927
1,adaptive_admission_controller_512_20260726,formal,3,1153,18.4 (Debian 18.4-1.pgdg12+1),0.8.2,109,1785071498.1940465,snapshot,NVIDIA GeForce RTX 5070,97,10250,12227,177.35,ok,64,0,0.11829105473965285
1,adaptive_admission_controller_512_20260726,formal,3,1153,18.4 (Debian 18.4-1.pgdg12+1),0.8.2,110,1785071498.5214684,snapshot,NVIDIA GeForce RTX 5070,97,10250,12227,177.91,ok,68,0,0.12719181130396084
1,adaptive_admission_controller_512_20260726,formal,3,1153,18.4 (Debian 18.4-1.pgdg12+1),0.8.2,111,1785071498.8677142,snapshot,NVIDIA GeForce RTX 5070,97,10250,12227,177.96,ok,66,0,0.13466844681797951
1,adaptive_admission_controller_512_20260726,formal,3,1153,18.4 (Debian 18.4-1.pgdg12+1),0.8.2,112,1785071499.209022,snapshot,NVIDIA GeForce RTX 5070,97,10250,12227,177.96,ok,63,0,0.1416110369381397
1,adaptive_admission_controller_512_20260726,formal,3,1153,18.4 (Debian 18.4-1.pgdg12+1),0.8.2,113,1785071499.5495372,snapshot,NVIDIA GeForce RTX 5070,97,10250,12227,181.85,ok,60,0,0.14623943035157994
1,adaptive_admission_controller_512_20260726,formal,3,1153,18.4 (Debian 18.4-1.pgdg12+1),0.8.2,114,1785071499.870643,snapshot,NVIDIA GeForce RTX 5070,98,10250,12227,191.76,ok,57,0,0.14000890075656436
1,adaptive_admission_controller_512_20260726,formal,3,1153,18.4 (Debian 18.4-1.pgdg12+1),0.8.2,115,1785071500.211213,snapshot,NVIDIA GeForce RTX 5070,98,10246,12227,191.76,ok,54,0,0.14259012016021366
1,adaptive_admission_controller_512_20260726,formal,3,1153,18.4 (Debian 18.4-1.pgdg12+1),0.8.2,116,1785071500.5403364,snapshot,NVIDIA GeForce RTX 5070,98,10244,12227,198.40,ok,54,0,0.126212728081887
1,adaptive_admission_controller_512_20260726,formal,3,1153,18.4 (Debian 18.4-1.pgdg12+1),0.8.2,117,1785071500.8726366,snapshot,NVIDIA GeForce RTX 5070,98,10243,12227,190.62,ok,59,0,0.13742768135291494
1,adaptive_admission_controller_512_20260726,formal,3,1153,18.4 (Debian 18.4-1.pgdg12+1),0.8.2,118,1785071501.1955845,snapshot,NVIDIA GeForce RTX 5070,98,10247,12227,190.62,ok,63,0,0.1364485981308411
1,adaptive_admission_controller_512_20260726,formal,3,1153,18.4 (Debian 18.4-1.pgdg12+1),0.8.2,119,1785071501.539053,snapshot,NVIDIA GeForce RTX 5070,98,10247,12227,190.39,ok,67,0,0.14125500667556745
1,adaptive_admission_controller_512_20260726,formal,3,1153,18.4 (Debian 18.4-1.pgdg12+1),0.8.2,120,1785071501.8758016,snapshot,NVIDIA GeForce RTX 5070,97,10247,12227,189.47,ok,63,0,0.1467734757454383
1,adaptive_admission_controller_512_20260726,formal,3,1153,18.4 (Debian 18.4-1.pgdg12+1),0.8.2,121,1785071502.2082825,snapshot,NVIDIA GeForce RTX 5070,97,10250,12227,189.47,ok,71,0,0.103960836671117
1,adaptive_admission_controller_512_20260726,formal,3,1153,18.4 (Debian 18.4-1.pgdg12+1),0.8.2,122,1785071502.5528152,snapshot,NVIDIA GeForce RTX 5070,97,10250,12227,188.66,ok,75,0,0.11757899421450824
1,adaptive_admission_controller_512_20260726,formal,3,1153,18.4 (Debian 18.4-1.pgdg12+1),0.8.2,123,1785071502.8957746,snapshot,NVIDIA GeForce RTX 5070,97,10250,12227,184.63,ok,76,0,0.1160658655985759
1,adaptive_admission_controller_512_20260726,formal,3,1153,18.4 (Debian 18.4-1.pgdg12+1),0.8.2,124,1785071503.2381325,snapshot,NVIDIA GeForce RTX 5070,97,10250,12227,184.63,ok,66,0,0.10734312416555403
1,adaptive_admission_controller_512_20260726,formal,3,1153,18.4 (Debian 18.4-1.pgdg12+1),0.8.2,125,1785071503.5796218,snapshot,NVIDIA GeForce RTX 5070,97,10250,12227,176.29,ok,75,0,0.11535380507343129
1,adaptive_admission_controller_512_20260726,formal,3,1153,18.4 (Debian 18.4-1.pgdg12+1),0.8.2,126,1785071503.9000523,snapshot,NVIDIA GeForce RTX 5070,97,10250,12227,176.61,ok,69,0,0.0931019136626613
1,adaptive_admission_controller_512_20260726,formal,3,1153,18.4 (Debian 18.4-1.pgdg12+1),0.8.2,127,1785071504.2245896,snapshot,NVIDIA GeForce RTX 5070,97,10250,12227,176.61,ok,72,0,0.10244770805518466
1,adaptive_admission_controller_512_20260726,formal,3,1153,18.4 (Debian 18.4-1.pgdg12+1),0.8.2,128,1785071504.5723171,snapshot,NVIDIA GeForce RTX 5070,97,10250,12227,175.16,ok,71,0,0.112861593235425
1,adaptive_admission_controller_512_20260726,formal,3,1153,18.4 (Debian 18.4-1.pgdg12+1),0.8.2,129,1785071504.8902814,snapshot,NVIDIA GeForce RTX 5070,97,10250,12227,175.33,ok,66,0,0.11642189586114815
1,adaptive_admission_controller_512_20260726,formal,3,1153,18.4 (Debian 18.4-1.pgdg12+1),0.8.2,130,1785071505.2144022,snapshot,NVIDIA GeForce RTX 5070,97,10250,12227,175.33,ok,62,0,0.1141967067200712
1,adaptive_admission_controller_512_20260726,formal,3,1153,18.4 (Debian 18.4-1.pgdg12+1),0.8.2,131,1785071505.5402296,snapshot,NVIDIA GeForce RTX 5070,97,10250,12227,178.44,ok,58,0,0.1160658655985759
1,adaptive_admission_controller_512_20260726,formal,3,1153,18.4 (Debian 18.4-1.pgdg12+1),0.8.2,132,1785071505.8678749,snapshot,NVIDIA GeForce RTX 5070,97,10250,12227,188.86,ok,63,0,0.11855807743658209
1,adaptive_admission_controller_512_20260726,formal,3,1153,18.4 (Debian 18.4-1.pgdg12+1),0.8.2,133,1785071506.2123806,snapshot,NVIDIA GeForce RTX 5070,97,10250,12227,188.86,ok,61,0,0.12425456163773918
1,adaptive_admission_controller_512_20260726,formal,3,1153,18.4 (Debian 18.4-1.pgdg12+1),0.8.2,134,1785071506.5492456,snapshot,NVIDIA GeForce RTX 5070,97,10250,12227,196.76,ok,66,0,0.12710280373831773
1,adaptive_admission_controller_512_20260726,formal,3,1153,18.4 (Debian 18.4-1.pgdg12+1),0.8.2,135,1785071506.877598,snapshot,NVIDIA GeForce RTX 5070,98,10250,12227,193.60,ok,62,0,0.1281708945260347
1,adaptive_admission_controller_512_20260726,formal,3,1153,18.4 (Debian 18.4-1.pgdg12+1),0.8.2,136,1785071507.2038796,snapshot,NVIDIA GeForce RTX 5070,98,10250,12227,193.60,ok,56,0,0.12122830440587451
1,adaptive_admission_controller_512_20260726,formal,3,1153,18.4 (Debian 18.4-1.pgdg12+1),0.8.2,137,1785071507.5291383,snapshot,NVIDIA GeForce RTX 5070,98,10250,12227,196.71,ok,61,0,0.10965732087227409
1,adaptive_admission_controller_512_20260726,formal,3,1153,18.4 (Debian 18.4-1.pgdg12+1),0.8.2,138,1785071507.8741834,snapshot,NVIDIA GeForce RTX 5070,98,10250,12227,194.15,ok,59,0,0.11748998664886512
1,adaptive_admission_controller_512_20260726,formal,3,1153,18.4 (Debian 18.4-1.pgdg12+1),0.8.2,139,1785071508.213261,snapshot,NVIDIA GeForce RTX 5070,98,10250,12227,194.15,ok,54,0,0.1135736537605696
1,adaptive_admission_controller_512_20260726,formal,3,1153,18.4 (Debian 18.4-1.pgdg12+1),0.8.2,140,1785071508.5554693,snapshot,NVIDIA GeForce RTX 5070,98,10249,12227,195.54,ok,51,0,0.11811303960836672
1,adaptive_admission_controller_512_20260726,formal,3,1153,18.4 (Debian 18.4-1.pgdg12+1),0.8.2,141,1785071508.9097948,snapshot,NVIDIA GeForce RTX 5070,97,10249,12227,202.67,ok,36,0,0.0835781041388518
1,adaptive_admission_controller_512_20260726,formal,3,1153,18.4 (Debian 18.4-1.pgdg12+1),0.8.2,142,1785071509.2527664,snapshot,NVIDIA GeForce RTX 5070,97,10249,12227,202.67,ok,32,0,0.07636849132176238
1,adaptive_admission_controller_512_20260726,formal,3,1153,18.4 (Debian 18.4-1.pgdg12+1),0.8.2,143,1785071509.6096935,snapshot,NVIDIA GeForce RTX 5070,97,10249,12227,201.89,ok,30,0,0.07992879394748553
1,adaptive_admission_controller_512_20260726,formal,3,1153,18.4 (Debian 18.4-1.pgdg12+1),0.8.2,144,1785071509.9278295,snapshot,NVIDIA GeForce RTX 5070,97,10249,12227,197.36,ok,22,0,0.059368046283934106
1,adaptive_admission_controller_512_20260726,formal,3,1153,18.4 (Debian 18.4-1.pgdg12+1),0.8.2,145,1785071510.2549896,snapshot,NVIDIA GeForce RTX 5070,97,10249,12227,192.89,ok,16,0,0.04904316866933689
1,adaptive_admission_controller_512_20260726,formal,3,1153,18.4 (Debian 18.4-1.pgdg12+1),0.8.2,146,1785071510.6000276,snapshot,NVIDIA GeForce RTX 5070,97,10249,12227,192.89,ok,13,0,0.045126835781041374
1,adaptive_admission_controller_512_20260726,formal,3,1153,18.4 (Debian 18.4-1.pgdg12+1),0.8.2,147,1785071510.9375825,snapshot,NVIDIA GeForce RTX 5070,96,10249,12227,178.81,ok,12,0,0.045482866043613734
1,adaptive_admission_controller_512_20260726,formal,3,1153,18.4 (Debian 18.4-1.pgdg12+1),0.8.2,148,1785071511.260743,snapshot,NVIDIA GeForce RTX 5070,96,10249,12227,163.55,ok,8,0,0.0344459279038718
1,adaptive_admission_controller_512_20260726,formal,3,1153,18.4 (Debian 18.4-1.pgdg12+1),0.8.2,149,1785071511.589906,snapshot,NVIDIA GeForce RTX 5070,96,10249,12227,163.55,ok,7,0,0.033555852247441065
1,adaptive_admission_controller_512_20260726,formal,3,1153,18.4 (Debian 18.4-1.pgdg12+1),0.8.2,150,1785071511.9284747,snapshot,NVIDIA GeForce RTX 5070,96,10249,12227,155.96,ok,4,0,0.02385402759234534
1,adaptive_admission_controller_512_20260726,formal,3,1153,18.4 (Debian 18.4-1.pgdg12+1),0.8.2,151,1785071512.2672842,snapshot,NVIDIA GeForce RTX 5070,96,10249,12227,135.78,ok,0,0,0.0
1,adaptive_admission_controller_512_20260726,formal,3,1153,18.4 (Debian 18.4-1.pgdg12+1),0.8.2,152,1785071512.5845726,snapshot,NVIDIA GeForce RTX 5070,96,10249,12227,135.78,ok,0,0,0.0
