schema_version,experiment_id,phase,repeat_index,job_id,server_version,pgvector_version,submission_index,submission_id,planning_batch_id,service_quantum_index,service_quantum_oversized,actor_worker_id,actor_worker_index,actor_worker_pid,pool_id,endpoint_id,gpu_id,status,error,credit_held_s,ray_to_service_s,doc_ids,rows,token_count,input_token_count,output_token_count,service_s,service_start_epoch_s,service_end_epoch_s,http_request_start_epoch_s,http_response_headers_epoch_s,http_response_body_epoch_s,http_headers_wait_s,http_body_read_s
5,prefix_cache_routing_4ep_1.5b_hitrate,formal,1,1102,18.4 (Ubuntu 18.4-1.pgdg22.04+1),0.8.5,0,1102:request:300000,1102:batch:0,-1,False,endpoint-0:worker:0,0,668553,default,endpoint-0,0,completed,,6.231218576431274,0.004990100860595703,300000,1,292,30,177,6.224331377074122,1785485272.192303,1785485278.4166338,1785485272.1923816,1785485278.4154232,1785485278.4163907,6.223041718825698,0.0009671319276094437
5,prefix_cache_routing_4ep_1.5b_hitrate,formal,1,1102,18.4 (Ubuntu 18.4-1.pgdg22.04+1),0.8.5,1,1102:request:300001,1102:batch:0,-1,False,endpoint-1:worker:0,0,668554,default,endpoint-1,0,completed,,6.523581504821777,0.004300117492675781,300001,1,584,262,199,6.5143791772425175,1785485272.1971562,1785485278.7115335,1785485272.1972961,1785485278.710828,1785485278.7113268,6.513531351462007,0.0004986058920621872
5,prefix_cache_routing_4ep_1.5b_hitrate,formal,1,1102,18.4 (Ubuntu 18.4-1.pgdg22.04+1),0.8.5,2,1102:request:300002,1102:batch:0,-1,False,endpoint-2:worker:0,0,668556,default,endpoint-2,1,completed,,6.443589687347412,0.003863096237182617,300002,1,936,538,206,6.437182143330574,1785485272.199269,1785485278.6364503,1785485272.1993666,1785485278.635728,1785485278.6362305,6.436361154541373,0.0005021560937166214
5,prefix_cache_routing_4ep_1.5b_hitrate,formal,1,1102,18.4 (Ubuntu 18.4-1.pgdg22.04+1),0.8.5,3,1102:request:300003,1102:batch:0,-1,False,endpoint-3:worker:0,0,668555,default,endpoint-3,1,completed,,4.9749791622161865,0.0033102035522460938,300003,1,1235,794,205,4.963727463036776,1785485272.2018335,1785485277.1655598,1785485272.2019172,1785485277.1648903,1785485277.165312,4.962973050773144,0.0004216507077217102
5,prefix_cache_routing_4ep_1.5b_hitrate,formal,1,1102,18.4 (Ubuntu 18.4-1.pgdg22.04+1),0.8.5,4,1102:request:300004,1102:batch:0,-1,False,endpoint-0:worker:0,0,668553,default,endpoint-0,0,completed,,6.302947521209717,0.0021295547485351562,300004,1,275,15,179,6.295229075476527,1785485272.2036648,1785485278.4988928,1785485272.20374,1785485278.4982064,1785485278.498793,6.294466499239206,0.0005863457918167114
5,prefix_cache_routing_4ep_1.5b_hitrate,formal,1,1102,18.4 (Ubuntu 18.4-1.pgdg22.04+1),0.8.5,5,1102:request:300005,1102:batch:0,-1,False,endpoint-1:worker:0,0,668554,default,endpoint-1,0,completed,,6.61074686050415,0.0016732215881347656,300005,1,320,41,142,6.588788215070963,1785485272.206584,1785485278.7953718,1785485272.206625,1785485278.7944002,1785485278.795277,6.587775567546487,0.000876380130648613
5,prefix_cache_routing_4ep_1.5b_hitrate,formal,1,1102,18.4 (Ubuntu 18.4-1.pgdg22.04+1),0.8.5,6,1102:request:300006,1102:batch:0,-1,False,endpoint-2:worker:0,0,668556,default,endpoint-2,1,completed,,6.443584203720093,0.0018830299377441406,300006,1,348,57,164,6.439473673701286,1785485272.209963,1785485278.6494358,1785485272.2100172,1785485278.6482139,1785485278.6493618,6.4381963685154915,0.0011481363326311111
5,prefix_cache_routing_4ep_1.5b_hitrate,formal,1,1102,18.4 (Ubuntu 18.4-1.pgdg22.04+1),0.8.5,7,1102:request:300007,1102:batch:0,-1,False,endpoint-3:worker:0,0,668555,default,endpoint-3,1,completed,,5.471720457077026,0.0024633407592773438,300007,1,483,142,204,5.448787719011307,1785485272.2135906,1785485277.6623778,1785485272.2136226,1785485277.6595395,1785485277.6622722,5.4459171909838915,0.00273270346224308
5,prefix_cache_routing_4ep_1.5b_hitrate,formal,1,1102,18.4 (Ubuntu 18.4-1.pgdg22.04+1),0.8.5,8,1102:request:300008,1102:batch:0,-1,False,endpoint-0:worker:0,0,668553,default,endpoint-0,0,completed,,6.287310838699341,0.0013880729675292969,300008,1,774,349,178,6.283060936257243,1785485272.214757,1785485278.4978173,1785485272.2148004,1785485278.4968507,1785485278.4975765,6.28205076046288,0.0007252916693687439
5,prefix_cache_routing_4ep_1.5b_hitrate,formal,1,1102,18.4 (Ubuntu 18.4-1.pgdg22.04+1),0.8.5,9,1102:request:300009,1102:batch:0,-1,False,endpoint-1:worker:0,0,668554,default,endpoint-1,0,completed,,6.639731168746948,0.0015535354614257812,300009,1,1116,584,166,6.578001031652093,1785485272.2179348,1785485278.795935,1785485272.2179837,1785485278.7948449,1785485278.7957528,6.576861057430506,0.0009077470749616623
5,prefix_cache_routing_4ep_1.5b_hitrate,formal,1,1102,18.4 (Ubuntu 18.4-1.pgdg22.04+1),0.8.5,10,1102:request:300010,1102:batch:0,-1,False,endpoint-2:worker:0,0,668556,default,endpoint-2,1,completed,,6.438648462295532,0.0016932487487792969,300010,1,1510,846,164,6.428794153034687,1785485272.220337,1785485278.6491303,1785485272.2203763,1785485278.6479526,1785485278.6489072,6.427575875073671,0.0009548589587211609
5,prefix_cache_routing_4ep_1.5b_hitrate,formal,1,1102,18.4 (Ubuntu 18.4-1.pgdg22.04+1),0.8.5,11,1102:request:300011,1102:batch:1,-1,False,endpoint-3:worker:0,0,668555,default,endpoint-3,1,completed,,5.445320129394531,0.0014014244079589844,300011,1,714,310,205,5.436642523854971,1785485272.2224932,1785485277.6591358,1785485272.2225275,1785485277.6557672,1785485277.65858,5.433253487572074,0.0027987435460090637
5,prefix_cache_routing_4ep_1.5b_hitrate,formal,1,1102,18.4 (Ubuntu 18.4-1.pgdg22.04+1),0.8.5,12,1102:request:300012,1102:batch:1,-1,False,endpoint-0:worker:0,0,668553,default,endpoint-0,0,completed,,6.293516635894775,0.0015482902526855469,300012,1,1239,684,164,6.289186162874103,1785485272.2248733,1785485278.514059,1785485272.2249048,1785485278.513101,1785485278.5137694,6.28819633461535,0.0006684157997369766
5,prefix_cache_routing_4ep_1.5b_hitrate,formal,1,1102,18.4 (Ubuntu 18.4-1.pgdg22.04+1),0.8.5,13,1102:request:300013,1102:batch:1,-1,False,endpoint-1:worker:0,0,668554,default,endpoint-1,0,completed,,6.57308030128479,0.0014450550079345703,300013,1,1036,604,197,6.566605444997549,1785485272.226981,1785485278.7935865,1785485272.2270212,1785485278.7915676,1785485278.792934,6.5645468551665545,0.0013658571988344193
5,prefix_cache_routing_4ep_1.5b_hitrate,formal,1,1102,18.4 (Ubuntu 18.4-1.pgdg22.04+1),0.8.5,14,1102:request:300014,1102:batch:1,-1,False,endpoint-2:worker:0,0,668556,default,endpoint-2,1,completed,,6.422205209732056,0.0015397071838378906,300014,1,524,126,177,6.4185914527624846,1785485272.2300773,1785485278.6486685,1785485272.2301157,1785485278.6476574,1785485278.6485553,6.417541857808828,0.0008976329118013382
5,prefix_cache_routing_4ep_1.5b_hitrate,formal,1,1102,18.4 (Ubuntu 18.4-1.pgdg22.04+1),0.8.5,15,1102:request:300015,1102:batch:1,-1,False,endpoint-3:worker:0,0,668555,default,endpoint-3,1,completed,,5.447798728942871,0.0012805461883544922,300015,1,274,16,185,5.430943371728063,1785485272.23205,1785485277.6629932,1785485272.2320738,1785485277.6606927,1785485277.6628735,5.428618732839823,0.002181079238653183
5,prefix_cache_routing_4ep_1.5b_hitrate,formal,1,1102,18.4 (Ubuntu 18.4-1.pgdg22.04+1),0.8.5,16,1102:request:300016,1102:batch:1,-1,False,endpoint-0:worker:0,0,668553,default,endpoint-0,0,completed,,6.28242039680481,0.0014295578002929688,300016,1,467,178,152,6.278225472196937,1785485272.234533,1785485278.5127583,1785485272.2345665,1785485278.5119953,1785485278.5125756,6.277429178357124,0.0005801990628242493
5,prefix_cache_routing_4ep_1.5b_hitrate,formal,1,1102,18.4 (Ubuntu 18.4-1.pgdg22.04+1),0.8.5,17,1102:request:300017,1102:batch:1,-1,False,endpoint-1:worker:0,0,668554,default,endpoint-1,0,completed,,6.580927848815918,0.001438140869140625,300017,1,913,421,147,6.57071328908205,1785485272.2368653,1785485278.8075783,1785485272.2369008,1785485278.8068302,1785485278.8073988,6.569929156452417,0.000568736344575882
5,prefix_cache_routing_4ep_1.5b_hitrate,formal,1,1102,18.4 (Ubuntu 18.4-1.pgdg22.04+1),0.8.5,18,1102:request:300018,1102:batch:1,-1,False,endpoint-2:worker:0,0,668556,default,endpoint-2,1,completed,,6.4355034828186035,0.0016586780548095703,300018,1,1223,625,152,6.425758009776473,1785485272.2392807,1785485278.6650383,1785485272.239321,1785485278.6645231,1785485278.664852,6.425201788544655,0.00032887794077396393
5,prefix_cache_routing_4ep_1.5b_hitrate,formal,1,1102,18.4 (Ubuntu 18.4-1.pgdg22.04+1),0.8.5,19,1102:request:300019,1102:batch:1,-1,False,endpoint-3:worker:0,0,668555,default,endpoint-3,1,completed,,2.9067699909210205,0.001583099365234375,300019,1,119,15,82,2.902093695476651,1785485272.241763,1785485275.143856,1785485272.2418063,1785485275.143105,1785485275.1437519,2.9012993033975363,0.0006460677832365036
5,prefix_cache_routing_4ep_1.5b_hitrate,formal,1,1102,18.4 (Ubuntu 18.4-1.pgdg22.04+1),0.8.5,20,1102:request:300020,1102:batch:1,-1,False,endpoint-0:worker:0,0,668553,default,endpoint-0,0,completed,,6.349732160568237,0.0013909339904785156,300020,1,632,254,205,6.346261907368898,1785485272.24373,1785485278.5899923,1785485272.243764,1785485278.5883865,1785485278.5896401,6.344623148441315,0.0012534037232398987
5,prefix_cache_routing_4ep_1.5b_hitrate,formal,1,1102,18.4 (Ubuntu 18.4-1.pgdg22.04+1),0.8.5,21,1102:request:300021,1102:batch:1,-1,False,endpoint-1:worker:0,0,668554,default,endpoint-1,0,completed,,2.2114970684051514,0.0013473033905029297,300021,1,757,501,14,2.2084723319858313,1785485272.2465856,1785485274.4550579,1785485272.2466211,1785485274.454549,1785485274.4548793,2.207928152754903,0.0003298092633485794
5,prefix_cache_routing_4ep_1.5b_hitrate,formal,1,1102,18.4 (Ubuntu 18.4-1.pgdg22.04+1),0.8.5,22,1102:request:300022,1102:batch:1,-1,False,endpoint-2:worker:0,0,668556,default,endpoint-2,1,completed,,6.430084705352783,0.0016410350799560547,300022,1,263,5,187,6.414657790213823,1785485272.2496197,1785485278.6642773,1785485272.249656,1785485278.6638758,1785485278.6641767,6.414219494909048,0.00030078738927841187
5,prefix_cache_routing_4ep_1.5b_hitrate,formal,1,1102,18.4 (Ubuntu 18.4-1.pgdg22.04+1),0.8.5,23,1102:request:300023,1102:batch:1,-1,False,endpoint-3:worker:0,0,668555,default,endpoint-3,1,completed,,5.436039686203003,0.0014500617980957031,300023,1,528,196,185,5.420768981799483,1785485272.2516198,1785485277.6723883,1785485272.2516577,1785485277.67172,1785485277.6722448,5.420062016695738,0.0005247313529253006
5,prefix_cache_routing_4ep_1.5b_hitrate,formal,1,1102,18.4 (Ubuntu 18.4-1.pgdg22.04+1),0.8.5,24,1102:request:300024,1102:batch:2,-1,False,endpoint-0:worker:0,0,668553,default,endpoint-0,0,completed,,5.95154595375061,0.0015316009521484375,300024,1,768,394,180,5.944313524290919,1785485272.2542572,1785485278.1985705,1785485272.2542915,1785485278.1976254,1785485278.198337,5.943334672600031,0.0007110200822353363
5,prefix_cache_routing_4ep_1.5b_hitrate,formal,1,1102,18.4 (Ubuntu 18.4-1.pgdg22.04+1),0.8.5,25,1102:request:300025,1102:batch:2,-1,False,endpoint-1:worker:0,0,668554,default,endpoint-1,0,completed,,6.65053129196167,0.0014450550079345703,300025,1,1089,627,195,6.598612513393164,1785485272.2566936,1785485278.8553057,1785485272.2567296,1785485278.8534794,1785485278.855119,6.596749972552061,0.0016395002603530884
5,prefix_cache_routing_4ep_1.5b_hitrate,formal,1,1102,18.4 (Ubuntu 18.4-1.pgdg22.04+1),0.8.5,26,1102:request:300026,1102:batch:2,-1,False,endpoint-2:worker:0,0,668556,default,endpoint-2,1,completed,,6.464373350143433,0.00211334228515625,300026,1,308,44,200,6.426614014431834,1785485272.2595444,1785485278.686158,1785485272.2595901,1785485278.6843657,1785485278.6860785,6.424775633960962,0.0017126183956861496
5,prefix_cache_routing_4ep_1.5b_hitrate,formal,1,1102,18.4 (Ubuntu 18.4-1.pgdg22.04+1),0.8.5,27,1102:request:300027,1102:batch:2,-1,False,endpoint-3:worker:0,0,668555,default,endpoint-3,1,completed,,5.419662714004517,0.0015118122100830078,300027,1,948,530,216,5.412230052053928,1785485272.261134,1785485277.6733634,1785485272.2611687,1785485277.6726508,1785485277.6731927,5.411482159048319,0.0005419142544269562
5,prefix_cache_routing_4ep_1.5b_hitrate,formal,1,1102,18.4 (Ubuntu 18.4-1.pgdg22.04+1),0.8.5,28,1102:request:300028,1102:batch:2,-1,False,endpoint-0:worker:0,0,668553,default,endpoint-0,0,completed,,6.464759349822998,0.0016198158264160156,300028,1,268,10,158,6.416026832535863,1785485272.2641063,1785485278.6801329,1785485272.2641366,1785485278.6774845,1785485278.680045,6.413348030298948,0.002560112625360489
5,prefix_cache_routing_4ep_1.5b_hitrate,formal,1,1102,18.4 (Ubuntu 18.4-1.pgdg22.04+1),0.8.5,29,1102:request:300029,1102:batch:2,-1,False,endpoint-1:worker:0,0,668554,default,endpoint-1,0,completed,,6.615823030471802,0.0015559196472167969,300029,1,478,171,171,6.589454427361488,1785485272.2669854,1785485278.8564396,1785485272.267016,1785485278.853984,1785485278.8563483,6.586968295276165,0.002364007756114006
5,prefix_cache_routing_4ep_1.5b_hitrate,formal,1,1102,18.4 (Ubuntu 18.4-1.pgdg22.04+1),0.8.5,30,1102:request:300030,1102:batch:2,-1,False,endpoint-2:worker:0,0,668556,default,endpoint-2,1,completed,,6.4544737339019775,0.0016205310821533203,300030,1,718,357,165,6.415341962128878,1785485272.2699347,1785485278.6852758,1785485272.269983,1785485278.683875,1785485278.6851583,6.413891920819879,0.0012829620391130447
5,prefix_cache_routing_4ep_1.5b_hitrate,formal,1,1102,18.4 (Ubuntu 18.4-1.pgdg22.04+1),0.8.5,31,1102:request:300031,1102:batch:2,-1,False,endpoint-3:worker:0,0,668555,default,endpoint-3,1,completed,,4.108663320541382,0.0018181800842285156,300031,1,908,546,126,4.105332249775529,1785485272.2724473,1785485276.3777797,1785485272.2725008,1785485276.3760834,1785485276.3772237,4.103583237156272,0.0011400431394577026
5,prefix_cache_routing_4ep_1.5b_hitrate,formal,1,1102,18.4 (Ubuntu 18.4-1.pgdg22.04+1),0.8.5,32,1102:request:300032,1102:batch:2,-1,False,endpoint-0:worker:0,0,668553,default,endpoint-0,0,completed,,6.408223390579224,0.005055904388427734,300032,1,1183,665,167,6.398974277079105,1785485272.2805233,1785485278.6794972,1785485272.2805548,1785485278.676929,1785485278.6792438,6.396374454721808,0.002314610406756401
5,prefix_cache_routing_4ep_1.5b_hitrate,formal,1,1102,18.4 (Ubuntu 18.4-1.pgdg22.04+1),0.8.5,33,1102:request:300033,1102:batch:2,-1,False,endpoint-1:worker:0,0,668554,default,endpoint-1,0,completed,,6.5959508419036865,0.001338958740234375,300033,1,1383,784,162,6.572709651663899,1785485272.2819796,1785485278.854689,1785485272.2820144,1785485278.8532033,1785485278.8544695,6.571188857778907,0.0012661851942539215
5,prefix_cache_routing_4ep_1.5b_hitrate,formal,1,1102,18.4 (Ubuntu 18.4-1.pgdg22.04+1),0.8.5,34,1102:request:300034,1102:batch:3,-1,False,endpoint-2:worker:0,0,668556,default,endpoint-2,1,completed,,6.415811777114868,0.0013966560363769531,300034,1,634,255,76,6.399080827832222,1785485272.2842658,1785485278.6833463,1785485272.284305,1785485278.6828718,1785485278.6832256,6.398566657677293,0.00035377778112888336
5,prefix_cache_routing_4ep_1.5b_hitrate,formal,1,1102,18.4 (Ubuntu 18.4-1.pgdg22.04+1),0.8.5,35,1102:request:300035,1102:batch:3,-1,False,endpoint-3:worker:0,0,668555,default,endpoint-3,1,completed,,5.460145950317383,0.0012307167053222656,300035,1,1354,567,151,5.45361284725368,1785485272.2862809,1785485277.7398937,1785485272.2863116,1785485277.7383358,1785485277.7394574,5.452024549245834,0.0011212509125471115
5,prefix_cache_routing_4ep_1.5b_hitrate,formal,1,1102,18.4 (Ubuntu 18.4-1.pgdg22.04+1),0.8.5,36,1102:request:300036,1102:batch:3,-1,False,endpoint-0:worker:0,0,668553,default,endpoint-0,0,completed,,6.401727914810181,0.001161336898803711,300036,1,688,275,170,6.392460152506828,1785485272.2883706,1785485278.6808307,1785485272.2884007,1785485278.6779854,1785485278.680687,6.389585047960281,0.0027011502534151077
5,prefix_cache_routing_4ep_1.5b_hitrate,formal,1,1102,18.4 (Ubuntu 18.4-1.pgdg22.04+1),0.8.5,37,1102:request:300037,1102:batch:3,-1,False,endpoint-1:worker:0,0,668554,default,endpoint-1,0,completed,,6.5965399742126465,0.0011615753173828125,300037,1,1231,648,183,6.562408795580268,1785485272.2905095,1785485278.8529184,1785485272.2905402,1785485278.8520868,1785485278.8526373,6.561546495184302,0.0005502402782440186
5,prefix_cache_routing_4ep_1.5b_hitrate,formal,1,1102,18.4 (Ubuntu 18.4-1.pgdg22.04+1),0.8.5,38,1102:request:300038,1102:batch:3,-1,False,endpoint-2:worker:0,0,668556,default,endpoint-2,1,completed,,5.981412410736084,0.0013148784637451172,300038,1,1527,859,205,5.978690387681127,1785485272.2934287,1785485278.272119,1785485272.2934656,1785485278.2708511,1785485278.2715633,5.977385893464088,0.0007118470966815948
5,prefix_cache_routing_4ep_1.5b_hitrate,formal,1,1102,18.4 (Ubuntu 18.4-1.pgdg22.04+1),0.8.5,39,1102:request:300039,1102:batch:3,-1,False,endpoint-3:worker:0,0,668555,default,endpoint-3,1,completed,,5.463254928588867,0.001256704330444336,300039,1,656,282,161,5.4467424638569355,1785485272.2962658,1785485277.743008,1785485272.2962952,1785485277.7410142,1785485277.7428637,5.444719355553389,0.0018492043018341064
5,prefix_cache_routing_4ep_1.5b_hitrate,formal,1,1102,18.4 (Ubuntu 18.4-1.pgdg22.04+1),0.8.5,40,1102:request:300040,1102:batch:3,-1,False,endpoint-0:worker:0,0,668553,default,endpoint-0,0,completed,,6.396601915359497,0.0012552738189697266,300040,1,782,375,176,6.383112272247672,1785485272.2984807,1785485278.681593,1785485272.2985098,1785485278.6784592,1785485278.681413,6.379949379712343,0.0029536187648773193
5,prefix_cache_routing_4ep_1.5b_hitrate,formal,1,1102,18.4 (Ubuntu 18.4-1.pgdg22.04+1),0.8.5,41,1102:request:300041,1102:batch:3,-1,False,endpoint-1:worker:0,0,668554,default,endpoint-1,0,completed,,6.051243543624878,0.0013294219970703125,300041,1,957,500,158,6.045119447633624,1785485272.301434,1785485278.3465538,1785485272.3014648,1785485278.3446383,1785485278.3460422,6.043174367398024,0.001403212547302246
5,prefix_cache_routing_4ep_1.5b_hitrate,formal,1,1102,18.4 (Ubuntu 18.4-1.pgdg22.04+1),0.8.5,42,1102:request:300042,1102:batch:4,-1,False,endpoint-2:worker:0,0,668556,default,endpoint-2,1,completed,,6.400628328323364,0.0015635490417480469,300042,1,1109,599,168,6.380316641181707,1785485272.3045545,1785485278.6848707,1785485272.3045914,1785485278.6836057,1785485278.6847045,6.379014581441879,0.0010986998677253723
5,prefix_cache_routing_4ep_1.5b_hitrate,formal,1,1102,18.4 (Ubuntu 18.4-1.pgdg22.04+1),0.8.5,43,1102:request:300043,1102:batch:4,-1,False,endpoint-3:worker:0,0,668555,default,endpoint-3,1,completed,,5.4530229568481445,0.0012347698211669922,300043,1,1429,847,144,5.435129838064313,1785485272.307165,1785485277.7422945,1785485272.3071952,1785485277.7404332,1785485277.7420113,5.433238413184881,0.0015780385583639145
5,prefix_cache_routing_4ep_1.5b_hitrate,formal,1,1102,18.4 (Ubuntu 18.4-1.pgdg22.04+1),0.8.5,44,1102:request:300044,1102:batch:4,-1,False,endpoint-0:worker:0,0,668553,default,endpoint-0,0,completed,,6.374091386795044,0.0013980865478515625,300044,1,652,268,141,6.366171834990382,1785485272.3102002,1785485278.676372,1785485272.3102303,1785485278.6749184,1785485278.6760802,6.364688733592629,0.0011615566909313202
5,prefix_cache_routing_4ep_1.5b_hitrate,formal,1,1102,18.4 (Ubuntu 18.4-1.pgdg22.04+1),0.8.5,45,1102:request:300045,1102:batch:4,-1,False,endpoint-1:worker:0,0,668554,default,endpoint-1,0,completed,,6.608583927154541,0.0012366771697998047,300045,1,805,352,207,6.543585289269686,1785485272.3123074,1785485278.8558924,1785485272.3123372,1785485278.8537366,1785485278.8557642,6.5413995031267405,0.0020276233553886414
5,prefix_cache_routing_4ep_1.5b_hitrate,formal,1,1102,18.4 (Ubuntu 18.4-1.pgdg22.04+1),0.8.5,46,1102:request:300046,1102:batch:4,-1,False,endpoint-2:worker:0,0,668556,default,endpoint-2,1,completed,,6.381244421005249,0.0016303062438964844,300046,1,1147,635,149,6.3708635289222,1785485272.314902,1785485278.6857648,1785485272.3149505,1785485278.6841195,1785485278.6855648,6.369169067591429,0.0014451947063207626
5,prefix_cache_routing_4ep_1.5b_hitrate,formal,1,1102,18.4 (Ubuntu 18.4-1.pgdg22.04+1),0.8.5,47,1102:request:300047,1102:batch:4,-1,False,endpoint-3:worker:0,0,668555,default,endpoint-3,1,completed,,5.550605535507202,0.0012962818145751953,300047,1,1332,779,174,5.495195100083947,1785485272.3174999,1785485277.8126948,1785485272.3175292,1785485277.8089342,1785485277.8124578,5.491405300796032,0.00352340005338192
5,prefix_cache_routing_4ep_1.5b_hitrate,formal,1,1102,18.4 (Ubuntu 18.4-1.pgdg22.04+1),0.8.5,48,1102:request:300048,1102:batch:4,-1,False,endpoint-0:worker:0,0,668553,default,endpoint-0,0,completed,,6.415539503097534,0.0013737678527832031,300048,1,360,78,147,6.410570295527577,1785485272.3200178,1785485278.7305887,1785485272.3200467,1785485278.7286975,1785485278.7302706,6.408651456236839,0.0015729311853647232
5,prefix_cache_routing_4ep_1.5b_hitrate,formal,1,1102,18.4 (Ubuntu 18.4-1.pgdg22.04+1),0.8.5,49,1102:request:300049,1102:batch:4,-1,False,endpoint-1:worker:0,0,668554,default,endpoint-1,0,completed,,6.609668731689453,0.0012974739074707031,300049,1,608,213,154,6.544487472623587,1785485272.3221846,1785485278.8666716,1785485272.3222227,1785485278.8656833,1785485278.8665373,6.54346058703959,0.0008539017289876938
5,prefix_cache_routing_4ep_1.5b_hitrate,formal,1,1102,18.4 (Ubuntu 18.4-1.pgdg22.04+1),0.8.5,50,1102:request:300050,1102:batch:5,-1,False,endpoint-2:worker:0,0,668556,default,endpoint-2,1,completed,,6.437150478363037,0.0016252994537353516,300050,1,1180,566,132,6.4156670197844505,1785485272.3255458,1785485278.7412121,1785485272.3255813,1785485278.7400134,1785485278.7410471,6.414432005956769,0.0010335519909858704
5,prefix_cache_routing_4ep_1.5b_hitrate,formal,1,1102,18.4 (Ubuntu 18.4-1.pgdg22.04+1),0.8.5,51,1102:request:300051,1102:batch:5,-1,False,endpoint-3:worker:0,0,668555,default,endpoint-3,1,completed,,5.51843786239624,0.0015757083892822266,300051,1,1422,712,180,5.4857183415442705,1785485272.3278131,1785485277.8135312,1785485272.3278456,1785485277.8092396,1785485277.8132987,5.481393916532397,0.004059197381138802
5,prefix_cache_routing_4ep_1.5b_hitrate,formal,1,1102,18.4 (Ubuntu 18.4-1.pgdg22.04+1),0.8.5,52,1102:request:300052,1102:batch:5,-1,False,endpoint-0:worker:0,0,668553,default,endpoint-0,0,completed,,3.9293885231018066,0.0014042854309082031,300052,1,1512,851,96,3.925897104665637,1785485272.3306375,1785485276.2565346,1785485272.3306673,1785485276.2546217,1785485276.2558637,3.923955101519823,0.0012413430958986282
5,prefix_cache_routing_4ep_1.5b_hitrate,formal,1,1102,18.4 (Ubuntu 18.4-1.pgdg22.04+1),0.8.5,53,1102:request:300053,1102:batch:5,-1,False,endpoint-1:worker:0,0,668554,default,endpoint-1,0,completed,,3.5842056274414062,0.0013632774353027344,300053,1,119,9,91,3.581438845023513,1785485272.3328223,1785485275.9142613,1785485272.3328507,1785485275.91281,1785485275.914039,3.579960372298956,0.0012279767543077469
5,prefix_cache_routing_4ep_1.5b_hitrate,formal,1,1102,18.4 (Ubuntu 18.4-1.pgdg22.04+1),0.8.5,54,1102:request:300054,1102:batch:5,-1,False,endpoint-2:worker:0,0,668556,default,endpoint-2,1,completed,,5.348484992980957,0.0016293525695800781,300054,1,366,107,154,5.345531616359949,1785485272.3352804,1785485277.680812,1785485272.3353157,1785485277.6802096,1785485277.6806865,5.344893977046013,0.0004768073558807373
5,prefix_cache_routing_4ep_1.5b_hitrate,formal,1,1102,18.4 (Ubuntu 18.4-1.pgdg22.04+1),0.8.5,55,1102:request:300055,1102:batch:5,-1,False,endpoint-3:worker:0,0,668555,default,endpoint-3,1,completed,,5.479780673980713,0.00139617919921875,300055,1,434,130,179,5.469605196267366,1785485272.3379993,1785485277.8076043,1785485272.3380277,1785485277.8051927,1785485277.8074577,5.46716539748013,0.0022646766155958176
5,prefix_cache_routing_4ep_1.5b_hitrate,formal,1,1102,18.4 (Ubuntu 18.4-1.pgdg22.04+1),0.8.5,56,1102:request:300056,1102:batch:5,-1,False,endpoint-0:worker:0,0,668553,default,endpoint-0,0,completed,,6.395920276641846,0.0015211105346679688,300056,1,305,45,178,6.392276341095567,1785485272.3407135,1785485278.7329898,1785485272.3407416,1785485278.731331,1785485278.7328467,6.390589978545904,0.0015151556581258774
5,prefix_cache_routing_4ep_1.5b_hitrate,formal,1,1102,18.4 (Ubuntu 18.4-1.pgdg22.04+1),0.8.5,57,1102:request:300057,1102:batch:5,-1,False,endpoint-1:worker:0,0,668554,default,endpoint-1,0,completed,,6.5518176555633545,0.0012927055358886719,300057,1,261,3,212,6.524506837129593,1785485272.3427408,1785485278.8672473,1785485272.3427696,1785485278.8659816,1785485278.8671703,6.523211993277073,0.0011887215077877045
5,prefix_cache_routing_4ep_1.5b_hitrate,formal,1,1102,18.4 (Ubuntu 18.4-1.pgdg22.04+1),0.8.5,58,1102:request:300058,1102:batch:5,-1,False,endpoint-2:worker:0,0,668556,default,endpoint-2,1,completed,,6.399785280227661,0.0015125274658203125,300058,1,905,464,123,6.395513713359833,1785485272.3452475,1785485278.7407608,1785485272.345296,1785485278.7397447,1785485278.7406116,6.3944486398249865,0.0008668806403875351
5,prefix_cache_routing_4ep_1.5b_hitrate,formal,1,1102,18.4 (Ubuntu 18.4-1.pgdg22.04+1),0.8.5,59,1102:request:300059,1102:batch:5,-1,False,endpoint-3:worker:0,0,668555,default,endpoint-3,1,completed,,5.483434200286865,0.0012888908386230469,300059,1,1475,795,126,5.463972516357899,1785485272.3472435,1785485277.8112159,1785485272.3472755,1785485277.8082998,1785485277.8109634,5.461024301126599,0.0026638787239789963
5,prefix_cache_routing_4ep_1.5b_hitrate,formal,1,1102,18.4 (Ubuntu 18.4-1.pgdg22.04+1),0.8.5,60,1102:request:300060,1102:batch:5,-1,False,endpoint-0:worker:0,0,668553,default,endpoint-0,0,completed,,6.525384426116943,0.0013849735260009766,300060,1,270,12,205,6.518219672143459,1785485272.3502855,1785485278.868505,1785485272.3503132,1785485278.8617566,1785485278.868425,6.511443294584751,0.006668297573924065
5,prefix_cache_routing_4ep_1.5b_hitrate,formal,1,1102,18.4 (Ubuntu 18.4-1.pgdg22.04+1),0.8.5,61,1102:request:300061,1102:batch:5,-1,False,endpoint-1:worker:0,0,668554,default,endpoint-1,0,completed,,6.663484334945679,0.0013811588287353516,300061,1,463,170,208,6.631961761042476,1785485272.3532302,1785485278.9851916,1785485272.3532696,1785485278.9810982,1785485278.9850957,6.627828657627106,0.003997381776571274
5,prefix_cache_routing_4ep_1.5b_hitrate,formal,1,1102,18.4 (Ubuntu 18.4-1.pgdg22.04+1),0.8.5,62,1102:request:300062,1102:batch:6,-1,False,endpoint-2:worker:0,0,668556,default,endpoint-2,1,completed,,6.3884828090667725,0.0016646385192871094,300062,1,908,537,182,6.383604167029262,1785485272.3558776,1785485278.739481,1785485272.35593,1785485278.738875,1785485278.7392545,6.382944814860821,0.00037946924567222595
5,prefix_cache_routing_4ep_1.5b_hitrate,formal,1,1102,18.4 (Ubuntu 18.4-1.pgdg22.04+1),0.8.5,63,1102:request:300063,1102:batch:6,-1,False,endpoint-3:worker:0,0,668555,default,endpoint-3,1,completed,,5.472133636474609,0.0014870166778564453,300063,1,978,594,213,5.452336132526398,1785485272.3580854,1785485277.8104212,1785485272.3581176,1785485277.8079553,1785485277.8101785,5.449837734922767,0.002223363146185875
5,prefix_cache_routing_4ep_1.5b_hitrate,formal,1,1102,18.4 (Ubuntu 18.4-1.pgdg22.04+1),0.8.5,64,1102:request:300064,1102:batch:6,-1,False,endpoint-0:worker:0,0,668553,default,endpoint-0,0,completed,,6.536071300506592,0.0013661384582519531,300064,1,808,448,197,6.506651373580098,1785485272.360185,1785485278.866836,1785485272.360214,1785485278.8611777,1785485278.8666759,6.500963717699051,0.005498344078660011
5,prefix_cache_routing_4ep_1.5b_hitrate,formal,1,1102,18.4 (Ubuntu 18.4-1.pgdg22.04+1),0.8.5,65,1102:request:300065,1102:batch:6,-1,False,endpoint-1:worker:0,0,668554,default,endpoint-1,0,completed,,6.639749526977539,0.0012743473052978516,300065,1,1267,816,205,6.626104839146137,1785485272.3623202,1785485278.9884248,1785485272.362351,1785485278.9823012,1785485278.9882107,6.619950160384178,0.005909428000450134
5,prefix_cache_routing_4ep_1.5b_hitrate,formal,1,1102,18.4 (Ubuntu 18.4-1.pgdg22.04+1),0.8.5,66,1102:request:300066,1102:batch:6,-1,False,endpoint-2:worker:0,0,668556,default,endpoint-2,1,completed,,6.396320581436157,0.00157928466796875,300066,1,277,15,196,6.375928372144699,1785485272.3656476,1785485278.7415755,1785485272.3656926,1785485278.7402687,1785485278.7415082,6.374576035887003,0.0012394394725561142
5,prefix_cache_routing_4ep_1.5b_hitrate,formal,1,1102,18.4 (Ubuntu 18.4-1.pgdg22.04+1),0.8.5,67,1102:request:300067,1102:batch:6,-1,False,endpoint-3:worker:0,0,668555,default,endpoint-3,1,completed,,5.451728820800781,0.0012581348419189453,300067,1,412,124,219,5.444378005340695,1785485272.3675125,1785485277.8118901,1785485272.3675418,1785485277.8086157,1785485277.8117797,5.441073941066861,0.003164263442158699
5,prefix_cache_routing_4ep_1.5b_hitrate,formal,1,1102,18.4 (Ubuntu 18.4-1.pgdg22.04+1),0.8.5,68,1102:request:300068,1102:batch:6,-1,False,endpoint-0:worker:0,0,668553,default,endpoint-0,0,completed,,5.631215572357178,0.001299142837524414,300068,1,506,227,178,5.6177105363458395,1785485272.3704374,1785485277.988148,1785485272.3704658,1785485277.9871342,1785485277.9879546,5.616669028997421,0.0008199028670787811
5,prefix_cache_routing_4ep_1.5b_hitrate,formal,1,1102,18.4 (Ubuntu 18.4-1.pgdg22.04+1),0.8.5,69,1102:request:300069,1102:batch:6,-1,False,endpoint-1:worker:0,0,668554,default,endpoint-1,0,completed,,6.626019239425659,0.0013759136199951172,300069,1,988,583,190,6.614817792549729,1785485272.3728387,1785485278.9876559,1785485272.372877,1785485278.9820735,1785485278.9875088,6.609196588397026,0.0054352860897779465
5,prefix_cache_routing_4ep_1.5b_hitrate,formal,1,1102,18.4 (Ubuntu 18.4-1.pgdg22.04+1),0.8.5,70,1102:request:300070,1102:batch:6,-1,False,endpoint-2:worker:0,0,668556,default,endpoint-2,1,completed,,6.4517035484313965,0.0015552043914794922,300070,1,1333,855,213,6.441427258774638,1785485272.3752866,1785485278.8167136,1785485272.3753352,1785485278.8149304,1785485278.8164887,6.439595239236951,0.001558050513267517
5,prefix_cache_routing_4ep_1.5b_hitrate,formal,1,1102,18.4 (Ubuntu 18.4-1.pgdg22.04+1),0.8.5,71,1102:request:300071,1102:batch:6,-1,False,endpoint-3:worker:0,0,668555,default,endpoint-3,1,completed,,5.485968112945557,0.0013222694396972656,300071,1,582,218,161,5.436237838119268,1785485272.3780413,1785485277.8142788,1785485272.3780713,1785485277.8095307,1785485277.8141575,5.431459452956915,0.004626912996172905
5,prefix_cache_routing_4ep_1.5b_hitrate,formal,1,1102,18.4 (Ubuntu 18.4-1.pgdg22.04+1),0.8.5,72,1102:request:300072,1102:batch:7,-1,False,endpoint-0:worker:0,0,668553,default,endpoint-0,0,completed,,6.531669855117798,0.001318216323852539,300072,1,826,428,204,6.485693521797657,1785485272.3802779,1785485278.865971,1785485272.380306,1785485278.8608968,1785485278.8658118,6.4805908892303705,0.004914889112114906
5,prefix_cache_routing_4ep_1.5b_hitrate,formal,1,1102,18.4 (Ubuntu 18.4-1.pgdg22.04+1),0.8.5,73,1102:request:300073,1102:batch:7,-1,False,endpoint-1:worker:0,0,668554,default,endpoint-1,0,completed,,6.608947277069092,0.0013353824615478516,300073,1,921,503,137,6.596901183947921,1785485272.3825161,1785485278.979417,1785485272.3825488,1785485278.9784222,1785485278.9791305,6.595873700454831,0.0007083937525749207
5,prefix_cache_routing_4ep_1.5b_hitrate,formal,1,1102,18.4 (Ubuntu 18.4-1.pgdg22.04+1),0.8.5,74,1102:request:300074,1102:batch:7,-1,False,endpoint-2:worker:0,0,668556,default,endpoint-2,1,completed,,6.4373109340667725,0.0015552043914794922,300074,1,1008,574,199,6.433630183339119,1785485272.3854105,1785485278.8190403,1785485272.3854475,1785485278.8161638,1785485278.8188758,6.430716440081596,0.0027119647711515427
5,prefix_cache_routing_4ep_1.5b_hitrate,formal,1,1102,18.4 (Ubuntu 18.4-1.pgdg22.04+1),0.8.5,75,1102:request:300075,1102:batch:7,-1,False,endpoint-3:worker:0,0,668555,default,endpoint-3,1,completed,,1.5750176906585693,0.0012247562408447266,300075,1,86,61,7,1.5705406554043293,1785485272.3872402,1785485273.9577808,1785485272.3872716,1785485273.9567552,1785485273.957677,1.5694860145449638,0.0009191613644361496
5,prefix_cache_routing_4ep_1.5b_hitrate,formal,1,1102,18.4 (Ubuntu 18.4-1.pgdg22.04+1),0.8.5,76,1102:request:300076,1102:batch:7,-1,False,endpoint-0:worker:0,0,668553,default,endpoint-0,0,completed,,6.505139112472534,0.0013275146484375,300076,1,710,317,192,6.473343776538968,1785485272.3900273,1785485278.8633707,1785485272.3900564,1785485278.8595603,1785485278.8632064,6.469503985717893,0.003646053373813629
5,prefix_cache_routing_4ep_1.5b_hitrate,formal,1,1102,18.4 (Ubuntu 18.4-1.pgdg22.04+1),0.8.5,77,1102:request:300077,1102:batch:7,-1,False,endpoint-1:worker:0,0,668554,default,endpoint-1,0,completed,,6.621168375015259,0.0012505054473876953,300077,1,999,534,200,6.591037483885884,1785485272.3921824,1785485278.9832194,1785485272.3922122,1785485278.979786,1785485278.9830325,6.587573874741793,0.0032463278621435165
5,prefix_cache_routing_4ep_1.5b_hitrate,formal,1,1102,18.4 (Ubuntu 18.4-1.pgdg22.04+1),0.8.5,78,1102:request:300078,1102:batch:7,-1,False,endpoint-2:worker:0,0,668556,default,endpoint-2,1,completed,,6.437485933303833,0.001497507095336914,300078,1,1476,841,147,6.423465572297573,1785485272.3945992,1785485278.8180642,1785485272.3946457,1785485278.8157165,1785485278.8178606,6.421070856973529,0.0021438095718622208
5,prefix_cache_routing_4ep_1.5b_hitrate,formal,1,1102,18.4 (Ubuntu 18.4-1.pgdg22.04+1),0.8.5,79,1102:request:300079,1102:batch:7,-1,False,endpoint-3:worker:0,0,668555,default,endpoint-3,1,completed,,4.721912860870361,0.0012671947479248047,300079,1,282,42,176,4.718312298879027,1785485272.396708,1785485277.11502,1785485272.396736,1785485277.112098,1785485277.1146739,4.71536398306489,0.002573750913143158
5,prefix_cache_routing_4ep_1.5b_hitrate,formal,1,1102,18.4 (Ubuntu 18.4-1.pgdg22.04+1),0.8.5,80,1102:request:300080,1102:batch:7,-1,False,endpoint-0:worker:0,0,668553,default,endpoint-0,0,completed,,6.529474973678589,0.0012385845184326172,300080,1,1333,633,200,6.4663154277950525,1785485272.3988106,1785485278.865126,1785485272.3988404,1785485278.8605874,1785485278.8649044,6.461746966466308,0.004317089915275574
5,prefix_cache_routing_4ep_1.5b_hitrate,formal,1,1102,18.4 (Ubuntu 18.4-1.pgdg22.04+1),0.8.5,81,1102:request:300081,1102:batch:7,-1,False,endpoint-1:worker:0,0,668554,default,endpoint-1,0,completed,,6.593339204788208,0.0011446475982666016,300081,1,591,242,189,6.584091532975435,1785485272.4016635,1785485278.985755,1785485272.4016948,1785485278.981335,1785485278.9856465,6.579640341922641,0.004311585798859596
5,prefix_cache_routing_4ep_1.5b_hitrate,formal,1,1102,18.4 (Ubuntu 18.4-1.pgdg22.04+1),0.8.5,82,1102:request:300082,1102:batch:7,-1,False,endpoint-2:worker:0,0,668556,default,endpoint-2,1,completed,,6.440265655517578,0.0014510154724121094,300082,1,1314,467,176,6.414337921887636,1785485272.4042025,1785485278.81854,1785485272.4042404,1785485278.8159413,1785485278.8183775,6.411700814962387,0.002436187118291855
5,prefix_cache_routing_4ep_1.5b_hitrate,formal,1,1102,18.4 (Ubuntu 18.4-1.pgdg22.04+1),0.8.5,83,1102:request:300083,1102:batch:8,-1,False,endpoint-3:worker:0,0,668555,default,endpoint-3,1,completed,,5.576639413833618,0.001238107681274414,300083,1,1425,527,181,5.563755679875612,1785485272.4061527,1785485277.9699082,1785485272.406184,1785485277.967005,1785485277.9697185,5.560820946469903,0.0027136001735925674
5,prefix_cache_routing_4ep_1.5b_hitrate,formal,1,1102,18.4 (Ubuntu 18.4-1.pgdg22.04+1),0.8.5,84,1102:request:300084,1102:batch:8,-1,False,endpoint-0:worker:0,0,668553,default,endpoint-0,0,completed,,6.503485202789307,0.0013527870178222656,300084,1,1317,608,161,6.455041775479913,1785485272.4092104,1785485278.8642519,1785485272.4092407,1785485278.860125,1785485278.8640087,6.450884494930506,0.003883231431245804
5,prefix_cache_routing_4ep_1.5b_hitrate,formal,1,1102,18.4 (Ubuntu 18.4-1.pgdg22.04+1),0.8.5,85,1102:request:300085,1102:batch:8,-1,False,endpoint-1:worker:0,0,668554,default,endpoint-1,0,completed,,6.595306158065796,0.001316070556640625,300085,1,277,19,195,6.573322296142578,1785485272.4113457,1785485278.9846675,1785485272.4113872,1785485278.9808555,1785485278.984599,6.569468257948756,0.0037435609847307205
5,prefix_cache_routing_4ep_1.5b_hitrate,formal,1,1102,18.4 (Ubuntu 18.4-1.pgdg22.04+1),0.8.5,86,1102:request:300086,1102:batch:8,-1,False,endpoint-2:worker:0,0,668556,default,endpoint-2,1,completed,,6.424222469329834,0.0014376640319824219,300086,1,487,37,164,6.403118163347244,1785485272.414449,1785485278.8175666,1785485272.4144852,1785485278.8154805,1785485278.8174675,6.400995312258601,0.0019869208335876465
5,prefix_cache_routing_4ep_1.5b_hitrate,formal,1,1102,18.4 (Ubuntu 18.4-1.pgdg22.04+1),0.8.5,87,1102:request:300087,1102:batch:8,-1,False,endpoint-3:worker:0,0,668555,default,endpoint-3,1,completed,,5.560297966003418,0.0012104511260986328,300087,1,766,272,180,5.551648020744324,1785485272.416546,1785485277.9681938,1785485272.4165752,1785485277.9662435,1785485277.9680603,5.549668161198497,0.0018165316432714462
5,prefix_cache_routing_4ep_1.5b_hitrate,formal,1,1102,18.4 (Ubuntu 18.4-1.pgdg22.04+1),0.8.5,88,1102:request:300088,1102:batch:8,-1,False,endpoint-0:worker:0,0,668553,default,endpoint-0,0,completed,,6.4768898487091064,0.0012593269348144531,300088,1,271,13,158,6.439582780003548,1785485272.4187412,1785485278.858324,1785485272.4187686,1785485278.8567235,1785485278.858113,6.437955508008599,0.0013889670372009277
5,prefix_cache_routing_4ep_1.5b_hitrate,formal,1,1102,18.4 (Ubuntu 18.4-1.pgdg22.04+1),0.8.5,89,1102:request:300089,1102:batch:8,-1,False,endpoint-1:worker:0,0,668554,default,endpoint-1,0,completed,,6.572971820831299,0.0012149810791015625,300089,1,279,16,164,6.562461204826832,1785485272.4212432,1785485278.983704,1785485272.4212713,1785485278.9801779,1785485278.9836285,6.558906516060233,0.0034506507217884064
5,prefix_cache_routing_4ep_1.5b_hitrate,formal,1,1102,18.4 (Ubuntu 18.4-1.pgdg22.04+1),0.8.5,90,1102:request:300090,1102:batch:8,-1,False,endpoint-2:worker:0,0,668556,default,endpoint-2,1,completed,,4.170478343963623,0.0016238689422607422,300090,1,320,129,111,4.167525062337518,1785485272.4238307,1785485276.5913553,1785485272.4238777,1785485276.590694,1785485276.5912344,4.166816677898169,0.0005402620881795883
5,prefix_cache_routing_4ep_1.5b_hitrate,formal,1,1102,18.4 (Ubuntu 18.4-1.pgdg22.04+1),0.8.5,91,1102:request:300091,1102:batch:8,-1,False,endpoint-3:worker:0,0,668555,default,endpoint-3,1,completed,,3.117368221282959,0.0016891956329345703,300091,1,433,236,92,3.1136379037052393,1785485272.426182,1785485275.5398202,1785485272.4262202,1785485275.538191,1785485275.5394845,3.1119719073176384,0.0012926273047924042
5,prefix_cache_routing_4ep_1.5b_hitrate,formal,1,1102,18.4 (Ubuntu 18.4-1.pgdg22.04+1),0.8.5,92,1102:request:300092,1102:batch:8,-1,False,endpoint-0:worker:0,0,668553,default,endpoint-0,0,completed,,5.351918458938599,0.0038521289825439453,300092,1,801,437,172,5.34663431160152,1785485272.4316022,1785485277.778236,1785485272.4316404,1785485277.7774515,1785485277.77799,5.345811115577817,0.0005385149270296097
5,prefix_cache_routing_4ep_1.5b_hitrate,formal,1,1102,18.4 (Ubuntu 18.4-1.pgdg22.04+1),0.8.5,93,1102:request:300093,1102:batch:8,-1,False,endpoint-1:worker:0,0,668554,default,endpoint-1,0,completed,,5.20699405670166,0.0013775825500488281,300093,1,953,574,159,5.203912179917097,1785485272.433459,1785485277.637371,1785485272.4334881,1785485277.6358159,1785485277.637028,5.202328290790319,0.0012120436877012253
5,prefix_cache_routing_4ep_1.5b_hitrate,formal,1,1102,18.4 (Ubuntu 18.4-1.pgdg22.04+1),0.8.5,94,1102:request:300094,1102:batch:8,-1,False,endpoint-2:worker:0,0,668556,default,endpoint-2,1,completed,,3.216432571411133,0.001331329345703125,300094,1,1069,758,81,3.212844343855977,1785485272.4370599,1785485275.6499038,1785485272.4371002,1785485275.6482904,1785485275.6493149,3.211191112175584,0.0010236576199531555
5,prefix_cache_routing_4ep_1.5b_hitrate,formal,1,1102,18.4 (Ubuntu 18.4-1.pgdg22.04+1),0.8.5,95,1102:request:300095,1102:batch:9,-1,False,endpoint-3:worker:0,0,668555,default,endpoint-3,1,completed,,5.5364603996276855,0.001155853271484375,300095,1,272,13,207,5.530236719176173,1785485272.438998,1785485277.9692345,1785485272.4390266,1785485277.96676,1785485277.9691696,5.527733312919736,0.002409709617495537
5,prefix_cache_routing_4ep_1.5b_hitrate,formal,1,1102,18.4 (Ubuntu 18.4-1.pgdg22.04+1),0.8.5,96,1102:request:300096,1102:batch:9,-1,False,endpoint-0:worker:0,0,668553,default,endpoint-0,0,completed,,4.903523683547974,0.0013146400451660156,300096,1,440,198,147,4.899470681324601,1785485272.4420898,1785485277.3415601,1785485272.4421322,1785485277.340029,1785485277.3413708,4.8978982120752335,0.001340409740805626
5,prefix_cache_routing_4ep_1.5b_hitrate,formal,1,1102,18.4 (Ubuntu 18.4-1.pgdg22.04+1),0.8.5,97,1102:request:300097,1102:batch:9,-1,False,endpoint-1:worker:0,0,668554,default,endpoint-1,0,completed,,5.3798744678497314,0.0011572837829589844,300097,1,713,386,171,5.376510655507445,1785485272.444553,1785485277.821064,1785485272.4445834,1785485277.8192968,1785485277.8206391,5.374713933095336,0.001342378556728363
5,prefix_cache_routing_4ep_1.5b_hitrate,formal,1,1102,18.4 (Ubuntu 18.4-1.pgdg22.04+1),0.8.5,98,1102:request:300098,1102:batch:9,-1,False,endpoint-2:worker:0,0,668556,default,endpoint-2,1,completed,,5.7723753452301025,0.0014209747314453125,300098,1,1007,619,175,5.768773449584842,1785485272.4469197,1785485278.215693,1785485272.4469643,1785485278.2141783,1785485278.2151237,5.767214609310031,0.0009450316429138184
5,prefix_cache_routing_4ep_1.5b_hitrate,formal,1,1102,18.4 (Ubuntu 18.4-1.pgdg22.04+1),0.8.5,99,1102:request:300099,1102:batch:9,-1,False,endpoint-3:worker:0,0,668555,default,endpoint-3,1,completed,,3.554072618484497,0.0012505054473876953,300099,1,1267,868,128,3.5458409022539854,1785485272.4488635,1785485275.9947042,1785485272.4488924,1785485275.9928312,1785485275.9941375,3.54393969476223,0.0013056471943855286
5,prefix_cache_routing_4ep_1.5b_hitrate,formal,1,1102,18.4 (Ubuntu 18.4-1.pgdg22.04+1),0.8.5,100,1102:request:300100,1102:batch:9,-1,False,endpoint-0:worker:0,0,668553,default,endpoint-0,0,completed,,6.4765305519104,0.0014047622680664062,300100,1,294,24,171,6.416517456993461,1785485272.4511437,1785485278.8676608,1785485272.4511821,1785485278.8614683,1785485278.8675797,6.410286299884319,0.006111323833465576
5,prefix_cache_routing_4ep_1.5b_hitrate,formal,1,1102,18.4 (Ubuntu 18.4-1.pgdg22.04+1),0.8.5,101,1102:request:300101,1102:batch:9,-1,False,endpoint-1:worker:0,0,668554,default,endpoint-1,0,completed,,6.554954528808594,0.0014219284057617188,300101,1,906,330,119,6.533630149438977,1785485272.4533467,1785485278.9869769,1785485272.4533758,1785485278.9818347,1785485278.986851,6.52845904417336,0.0050164274871349335
5,prefix_cache_routing_4ep_1.5b_hitrate,formal,1,1102,18.4 (Ubuntu 18.4-1.pgdg22.04+1),0.8.5,102,1102:request:300102,1102:batch:9,-1,False,endpoint-2:worker:0,0,668556,default,endpoint-2,1,completed,,3.8770647048950195,0.0015761852264404297,300102,1,149,9,113,3.8733808156102896,1785485272.4556823,1785485276.3290627,1785485272.455727,1785485276.327896,1785485276.3289595,3.8721697349101305,0.0010625440627336502
5,prefix_cache_routing_4ep_1.5b_hitrate,formal,1,1102,18.4 (Ubuntu 18.4-1.pgdg22.04+1),0.8.5,103,1102:request:300103,1102:batch:9,-1,False,endpoint-3:worker:0,0,668555,default,endpoint-3,1,completed,,3.898818016052246,0.001394510269165039,300103,1,192,16,142,3.8952357918024063,1785485272.4585118,1785485276.353748,1785485272.4585395,1785485276.3523917,1785485276.353492,3.8938528932631016,0.0010999199002981186
5,prefix_cache_routing_4ep_1.5b_hitrate,formal,1,1102,18.4 (Ubuntu 18.4-1.pgdg22.04+1),0.8.5,104,1102:request:300104,1102:batch:9,-1,False,endpoint-0:worker:0,0,668553,default,endpoint-0,0,completed,,6.416395425796509,0.0014765262603759766,300104,1,435,157,211,6.401842268183827,1785485272.4607449,1785485278.862587,1785485272.4607854,1785485278.8589122,1785485278.8624501,6.398126883432269,0.0035377535969018936
5,prefix_cache_routing_4ep_1.5b_hitrate,formal,1,1102,18.4 (Ubuntu 18.4-1.pgdg22.04+1),0.8.5,105,1102:request:300105,1102:batch:9,-1,False,endpoint-1:worker:0,0,668554,default,endpoint-1,0,completed,,4.963950872421265,0.0012738704681396484,300105,1,539,297,167,4.959545020014048,1785485272.4627695,1785485277.4223144,1785485272.4627986,1785485277.421641,1785485277.4221582,4.958842912688851,0.0005168858915567398
5,prefix_cache_routing_4ep_1.5b_hitrate,formal,1,1102,18.4 (Ubuntu 18.4-1.pgdg22.04+1),0.8.5,106,1102:request:300106,1102:batch:9,-1,False,endpoint-2:worker:0,0,668556,default,endpoint-2,1,completed,,6.355999708175659,0.0017511844635009766,300106,1,282,23,151,6.348463715985417,1785485272.4662137,1785485278.814677,1785485272.4662695,1785485278.8142262,1785485278.8145838,6.347956709563732,0.000357557088136673
5,prefix_cache_routing_4ep_1.5b_hitrate,formal,1,1102,18.4 (Ubuntu 18.4-1.pgdg22.04+1),0.8.5,107,1102:request:300107,1102:batch:9,-1,False,endpoint-3:worker:0,0,668555,default,endpoint-3,1,completed,,5.507024049758911,0.0013263225555419922,300107,1,268,11,219,5.500794829800725,1785485272.4679124,1785485277.968707,1785485272.4679406,1785485277.9665086,1785485277.968637,5.498567666858435,0.002128409221768379
5,prefix_cache_routing_4ep_1.5b_hitrate,formal,1,1102,18.4 (Ubuntu 18.4-1.pgdg22.04+1),0.8.5,108,1102:request:300108,1102:batch:9,-1,False,endpoint-0:worker:0,0,668553,default,endpoint-0,0,completed,,5.094743490219116,0.0014348030090332031,300108,1,398,161,170,5.091078208759427,1785485272.470368,1785485277.5614467,1785485272.4704068,1785485277.5597262,1785485277.5611036,5.089320756494999,0.0013766922056674957
5,prefix_cache_routing_4ep_1.5b_hitrate,formal,1,1102,18.4 (Ubuntu 18.4-1.pgdg22.04+1),0.8.5,109,1102:request:300109,1102:batch:9,-1,False,endpoint-1:worker:0,0,668554,default,endpoint-1,0,completed,,6.537701606750488,0.0012812614440917969,300109,1,705,389,214,6.513150552287698,1785485272.4731984,1785485278.9863486,1785485272.4732273,1785485278.9815788,1785485278.9862328,6.508351434022188,0.004654088988900185
5,prefix_cache_routing_4ep_1.5b_hitrate,formal,1,1102,18.4 (Ubuntu 18.4-1.pgdg22.04+1),0.8.5,110,1102:request:300110,1102:batch:10,-1,False,endpoint-2:worker:0,0,668556,default,endpoint-2,1,completed,,3.9284276962280273,0.0015442371368408203,300110,1,861,628,121,3.919694419950247,1785485272.475812,1785485276.3955061,1785485272.4758677,1785485276.393917,1785485276.3950014,3.918050017207861,0.0010836794972419739
5,prefix_cache_routing_4ep_1.5b_hitrate,formal,1,1102,18.4 (Ubuntu 18.4-1.pgdg22.04+1),0.8.5,111,1102:request:300111,1102:batch:10,-1,False,endpoint-3:worker:0,0,668555,default,endpoint-3,1,completed,,4.358483552932739,0.0014119148254394531,300111,1,1193,844,170,4.355642884969711,1785485272.4781318,1785485276.8337748,1785485272.4781623,1785485276.8319323,1785485276.8331401,4.353770708665252,0.0012075472623109818
5,prefix_cache_routing_4ep_1.5b_hitrate,formal,1,1102,18.4 (Ubuntu 18.4-1.pgdg22.04+1),0.8.5,112,1102:request:300112,1102:batch:10,-1,False,endpoint-0:worker:0,0,668553,default,endpoint-0,0,completed,,6.465026617050171,0.001584768295288086,300112,1,669,358,215,6.458285432308912,1785485272.4805288,1785485278.9388142,1785485272.4805682,1785485278.9377928,1785485278.938606,6.457224804908037,0.000813191756606102
5,prefix_cache_routing_4ep_1.5b_hitrate,formal,1,1102,18.4 (Ubuntu 18.4-1.pgdg22.04+1),0.8.5,113,1102:request:300113,1102:batch:10,-1,False,endpoint-1:worker:0,0,668554,default,endpoint-1,0,completed,,5.718698501586914,0.0013017654418945312,300113,1,1004,660,199,5.716217339038849,1785485272.4824083,1785485278.1986253,1785485272.4824364,1785485278.1979246,1785485278.1984189,5.715488540008664,0.0004941709339618683
5,prefix_cache_routing_4ep_1.5b_hitrate,formal,1,1102,18.4 (Ubuntu 18.4-1.pgdg22.04+1),0.8.5,114,1102:request:300114,1102:batch:10,-1,False,endpoint-2:worker:0,0,668556,default,endpoint-2,1,completed,,6.3643858432769775,0.0016145706176757812,300114,1,1283,877,224,6.3321236073970795,1785485272.485068,1785485278.8171911,1785485272.4851248,1785485278.8152144,1785485278.8169913,6.330089615657926,0.0017767604440450668
5,prefix_cache_routing_4ep_1.5b_hitrate,formal,1,1102,18.4 (Ubuntu 18.4-1.pgdg22.04+1),0.8.5,115,1102:request:300115,1102:batch:10,-1,False,endpoint-3:worker:0,0,668555,default,endpoint-3,1,completed,,5.486627578735352,0.0014047622680664062,300115,1,391,119,187,5.478730818256736,1785485272.4869325,1785485277.965663,1785485272.486961,1785485277.9640663,1785485277.9655185,5.4771062806248665,0.0014516711235046387
5,prefix_cache_routing_4ep_1.5b_hitrate,formal,1,1102,18.4 (Ubuntu 18.4-1.pgdg22.04+1),0.8.5,116,1102:request:300116,1102:batch:10,-1,False,endpoint-0:worker:0,0,668553,default,endpoint-0,0,completed,,5.217527866363525,0.0014123916625976562,300116,1,613,337,180,5.213799390941858,1785485272.4898083,1785485277.7036076,1785485272.489852,1785485277.7019856,1785485277.7033558,5.212134758010507,0.0013693645596504211
5,prefix_cache_routing_4ep_1.5b_hitrate,formal,1,1102,18.4 (Ubuntu 18.4-1.pgdg22.04+1),0.8.5,117,1102:request:300117,1102:batch:10,-1,False,endpoint-1:worker:0,0,668554,default,endpoint-1,0,completed,,6.515615463256836,0.001230001449584961,300117,1,798,463,226,6.4974188432097435,1785485272.4917505,1785485278.989169,1785485272.4917815,1785485278.982535,1785485278.9890175,6.490753509104252,0.006482800468802452
5,prefix_cache_routing_4ep_1.5b_hitrate,formal,1,1102,18.4 (Ubuntu 18.4-1.pgdg22.04+1),0.8.5,118,1102:request:300118,1102:batch:10,-1,False,endpoint-2:worker:0,0,668556,default,endpoint-2,1,completed,,2.4571950435638428,0.0015163421630859375,300118,1,707,562,45,2.4529867377132177,1785485272.4949334,1785485274.9479194,1785485272.4949796,1785485274.9467413,1785485274.9476893,2.4517642315477133,0.0009453967213630676
5,prefix_cache_routing_4ep_1.5b_hitrate,formal,1,1102,18.4 (Ubuntu 18.4-1.pgdg22.04+1),0.8.5,119,1102:request:300119,1102:batch:10,-1,False,endpoint-3:worker:0,0,668555,default,endpoint-3,1,completed,,5.479489803314209,0.001283884048461914,300119,1,439,104,145,5.470855586230755,1785485272.4967644,1785485277.9676197,1785485272.4967923,1785485277.9659572,1785485277.9675064,5.469164850190282,0.0015491917729377747
5,prefix_cache_routing_4ep_1.5b_hitrate,formal,1,1102,18.4 (Ubuntu 18.4-1.pgdg22.04+1),0.8.5,120,1102:request:300120,1102:batch:10,-1,False,endpoint-0:worker:0,0,668553,default,endpoint-0,0,completed,,2.94356369972229,0.0013828277587890625,300120,1,345,171,69,2.9400218445807695,1785485272.4991806,1785485275.4392028,1785485272.4992201,1785485275.4377055,1785485275.4388866,2.9384864158928394,0.0011804644018411636
5,prefix_cache_routing_4ep_1.5b_hitrate,formal,1,1102,18.4 (Ubuntu 18.4-1.pgdg22.04+1),0.8.5,121,1102:request:300121,1102:batch:10,-1,False,endpoint-1:worker:0,0,668554,default,endpoint-1,0,completed,,6.499449968338013,0.0012221336364746094,300121,1,556,199,158,6.4823019821196795,1785485272.5018914,1785485278.984193,1785485272.501921,1785485278.9805458,1785485278.9840937,6.478624854236841,0.0035478081554174423
5,prefix_cache_routing_4ep_1.5b_hitrate,formal,1,1102,18.4 (Ubuntu 18.4-1.pgdg22.04+1),0.8.5,122,1102:request:300122,1102:batch:10,-1,False,endpoint-2:worker:0,0,668556,default,endpoint-2,1,completed,,6.475185394287109,0.0015110969543457031,300122,1,267,8,177,6.448120269924402,1785485272.5042908,1785485278.9524107,1785485272.504334,1785485278.9486012,1785485278.95235,6.444267213344574,0.0037486031651496887
5,prefix_cache_routing_4ep_1.5b_hitrate,formal,1,1102,18.4 (Ubuntu 18.4-1.pgdg22.04+1),0.8.5,123,1102:request:300123,1102:batch:11,-1,False,endpoint-3:worker:0,0,668555,default,endpoint-3,1,completed,,5.741782903671265,0.0011982917785644531,300123,1,676,311,191,5.735849995166063,1785485272.507022,1785485278.2428715,1785485272.5070503,1785485278.239371,1785485278.2427678,5.732320722192526,0.003396887332201004
5,prefix_cache_routing_4ep_1.5b_hitrate,formal,1,1102,18.4 (Ubuntu 18.4-1.pgdg22.04+1),0.8.5,124,1102:request:300124,1102:batch:11,-1,False,endpoint-0:worker:0,0,668553,default,endpoint-0,0,completed,,6.47222900390625,0.00152587890625,300124,1,266,9,107,6.431179262697697,1785485272.509592,1785485278.940771,1785485272.50963,1785485278.9391656,1785485278.940679,6.429535744711757,0.001513531431555748
5,prefix_cache_routing_4ep_1.5b_hitrate,formal,1,1102,18.4 (Ubuntu 18.4-1.pgdg22.04+1),0.8.5,125,1102:request:300125,1102:batch:11,-1,False,endpoint-1:worker:0,0,668554,default,endpoint-1,0,completed,,3.788025379180908,0.0013511180877685547,300125,1,224,52,71,3.7845502234995365,1785485272.5120113,1785485276.2965617,1785485272.5120425,1785485276.2949834,1785485276.2963002,3.782942531630397,0.0013156384229660034
5,prefix_cache_routing_4ep_1.5b_hitrate,formal,1,1102,18.4 (Ubuntu 18.4-1.pgdg22.04+1),0.8.5,126,1102:request:300126,1102:batch:11,-1,False,endpoint-2:worker:0,0,668556,default,endpoint-2,1,completed,,6.457026481628418,0.0015244483947753906,300126,1,454,116,212,6.437682151794434,1785485272.5142806,1785485278.9519618,1785485272.5143256,1785485278.9483755,1785485278.9518785,6.434049807488918,0.0035031791776418686
5,prefix_cache_routing_4ep_1.5b_hitrate,formal,1,1102,18.4 (Ubuntu 18.4-1.pgdg22.04+1),0.8.5,127,1102:request:300127,1102:batch:11,-1,False,endpoint-3:worker:0,0,668555,default,endpoint-3,1,completed,,4.652615785598755,0.0012404918670654297,300127,1,757,386,185,4.647959362715483,1785485272.5164728,1785485277.1644323,1785485272.5165012,1785485277.162659,1785485277.163958,4.646158205345273,0.0012987162917852402
5,prefix_cache_routing_4ep_1.5b_hitrate,formal,1,1102,18.4 (Ubuntu 18.4-1.pgdg22.04+1),0.8.5,128,1102:request:300128,1102:batch:11,-1,False,endpoint-0:worker:0,0,668553,default,endpoint-0,0,completed,,6.432368040084839,0.0014009475708007812,300128,1,1101,632,164,6.422974657267332,1785485272.5187047,1785485278.9416788,1785485272.5187452,1785485278.9395308,1785485278.9414475,6.420785730704665,0.001916494220495224
5,prefix_cache_routing_4ep_1.5b_hitrate,formal,1,1102,18.4 (Ubuntu 18.4-1.pgdg22.04+1),0.8.5,129,1102:request:300129,1102:batch:11,-1,False,endpoint-1:worker:0,0,668554,default,endpoint-1,0,completed,,6.149142742156982,0.0012509822845458984,300129,1,1224,725,169,6.145472336560488,1785485272.5207958,1785485278.6662679,1785485272.5208256,1785485278.6655164,1785485278.6660583,6.144691312685609,0.00054144486784935
5,prefix_cache_routing_4ep_1.5b_hitrate,formal,1,1102,18.4 (Ubuntu 18.4-1.pgdg22.04+1),0.8.5,130,1102:request:300130,1102:batch:11,-1,False,endpoint-2:worker:0,0,668556,default,endpoint-2,1,completed,,6.443880319595337,0.001529693603515625,300130,1,272,15,102,6.425254890695214,1785485272.5244298,1785485278.9496841,1785485272.524474,1785485278.9471245,1785485278.9496148,6.422650672495365,0.0024903882294893265
5,prefix_cache_routing_4ep_1.5b_hitrate,formal,1,1102,18.4 (Ubuntu 18.4-1.pgdg22.04+1),0.8.5,131,1102:request:300131,1102:batch:11,-1,False,endpoint-3:worker:0,0,668555,default,endpoint-3,1,completed,,4.207908868789673,0.0012807846069335938,300131,1,396,101,158,4.204383369535208,1785485272.5264213,1785485276.7308047,1785485272.5264485,1785485276.7291725,1785485276.7304742,4.202725423499942,0.0013008564710617065
5,prefix_cache_routing_4ep_1.5b_hitrate,formal,1,1102,18.4 (Ubuntu 18.4-1.pgdg22.04+1),0.8.5,132,1102:request:300132,1102:batch:11,-1,False,endpoint-0:worker:0,0,668553,default,endpoint-0,0,completed,,6.4267754554748535,0.0014660358428955078,300132,1,624,185,82,6.413204295560718,1785485272.529313,1785485278.942517,1785485272.529352,1785485278.93988,1785485278.942373,6.410527851432562,0.00249314121901989
5,prefix_cache_routing_4ep_1.5b_hitrate,formal,1,1102,18.4 (Ubuntu 18.4-1.pgdg22.04+1),0.8.5,133,1102:request:300133,1102:batch:11,-1,False,endpoint-1:worker:0,0,668554,default,endpoint-1,0,completed,,6.484635591506958,0.0012946128845214844,300133,1,938,331,125,6.459644377231598,1785485272.531332,1785485278.990976,1785485272.5313609,1785485278.9897137,1785485278.9908152,6.458352904766798,0.0011014845222234726
5,prefix_cache_routing_4ep_1.5b_hitrate,formal,1,1102,18.4 (Ubuntu 18.4-1.pgdg22.04+1),0.8.5,134,1102:request:300134,1102:batch:11,-1,False,endpoint-2:worker:0,0,668556,default,endpoint-2,1,completed,,3.8953373432159424,0.0017812252044677734,300134,1,189,35,104,3.8913876451551914,1785485272.5347357,1785485276.4261234,1785485272.5347936,1785485276.4247475,1785485276.4258614,3.889953847974539,0.0011138692498207092
5,prefix_cache_routing_4ep_1.5b_hitrate,formal,1,1102,18.4 (Ubuntu 18.4-1.pgdg22.04+1),0.8.5,135,1102:request:300135,1102:batch:11,-1,False,endpoint-3:worker:0,0,668555,default,endpoint-3,1,completed,,1.83720064163208,0.0013575553894042969,300135,1,66,22,31,1.8331851586699486,1785485272.5365458,1785485274.3697312,1785485272.5365734,1785485274.3687959,1785485274.3696125,1.8322241473942995,0.0008149649947881699
5,prefix_cache_routing_4ep_1.5b_hitrate,formal,1,1102,18.4 (Ubuntu 18.4-1.pgdg22.04+1),0.8.5,136,1102:request:300136,1102:batch:11,-1,False,endpoint-0:worker:0,0,668553,default,endpoint-0,0,completed,,2.626569986343384,0.0014181137084960938,300136,1,148,68,54,2.623603293672204,1785485272.5398147,1785485275.1634178,1785485272.5398471,1785485275.1626418,1785485275.1632817,2.622795196250081,0.0006395280361175537
5,prefix_cache_routing_4ep_1.5b_hitrate,formal,1,1102,18.4 (Ubuntu 18.4-1.pgdg22.04+1),0.8.5,137,1102:request:300137,1102:batch:11,-1,False,endpoint-1:worker:0,0,668554,default,endpoint-1,0,completed,,2.6367597579956055,0.0013651847839355469,300137,1,194,107,47,2.6342672929167747,1785485272.5427463,1785485275.1770134,1785485272.542777,1785485275.1763093,1785485275.1768868,2.6335325688123703,0.0005769897252321243
5,prefix_cache_routing_4ep_1.5b_hitrate,formal,1,1102,18.4 (Ubuntu 18.4-1.pgdg22.04+1),0.8.5,138,1102:request:300138,1102:batch:11,-1,False,endpoint-2:worker:0,0,668556,default,endpoint-2,1,completed,,4.3094117641448975,0.001505136489868164,300138,1,361,152,142,4.294957187026739,1785485272.5452905,1785485276.8402479,1785485272.545335,1785485276.8385122,1785485276.8399332,4.293177707120776,0.0014206916093826294
5,prefix_cache_routing_4ep_1.5b_hitrate,formal,1,1102,18.4 (Ubuntu 18.4-1.pgdg22.04+1),0.8.5,139,1102:request:300139,1102:batch:11,-1,False,endpoint-3:worker:0,0,668555,default,endpoint-3,1,completed,,2.602809190750122,0.0013804435729980469,300139,1,126,26,80,2.5973721109330654,1785485272.5474036,1785485275.1447756,1785485272.547433,1785485275.1442544,1785485275.1447034,2.596821567043662,0.0004490464925765991
5,prefix_cache_routing_4ep_1.5b_hitrate,formal,1,1102,18.4 (Ubuntu 18.4-1.pgdg22.04+1),0.8.5,140,1102:request:300140,1102:batch:11,-1,False,endpoint-0:worker:0,0,668553,default,endpoint-0,0,completed,,6.6407997608184814,0.0015819072723388672,300140,1,352,83,204,6.630182569846511,1785485272.5514836,1785485279.181666,1785485272.5515256,1785485279.1776886,1785485279.1815457,6.626162825152278,0.003857223317027092
5,prefix_cache_routing_4ep_1.5b_hitrate,formal,1,1102,18.4 (Ubuntu 18.4-1.pgdg22.04+1),0.8.5,141,1102:request:300141,1102:batch:11,-1,False,endpoint-1:worker:0,0,668554,default,endpoint-1,0,completed,,6.444074630737305,0.001310586929321289,300141,1,640,317,212,6.438125710934401,1785485272.5536213,1785485278.9917467,1785485272.553649,1785485278.9900086,1785485278.9916337,6.4363594725728035,0.0016251001507043839
5,prefix_cache_routing_4ep_1.5b_hitrate,formal,1,1102,18.4 (Ubuntu 18.4-1.pgdg22.04+1),0.8.5,142,1102:request:300142,1102:batch:12,-1,False,endpoint-2:worker:0,0,668556,default,endpoint-2,1,completed,,6.410251140594482,0.0017597675323486328,300142,1,797,447,215,6.3928883243352175,1785485272.5576127,1785485278.9505,1785485272.557672,1785485278.947647,1785485278.950357,6.3899746015667915,0.002709910273551941
5,prefix_cache_routing_4ep_1.5b_hitrate,formal,1,1102,18.4 (Ubuntu 18.4-1.pgdg22.04+1),0.8.5,143,1102:request:300143,1102:batch:12,-1,False,endpoint-3:worker:0,0,668555,default,endpoint-3,1,completed,,2.7252769470214844,0.0016341209411621094,300143,1,794,567,90,2.7222707215696573,1785485272.5604203,1785485275.2826912,1785485272.5604491,1785485275.2811239,1785485275.2822096,2.7206752598285675,0.001085599884390831
5,prefix_cache_routing_4ep_1.5b_hitrate,formal,1,1102,18.4 (Ubuntu 18.4-1.pgdg22.04+1),0.8.5,144,1102:request:300144,1102:batch:12,-1,False,endpoint-0:worker:0,0,668553,default,endpoint-0,0,completed,,3.0655136108398438,0.001430511474609375,300144,1,939,694,71,3.0613545533269644,1785485272.5626574,1785485275.6240118,1785485272.5626917,1785485275.6224132,1785485275.6236796,3.059722939506173,0.0012657009065151215
5,prefix_cache_routing_4ep_1.5b_hitrate,formal,1,1102,18.4 (Ubuntu 18.4-1.pgdg22.04+1),0.8.5,145,1102:request:300145,1102:batch:12,-1,False,endpoint-1:worker:0,0,668554,default,endpoint-1,0,completed,,4.422133207321167,0.0014843940734863281,300145,1,1177,834,139,4.418967189267278,1785485272.5656486,1785485276.9846156,1785485272.5656817,1785485276.9834113,1785485276.984192,4.41772990860045,0.0007805470377206802
5,prefix_cache_routing_4ep_1.5b_hitrate,formal,1,1102,18.4 (Ubuntu 18.4-1.pgdg22.04+1),0.8.5,146,1102:request:300146,1102:batch:12,-1,False,endpoint-2:worker:0,0,668556,default,endpoint-2,1,completed,,6.392990350723267,0.0016460418701171875,300146,1,1428,964,199,6.3776312507689,1785485272.568717,1785485278.946348,1785485272.5687673,1785485278.945278,1785485278.9459572,6.3765109702944756,0.0006787870079278946
5,prefix_cache_routing_4ep_1.5b_hitrate,formal,1,1102,18.4 (Ubuntu 18.4-1.pgdg22.04+1),0.8.5,147,1102:request:300147,1102:batch:12,-1,False,endpoint-3:worker:0,0,668555,default,endpoint-3,1,completed,,5.6794822216033936,0.001383066177368164,300147,1,429,136,154,5.671673869714141,1785485272.5705867,1785485278.2422602,1785485272.5706148,1785485278.239131,1785485278.2421772,5.668516060337424,0.0030462034046649933
5,prefix_cache_routing_4ep_1.5b_hitrate,formal,1,1102,18.4 (Ubuntu 18.4-1.pgdg22.04+1),0.8.5,148,1102:request:300148,1102:batch:12,-1,False,endpoint-0:worker:0,0,668553,default,endpoint-0,0,completed,,6.712762832641602,0.0014650821685791016,300148,1,683,313,213,6.606717061251402,1785485272.5733051,1785485279.1800218,1785485272.573338,1785485279.1770422,1785485279.1798384,6.603704150766134,0.002796316519379616
5,prefix_cache_routing_4ep_1.5b_hitrate,formal,1,1102,18.4 (Ubuntu 18.4-1.pgdg22.04+1),0.8.5,149,1102:request:300149,1102:batch:12,-1,False,endpoint-1:worker:0,0,668554,default,endpoint-1,0,completed,,3.4215657711029053,0.001271963119506836,300149,1,838,577,87,3.4180878065526485,1785485272.5755434,1785485275.9936311,1785485272.575577,1785485275.9919605,1785485275.993065,3.4163840543478727,0.001104520633816719
5,prefix_cache_routing_4ep_1.5b_hitrate,formal,1,1102,18.4 (Ubuntu 18.4-1.pgdg22.04+1),0.8.5,150,1102:request:300150,1102:batch:12,-1,False,endpoint-2:worker:0,0,668556,default,endpoint-2,1,completed,,6.39022421836853,0.0015437602996826172,300150,1,1245,783,165,6.372240208089352,1785485272.578768,1785485278.9510078,1785485272.5788155,1785485278.9478903,1785485278.9508195,6.3690747898072,0.0029293932020664215
5,prefix_cache_routing_4ep_1.5b_hitrate,formal,1,1102,18.4 (Ubuntu 18.4-1.pgdg22.04+1),0.8.5,151,1102:request:300151,1102:batch:13,-1,False,endpoint-3:worker:0,0,668555,default,endpoint-3,1,completed,,5.673933506011963,0.0012891292572021484,300151,1,1440,946,202,5.659676184877753,1785485272.5807307,1785485278.2404065,1785485272.5807593,1785485278.23833,1785485278.2401445,5.657570399343967,0.001814601942896843
5,prefix_cache_routing_4ep_1.5b_hitrate,formal,1,1102,18.4 (Ubuntu 18.4-1.pgdg22.04+1),0.8.5,152,1102:request:300152,1102:batch:13,-1,False,endpoint-0:worker:0,0,668553,default,endpoint-0,0,completed,,3.5762956142425537,0.001752614974975586,300152,1,738,454,102,3.5731684006750584,1785485272.5841367,1785485276.1573052,1785485272.5841722,1785485276.1561382,1785485276.1569576,3.5719660837203264,0.0008193440735340118
5,prefix_cache_routing_4ep_1.5b_hitrate,formal,1,1102,18.4 (Ubuntu 18.4-1.pgdg22.04+1),0.8.5,153,1102:request:300153,1102:batch:13,-1,False,endpoint-1:worker:0,0,668554,default,endpoint-1,0,completed,,6.677980422973633,0.002945423126220703,300153,1,984,540,168,6.585789384320378,1785485272.589087,1785485279.1748762,1785485272.5891173,1785485279.1706939,1785485279.174724,6.581576682627201,0.004030143842101097
5,prefix_cache_routing_4ep_1.5b_hitrate,formal,1,1102,18.4 (Ubuntu 18.4-1.pgdg22.04+1),0.8.5,154,1102:request:300154,1102:batch:13,-1,False,endpoint-2:worker:0,0,668556,default,endpoint-2,1,completed,,6.380281925201416,0.0013136863708496094,300154,1,1073,611,186,6.355926183983684,1785485272.5934157,1785485278.9493415,1785485272.5934534,1785485278.9467611,1785485278.949165,6.353308105841279,0.0024037472903728485
5,prefix_cache_routing_4ep_1.5b_hitrate,formal,1,1102,18.4 (Ubuntu 18.4-1.pgdg22.04+1),0.8.5,155,1102:request:300155,1102:batch:13,-1,False,endpoint-3:worker:0,0,668555,default,endpoint-3,1,completed,,5.67078971862793,0.0013377666473388672,300155,1,1647,1044,173,5.645884916186333,1785485272.5958073,1785485278.2416918,1785485272.59584,1785485278.2388854,1785485278.241451,5.643045507371426,0.0025657396763563156
5,prefix_cache_routing_4ep_1.5b_hitrate,formal,1,1102,18.4 (Ubuntu 18.4-1.pgdg22.04+1),0.8.5,156,1102:request:300156,1102:batch:13,-1,False,endpoint-0:worker:0,0,668553,default,endpoint-0,0,completed,,6.7055134773254395,0.0014400482177734375,300156,1,371,94,207,6.581202145665884,1785485272.5996292,1785485279.180831,1785485272.5996642,1785485279.1773696,1785485279.1807146,6.577705405652523,0.0033449213951826096
5,prefix_cache_routing_4ep_1.5b_hitrate,formal,1,1102,18.4 (Ubuntu 18.4-1.pgdg22.04+1),0.8.5,157,1102:request:300157,1102:batch:13,-1,False,endpoint-1:worker:0,0,668554,default,endpoint-1,0,completed,,6.581050157546997,0.0015110969543457031,300157,1,762,421,195,6.567366346716881,1785485272.6022027,1785485279.1695688,1785485272.6022403,1785485279.1680207,1785485279.1693604,6.5657810140401125,0.0013389624655246735
5,prefix_cache_routing_4ep_1.5b_hitrate,formal,1,1102,18.4 (Ubuntu 18.4-1.pgdg22.04+1),0.8.5,158,1102:request:300158,1102:batch:13,-1,False,endpoint-2:worker:0,0,668556,default,endpoint-2,1,completed,,6.378143072128296,0.0013804435729980469,300158,1,1115,694,191,6.347326539456844,1785485272.604188,1785485278.9515138,1785485272.6042247,1785485278.9481359,1785485278.951347,6.3439111318439245,0.0032112915068864822
5,prefix_cache_routing_4ep_1.5b_hitrate,formal,1,1102,18.4 (Ubuntu 18.4-1.pgdg22.04+1),0.8.5,159,1102:request:300159,1102:batch:14,-1,False,endpoint-3:worker:0,0,668555,default,endpoint-3,1,completed,,4.854906320571899,0.0013554096221923828,300159,1,1398,908,204,4.8512650690972805,1785485272.6063085,1785485277.457574,1785485272.6063411,1785485277.4553256,1785485277.456799,4.848985372111201,0.0014727525413036346
5,prefix_cache_routing_4ep_1.5b_hitrate,formal,1,1102,18.4 (Ubuntu 18.4-1.pgdg22.04+1),0.8.5,160,1102:request:300160,1102:batch:14,-1,False,endpoint-0:worker:0,0,668553,default,endpoint-0,0,completed,,6.783951759338379,0.0014264583587646484,300160,1,1501,984,201,6.5741063337773085,1785485272.6086154,1785485279.1827216,1785485272.6086528,1785485279.1779814,1785485279.182403,6.569328643381596,0.004421612247824669
5,prefix_cache_routing_4ep_1.5b_hitrate,formal,1,1102,18.4 (Ubuntu 18.4-1.pgdg22.04+1),0.8.5,161,1102:request:300161,1102:batch:14,-1,False,endpoint-1:worker:0,0,668554,default,endpoint-1,0,completed,,5.190423011779785,0.0015892982482910156,300161,1,524,262,168,5.187316879630089,1785485272.6111295,1785485277.7984464,1785485272.6111586,1785485277.7975311,1785485277.7982612,5.186373166739941,0.0007295999675989151
5,prefix_cache_routing_4ep_1.5b_hitrate,formal,1,1102,18.4 (Ubuntu 18.4-1.pgdg22.04+1),0.8.5,162,1102:request:300162,1102:batch:14,-1,False,endpoint-2:worker:0,0,668556,default,endpoint-2,1,completed,,6.3629772663116455,0.002248525619506836,300162,1,809,458,214,6.3387586157768965,1785485272.6141899,1785485278.9529474,1785485272.6142797,1785485278.9488256,1785485278.9528227,6.3345454800873995,0.003997310996055603
5,prefix_cache_routing_4ep_1.5b_hitrate,formal,1,1102,18.4 (Ubuntu 18.4-1.pgdg22.04+1),0.8.5,163,1102:request:300163,1102:batch:14,-1,False,endpoint-3:worker:0,0,668555,default,endpoint-3,1,completed,,5.630571126937866,0.001445770263671875,300163,1,272,14,205,5.621586091816425,1785485272.6164327,1785485278.2380183,1785485272.6164603,1785485278.2361546,1785485278.2378914,5.619695173576474,0.0017357971519231796
5,prefix_cache_routing_4ep_1.5b_hitrate,formal,1,1102,18.4 (Ubuntu 18.4-1.pgdg22.04+1),0.8.5,164,1102:request:300164,1102:batch:14,-1,False,endpoint-0:worker:0,0,668553,default,endpoint-0,0,completed,,6.621125936508179,0.0014679431915283203,300164,1,673,233,170,6.556599847972393,1785485272.619461,1785485279.1760612,1785485272.6194975,1785485279.1734617,1785485279.17561,6.55396537669003,0.0021477900445461273
5,prefix_cache_routing_4ep_1.5b_hitrate,formal,1,1102,18.4 (Ubuntu 18.4-1.pgdg22.04+1),0.8.5,165,1102:request:300165,1102:batch:14,-1,False,endpoint-1:worker:0,0,668554,default,endpoint-1,0,completed,,6.57030987739563,0.001631021499633789,300165,1,1097,515,153,6.55086974799633,1785485272.6227136,1785485279.1735828,1785485272.622755,1785485279.1701703,1785485279.1733916,6.547415303066373,0.003221280872821808
5,prefix_cache_routing_4ep_1.5b_hitrate,formal,1,1102,18.4 (Ubuntu 18.4-1.pgdg22.04+1),0.8.5,166,1102:request:300166,1102:batch:14,-1,False,endpoint-2:worker:0,0,668556,default,endpoint-2,1,completed,,2.927309513092041,0.0014219284057617188,300166,1,227,112,62,2.924326751381159,1785485272.6247168,1785485275.5490437,1785485272.6247494,1785485275.5483627,1785485275.5489006,2.923614101484418,0.0005372501909732819
5,prefix_cache_routing_4ep_1.5b_hitrate,formal,1,1102,18.4 (Ubuntu 18.4-1.pgdg22.04+1),0.8.5,167,1102:request:300167,1102:batch:14,-1,False,endpoint-3:worker:0,0,668555,default,endpoint-3,1,completed,,2.377713441848755,0.0013418197631835938,300167,1,314,186,79,2.3738245517015457,1785485272.6269178,1785485275.0007427,1785485272.6269479,1785485274.9992201,1785485275.0004098,2.372273711487651,0.001188943162560463
5,prefix_cache_routing_4ep_1.5b_hitrate,formal,1,1102,18.4 (Ubuntu 18.4-1.pgdg22.04+1),0.8.5,168,1102:request:300168,1102:batch:14,-1,False,endpoint-0:worker:0,0,668553,default,endpoint-0,0,completed,,5.7757508754730225,0.0013461112976074219,300168,1,566,269,215,5.773014556616545,1785485272.6291127,1785485278.4021273,1785485272.6291454,1785485278.4003818,1785485278.4017386,5.771237142384052,0.0013565793633460999
5,prefix_cache_routing_4ep_1.5b_hitrate,formal,1,1102,18.4 (Ubuntu 18.4-1.pgdg22.04+1),0.8.5,169,1102:request:300169,1102:batch:14,-1,False,endpoint-1:worker:0,0,668554,default,endpoint-1,0,completed,,2.539457321166992,0.0014064311981201172,300169,1,442,325,50,2.5323798153549433,1785485272.6313322,1785485275.163712,1785485272.631361,1785485275.1621914,1785485275.1633205,2.5308317188173532,0.001128150150179863
5,prefix_cache_routing_4ep_1.5b_hitrate,formal,1,1102,18.4 (Ubuntu 18.4-1.pgdg22.04+1),0.8.5,170,1102:request:300170,1102:batch:14,-1,False,endpoint-2:worker:0,0,668556,default,endpoint-2,1,completed,,4.9741294384002686,0.0012836456298828125,300170,1,657,378,144,4.971045915037394,1785485272.6338763,1785485277.604922,1785485272.633908,1785485277.6034625,1785485277.604602,4.9695552829653025,0.0011389199644327164
5,prefix_cache_routing_4ep_1.5b_hitrate,formal,1,1102,18.4 (Ubuntu 18.4-1.pgdg22.04+1),0.8.5,171,1102:request:300171,1102:batch:15,-1,False,endpoint-3:worker:0,0,668555,default,endpoint-3,1,completed,,5.0289905071258545,0.0013239383697509766,300171,1,257,4,195,5.020247405394912,1785485272.6368673,1785485277.6571145,1785485272.636895,1785485277.6546504,1785485277.6568205,5.017756320536137,0.002169279381632805
5,prefix_cache_routing_4ep_1.5b_hitrate,formal,1,1102,18.4 (Ubuntu 18.4-1.pgdg22.04+1),0.8.5,172,1102:request:300172,1102:batch:15,-1,False,endpoint-0:worker:0,0,668553,default,endpoint-0,0,completed,,6.6663830280303955,0.0013523101806640625,300172,1,273,16,201,6.539926957339048,1785485272.6392272,1785485279.179154,1785485272.639259,1785485279.176688,1785485279.1790457,6.537428697571158,0.002357620745897293
5,prefix_cache_routing_4ep_1.5b_hitrate,formal,1,1102,18.4 (Ubuntu 18.4-1.pgdg22.04+1),0.8.5,173,1102:request:300173,1102:batch:15,-1,False,endpoint-1:worker:0,0,668554,default,endpoint-1,0,completed,,6.664033651351929,0.001470804214477539,300173,1,410,105,185,6.530659044161439,1785485272.6422222,1785485279.172881,1785485272.6422539,1785485279.169881,1785485279.172771,6.52762733027339,0.002889983355998993
5,prefix_cache_routing_4ep_1.5b_hitrate,formal,1,1102,18.4 (Ubuntu 18.4-1.pgdg22.04+1),0.8.5,174,1102:request:300174,1102:batch:15,-1,False,endpoint-2:worker:0,0,668556,default,endpoint-2,1,completed,,6.333614826202393,0.0013594627380371094,300174,1,429,118,170,6.305017579346895,1785485272.64504,1785485278.9500573,1785485272.64507,1785485278.9473999,1785485278.9499717,6.302329568192363,0.0025718025863170624
5,prefix_cache_routing_4ep_1.5b_hitrate,formal,1,1102,18.4 (Ubuntu 18.4-1.pgdg22.04+1),0.8.5,175,1102:request:300175,1102:batch:15,-1,False,endpoint-3:worker:0,0,668555,default,endpoint-3,1,completed,,5.623302221298218,0.0012536048889160156,300175,1,581,213,200,5.593797156587243,1785485272.6471863,1785485278.2409828,1785485272.647215,1785485278.2386243,1785485278.2408764,5.59140944853425,0.0022522173821926117
5,prefix_cache_routing_4ep_1.5b_hitrate,formal,1,1102,18.4 (Ubuntu 18.4-1.pgdg22.04+1),0.8.5,176,1102:request:300176,1102:batch:15,-1,False,endpoint-0:worker:0,0,668553,default,endpoint-0,0,completed,,6.658621311187744,0.0015430450439453125,300176,1,609,233,184,6.532968217507005,1785485272.650694,1785485279.183662,1785485272.6507325,1785485279.1782708,1785485279.1835222,6.527537949383259,0.005251545459032059
5,prefix_cache_routing_4ep_1.5b_hitrate,formal,1,1102,18.4 (Ubuntu 18.4-1.pgdg22.04+1),0.8.5,177,1102:request:300177,1102:batch:15,-1,False,endpoint-1:worker:0,0,668554,default,endpoint-1,0,completed,,1.7795300483703613,0.0015180110931396484,300177,1,521,337,7,1.775163747370243,1785485272.6533234,1785485274.428487,1785485272.6533527,1785485274.4271235,1785485274.428299,1.7737731579691172,0.0011733975261449814
5,prefix_cache_routing_4ep_1.5b_hitrate,formal,1,1102,18.4 (Ubuntu 18.4-1.pgdg22.04+1),0.8.5,178,1102:request:300178,1102:batch:15,-1,False,endpoint-2:worker:0,0,668556,default,endpoint-2,1,completed,,6.408483982086182,0.0013692378997802734,300178,1,301,30,205,6.3870364259928465,1785485272.655712,1785485279.0427482,1785485272.6557481,1785485279.037916,1785485279.042669,6.382167829200625,0.004753246903419495
5,prefix_cache_routing_4ep_1.5b_hitrate,formal,1,1102,18.4 (Ubuntu 18.4-1.pgdg22.04+1),0.8.5,179,1102:request:300179,1102:batch:15,-1,False,endpoint-3:worker:0,0,668555,default,endpoint-3,1,completed,,5.595324754714966,0.00138092041015625,300179,1,585,254,161,5.584793595597148,1785485272.6587203,1785485278.2435136,1785485272.6587481,1785485278.239618,1785485278.2434125,5.5808697789907455,0.0037943534553050995
5,prefix_cache_routing_4ep_1.5b_hitrate,formal,1,1102,18.4 (Ubuntu 18.4-1.pgdg22.04+1),0.8.5,180,1102:request:300180,1102:batch:15,-1,False,endpoint-0:worker:0,0,668553,default,endpoint-0,0,completed,,6.761007070541382,0.0014963150024414062,300180,1,851,422,154,6.6396316681057215,1785485272.6613114,1785485279.300943,1785485272.6613457,1785485279.2933967,1785485279.3007653,6.632050732150674,0.0073686633259058
5,prefix_cache_routing_4ep_1.5b_hitrate,formal,1,1102,18.4 (Ubuntu 18.4-1.pgdg22.04+1),0.8.5,181,1102:request:300181,1102:batch:15,-1,False,endpoint-1:worker:0,0,668554,default,endpoint-1,0,completed,,6.6394946575164795,0.0014700889587402344,300181,1,1138,599,139,6.513449240475893,1785485272.663649,1785485279.177098,1785485272.6636796,1785485279.1714213,1785485279.176915,6.507741633802652,0.005493752658367157
5,prefix_cache_routing_4ep_1.5b_hitrate,formal,1,1102,18.4 (Ubuntu 18.4-1.pgdg22.04+1),0.8.5,182,1102:request:300182,1102:batch:15,-1,False,endpoint-2:worker:0,0,668556,default,endpoint-2,1,completed,,6.389521598815918,0.0014336109161376953,300182,1,680,355,193,6.374049045145512,1785485272.666591,1785485279.0406396,1785485272.6666286,1785485279.0368702,1785485279.0405085,6.370241649448872,0.0036380328238010406
5,prefix_cache_routing_4ep_1.5b_hitrate,formal,1,1102,18.4 (Ubuntu 18.4-1.pgdg22.04+1),0.8.5,183,1102:request:300183,1102:batch:15,-1,False,endpoint-3:worker:0,0,668555,default,endpoint-3,1,completed,,5.762183427810669,0.0012371540069580078,300183,1,1110,713,194,5.7481092400848866,1785485272.6687288,1785485278.4168377,1785485272.6687586,1785485278.4125245,1785485278.4166696,5.743766104802489,0.004145074635744095
5,prefix_cache_routing_4ep_1.5b_hitrate,formal,1,1102,18.4 (Ubuntu 18.4-1.pgdg22.04+1),0.8.5,184,1102:request:300184,1102:batch:15,-1,False,endpoint-0:worker:0,0,668553,default,endpoint-0,0,completed,,6.751666069030762,0.11849308013916016,300184,1,1313,882,168,6.503342445939779,1785485272.7883499,1785485279.2916923,1785485272.7883992,1785485279.2884238,1785485279.2908702,6.500025387853384,0.0024460572749376297
5,prefix_cache_routing_4ep_1.5b_hitrate,formal,1,1102,18.4 (Ubuntu 18.4-1.pgdg22.04+1),0.8.5,185,1102:request:300185,1102:batch:15,-1,False,endpoint-1:worker:0,0,668554,default,endpoint-1,0,completed,,2.222926378250122,0.11569523811340332,300185,1,67,20,36,2.1043572518974543,1785485272.7878978,1785485274.892255,1785485272.7879624,1785485274.8910086,1785485274.8921385,2.1030468866229057,0.0011289939284324646
5,prefix_cache_routing_4ep_1.5b_hitrate,formal,1,1102,18.4 (Ubuntu 18.4-1.pgdg22.04+1),0.8.5,186,1102:request:300186,1102:batch:16,-1,False,endpoint-2:worker:0,0,668556,default,endpoint-2,1,completed,,6.390622854232788,0.11252355575561523,300186,1,953,572,211,6.253999885171652,1785485272.7877095,1785485279.0417085,1785485272.7877562,1785485279.0374367,1785485279.041559,6.24968022480607,0.004122396931052208
5,prefix_cache_routing_4ep_1.5b_hitrate,formal,1,1102,18.4 (Ubuntu 18.4-1.pgdg22.04+1),0.8.5,187,1102:request:300187,1102:batch:16,-1,False,endpoint-3:worker:0,0,668555,default,endpoint-3,1,completed,,5.7657482624053955,0.09172797203063965,300187,1,1270,825,201,5.645762387663126,1785485272.769155,1785485278.4149168,1785485272.76921,1785485278.4117637,1785485278.4146733,5.64255359582603,0.002909671515226364
5,prefix_cache_routing_4ep_1.5b_hitrate,formal,1,1102,18.4 (Ubuntu 18.4-1.pgdg22.04+1),0.8.5,188,1102:request:300188,1102:batch:16,-1,False,endpoint-0:worker:0,0,668553,default,endpoint-0,0,completed,,6.662405252456665,0.10938262939453125,300188,1,545,128,208,6.522824916988611,1785485272.7898567,1785485279.3126817,1785485272.789888,1785485279.296277,1785485279.312569,6.506388844922185,0.016291851177811623
5,prefix_cache_routing_4ep_1.5b_hitrate,formal,1,1102,18.4 (Ubuntu 18.4-1.pgdg22.04+1),0.8.5,189,1102:request:300189,1102:batch:16,-1,False,endpoint-1:worker:0,0,668554,default,endpoint-1,0,completed,,6.602438688278198,0.10679268836975098,300189,1,307,42,143,6.38448884896934,1785485272.7896986,1785485279.1741872,1785485272.78973,1785485279.1704388,1785485279.1741083,6.380708595737815,0.00366952084004879
5,prefix_cache_routing_4ep_1.5b_hitrate,formal,1,1102,18.4 (Ubuntu 18.4-1.pgdg22.04+1),0.8.5,190,1102:request:300190,1102:batch:16,-1,False,endpoint-2:worker:0,0,668556,default,endpoint-2,1,completed,,6.388763904571533,0.10378837585449219,300190,1,265,7,209,6.25015315040946,1785485272.7890835,1785485279.0392363,1785485272.7891116,1785485279.035863,1785485279.0391533,6.246751544997096,0.003290211781859398
5,prefix_cache_routing_4ep_1.5b_hitrate,formal,1,1102,18.4 (Ubuntu 18.4-1.pgdg22.04+1),0.8.5,191,1102:request:300191,1102:batch:16,-1,False,endpoint-3:worker:0,0,668555,default,endpoint-3,1,completed,,5.764793872833252,0.08254575729370117,300191,1,598,290,159,5.64700092934072,1785485272.7705088,1785485278.4175096,1785485272.770537,1785485278.412774,1785485278.4173865,5.64223724976182,0.004612302407622337
5,prefix_cache_routing_4ep_1.5b_hitrate,formal,1,1102,18.4 (Ubuntu 18.4-1.pgdg22.04+1),0.8.5,192,1102:request:300192,1102:batch:16,-1,False,endpoint-0:worker:0,0,668553,default,endpoint-0,0,completed,,6.628203392028809,0.10112214088439941,300192,1,911,507,182,6.51072103343904,1785485272.7913127,1785485279.3020334,1785485272.7913446,1785485279.2936876,1785485279.3018556,6.502343080937862,0.008167793974280357
5,prefix_cache_routing_4ep_1.5b_hitrate,formal,1,1102,18.4 (Ubuntu 18.4-1.pgdg22.04+1),0.8.5,193,1102:request:300193,1102:batch:16,-1,False,endpoint-1:worker:0,0,668554,default,endpoint-1,0,completed,,5.83538556098938,0.09358096122741699,300193,1,1396,892,195,5.740400144830346,1785485272.7863865,1785485278.5267856,1785485272.7864878,1785485278.5256877,1785485278.5264263,5.739200102165341,0.0007382091134786606
5,prefix_cache_routing_4ep_1.5b_hitrate,formal,1,1102,18.4 (Ubuntu 18.4-1.pgdg22.04+1),0.8.5,194,1102:request:300194,1102:batch:16,-1,False,endpoint-2:worker:0,0,668556,default,endpoint-2,1,completed,,2.5624992847442627,0.09517145156860352,300194,1,178,83,33,2.4661330822855234,1785485272.790379,1785485275.256512,1785485272.7904067,1785485275.2560234,1785485275.256402,2.4656174071133137,0.00037799589335918427
5,prefix_cache_routing_4ep_1.5b_hitrate,formal,1,1102,18.4 (Ubuntu 18.4-1.pgdg22.04+1),0.8.5,195,1102:request:300195,1102:batch:16,-1,False,endpoint-3:worker:0,0,668555,default,endpoint-3,1,completed,,4.4808361530303955,0.07366156578063965,300195,1,439,159,180,4.401817891746759,1785485272.771213,1785485277.1730309,1785485272.7712348,1785485277.1724677,1785485277.172921,4.4012329913675785,0.0004530046135187149
5,prefix_cache_routing_4ep_1.5b_hitrate,formal,1,1102,18.4 (Ubuntu 18.4-1.pgdg22.04+1),0.8.5,196,1102:request:300196,1102:batch:16,-1,False,endpoint-0:worker:0,0,668553,default,endpoint-0,0,completed,,6.687686920166016,0.09204912185668945,300196,1,604,252,183,6.513045025989413,1785485272.7922237,1785485279.3052688,1785485272.7922552,1785485279.2946053,1785485279.305141,6.502350065857172,0.010535713285207748
5,prefix_cache_routing_4ep_1.5b_hitrate,formal,1,1102,18.4 (Ubuntu 18.4-1.pgdg22.04+1),0.8.5,197,1102:request:300197,1102:batch:16,-1,False,endpoint-1:worker:0,0,668554,default,endpoint-1,0,completed,,6.4921040534973145,0.08961701393127441,300197,1,747,379,199,6.385914731770754,1785485272.791951,1785485279.1778655,1785485272.7919881,1785485279.171654,1785485279.1777277,6.379665596410632,0.0060736555606126785
5,prefix_cache_routing_4ep_1.5b_hitrate,formal,1,1102,18.4 (Ubuntu 18.4-1.pgdg22.04+1),0.8.5,198,1102:request:300198,1102:batch:16,-1,False,endpoint-2:worker:0,0,668556,default,endpoint-2,1,completed,,6.369642019271851,0.08620333671569824,300198,1,991,584,127,6.247147753834724,1785485272.7912836,1785485279.038431,1785485272.7913456,1785485279.035101,1785485279.0382493,6.24375538341701,0.003148220479488373
5,prefix_cache_routing_4ep_1.5b_hitrate,formal,1,1102,18.4 (Ubuntu 18.4-1.pgdg22.04+1),0.8.5,199,1102:request:300199,1102:batch:17,-1,False,endpoint-3:worker:0,0,668555,default,endpoint-3,1,completed,,2.5378577709198,0.06487917900085449,300199,1,952,676,81,2.470551934093237,1785485272.7723844,1785485275.2429366,1785485272.772413,1785485275.2411392,1785485275.2425044,2.46872765570879,0.001364283263683319
5,prefix_cache_routing_4ep_1.5b_hitrate,formal,1,1102,18.4 (Ubuntu 18.4-1.pgdg22.04+1),0.8.5,200,1102:request:300200,1102:batch:17,-1,False,endpoint-0:worker:0,0,668553,default,endpoint-0,0,completed,,6.660134315490723,0.08391928672790527,300200,1,664,332,173,6.51267309486866,1785485272.7937756,1785485279.3064487,1785485272.7938082,1785485279.2948864,1785485279.3062863,6.50107828900218,0.011399716138839722
5,prefix_cache_routing_4ep_1.5b_hitrate,formal,1,1102,18.4 (Ubuntu 18.4-1.pgdg22.04+1),0.8.5,201,1102:request:300201,1102:batch:17,-1,False,endpoint-1:worker:0,0,668554,default,endpoint-1,0,completed,,6.5242297649383545,0.08109927177429199,300201,1,813,467,205,6.383120832964778,1785485272.7931979,1785485279.1763184,1785485272.7932312,1785485279.1711752,1785485279.1761963,6.377943752333522,0.0050210412591695786
5,prefix_cache_routing_4ep_1.5b_hitrate,formal,1,1102,18.4 (Ubuntu 18.4-1.pgdg22.04+1),0.8.5,202,1102:request:300202,1102:batch:17,-1,False,endpoint-2:worker:0,0,668556,default,endpoint-2,1,completed,,6.344515800476074,0.07910776138305664,300202,1,1373,930,211,6.2464231718331575,1785485272.7933087,1785485279.0397317,1785485272.7933438,1785485279.0362046,1785485279.0395403,6.242860551923513,0.0033357441425323486
5,prefix_cache_routing_4ep_1.5b_hitrate,formal,1,1102,18.4 (Ubuntu 18.4-1.pgdg22.04+1),0.8.5,203,1102:request:300203,1102:batch:17,-1,False,endpoint-3:worker:0,0,668555,default,endpoint-3,1,completed,,5.723230361938477,0.05587053298950195,300203,1,628,295,173,5.642961775884032,1785485272.7731795,1785485278.4161415,1785485272.7732036,1785485278.4122772,1785485278.4160304,5.63907353207469,0.0037533342838287354
5,prefix_cache_routing_4ep_1.5b_hitrate,formal,1,1102,18.4 (Ubuntu 18.4-1.pgdg22.04+1),0.8.5,204,1102:request:300204,1102:batch:17,-1,False,endpoint-0:worker:0,0,668553,default,endpoint-0,0,completed,,6.650922775268555,0.07737612724304199,300204,1,809,455,181,6.516912147402763,1785485272.797143,1785485279.3140545,1785485272.7972112,1785485279.2965574,1785485279.3138819,6.499345887452364,0.01732466369867325
5,prefix_cache_routing_4ep_1.5b_hitrate,formal,1,1102,18.4 (Ubuntu 18.4-1.pgdg22.04+1),0.8.5,205,1102:request:300205,1102:batch:17,-1,False,endpoint-1:worker:0,0,668554,default,endpoint-1,0,completed,,6.465635538101196,0.07172274589538574,300205,1,1159,736,224,6.381557505577803,1785485272.794064,1785485279.1756217,1785485272.794095,1785485279.17094,1785485279.175447,6.376844774931669,0.0045071132481098175
5,prefix_cache_routing_4ep_1.5b_hitrate,formal,1,1102,18.4 (Ubuntu 18.4-1.pgdg22.04+1),0.8.5,206,1102:request:300206,1102:batch:17,-1,False,endpoint-2:worker:0,0,668556,default,endpoint-2,1,completed,,6.338857889175415,0.07118654251098633,300206,1,818,471,211,6.244318529963493,1785485272.7958512,1785485279.0401697,1785485272.795888,1785485279.0365357,1785485279.040048,6.24064813554287,0.0035117845982313156
5,prefix_cache_routing_4ep_1.5b_hitrate,formal,1,1102,18.4 (Ubuntu 18.4-1.pgdg22.04+1),0.8.5,207,1102:request:300207,1102:batch:18,-1,False,endpoint-3:worker:0,0,668555,default,endpoint-3,1,completed,,5.7052001953125,0.047271013259887695,300207,1,1308,880,207,5.6449514999985695,1785485272.7740853,1785485278.4190369,1785485272.774114,1785485278.413251,1785485278.418858,5.639137215912342,0.005607064813375473
5,prefix_cache_routing_4ep_1.5b_hitrate,formal,1,1102,18.4 (Ubuntu 18.4-1.pgdg22.04+1),0.8.5,208,1102:request:300208,1102:batch:18,-1,False,endpoint-0:worker:0,0,668553,default,endpoint-0,0,completed,,6.617037534713745,0.06966328620910645,300208,1,596,276,180,6.504365175962448,1785485272.798728,1785485279.303093,1785485272.798764,1785485279.2940037,1785485279.3029635,6.495239730924368,0.008959673345088959
5,prefix_cache_routing_4ep_1.5b_hitrate,formal,1,1102,18.4 (Ubuntu 18.4-1.pgdg22.04+1),0.8.5,209,1102:request:300209,1102:batch:18,-1,False,endpoint-1:worker:0,0,668554,default,endpoint-1,0,completed,,6.566522598266602,0.06467843055725098,300209,1,770,414,187,6.382459729909897,1785485272.7961812,1785485279.1786406,1785485272.7962172,1785485279.1718948,1785485279.1785164,6.375677807256579,0.0066215358674526215
5,prefix_cache_routing_4ep_1.5b_hitrate,formal,1,1102,18.4 (Ubuntu 18.4-1.pgdg22.04+1),0.8.5,210,1102:request:300210,1102:batch:18,-1,False,endpoint-2:worker:0,0,668556,default,endpoint-2,1,completed,,6.314537763595581,0.06308269500732422,300210,1,1286,830,207,6.244126416742802,1785485272.7970493,1785485279.0411756,1785485272.7970903,1785485279.0371845,1785485279.0410028,6.240094183012843,0.0038180164992809296
5,prefix_cache_routing_4ep_1.5b_hitrate,formal,1,1102,18.4 (Ubuntu 18.4-1.pgdg22.04+1),0.8.5,211,1102:request:300211,1102:batch:18,-1,False,endpoint-3:worker:0,0,668555,default,endpoint-3,1,completed,,5.71137547492981,0.03768754005432129,300211,1,259,2,173,5.636470319703221,1785485272.7744596,1785485278.4109304,1785485272.7744808,1785485278.408793,1785485278.4106486,5.634313238784671,0.001854998990893364
5,prefix_cache_routing_4ep_1.5b_hitrate,formal,1,1102,18.4 (Ubuntu 18.4-1.pgdg22.04+1),0.8.5,212,1102:request:300212,1102:batch:18,-1,False,endpoint-0:worker:0,0,668553,default,endpoint-0,0,completed,,6.603278398513794,0.06066417694091797,300212,1,326,61,185,6.504575882107019,1785485272.799579,1785485279.3041546,1785485272.799607,1785485279.294313,1785485279.304066,6.49470579624176,0.009753206744790077
5,prefix_cache_routing_4ep_1.5b_hitrate,formal,1,1102,18.4 (Ubuntu 18.4-1.pgdg22.04+1),0.8.5,213,1102:request:300213,1102:batch:18,-1,False,endpoint-1:worker:0,0,668554,default,endpoint-1,0,completed,,6.49848198890686,0.055268287658691406,300213,1,276,17,192,6.382752511650324,1785485272.796642,1785485279.1793942,1785485272.7966657,1785485279.172126,1785485279.179314,6.375460423529148,0.007187867537140846
5,prefix_cache_routing_4ep_1.5b_hitrate,formal,1,1102,18.4 (Ubuntu 18.4-1.pgdg22.04+1),0.8.5,214,1102:request:300214,1102:batch:18,-1,False,endpoint-2:worker:0,0,668556,default,endpoint-2,1,completed,,6.334498643875122,0.05343365669250488,300214,1,716,372,205,6.244279587641358,1785485272.797957,1785485279.042236,1785485272.7979922,1785485279.0376728,1785485279.0421195,6.239680293947458,0.00444665364921093
5,prefix_cache_routing_4ep_1.5b_hitrate,formal,1,1102,18.4 (Ubuntu 18.4-1.pgdg22.04+1),0.8.5,215,1102:request:300215,1102:batch:18,-1,False,endpoint-3:worker:0,0,668555,default,endpoint-3,1,completed,,3.4269485473632812,0.029172182083129883,300215,1,967,661,126,3.3959174640476704,1785485272.7759533,1785485276.171871,1785485272.775986,1785485276.17025,1785485276.1714044,3.394265143200755,0.001153603196144104
5,prefix_cache_routing_4ep_1.5b_hitrate,formal,1,1102,18.4 (Ubuntu 18.4-1.pgdg22.04+1),0.8.5,216,1102:request:300216,1102:batch:18,-1,False,endpoint-0:worker:0,0,668553,default,endpoint-0,0,completed,,6.627064228057861,0.0516359806060791,300216,1,1250,817,211,6.509482940658927,1785485272.8006854,1785485279.310168,1785485272.8007176,1785485279.2957373,1785485279.3099427,6.495019851252437,0.014205563813447952
5,prefix_cache_routing_4ep_1.5b_hitrate,formal,1,1102,18.4 (Ubuntu 18.4-1.pgdg22.04+1),0.8.5,217,1102:request:300217,1102:batch:19,-1,False,endpoint-1:worker:0,0,668554,default,endpoint-1,0,completed,,6.530717372894287,0.04556107521057129,300217,1,1523,1039,218,6.394966313615441,1785485272.7969828,1785485279.1919491,1785485272.797006,1785485279.1844525,1785485279.191731,6.387446708977222,0.0072784386575222015
5,prefix_cache_routing_4ep_1.5b_hitrate,formal,1,1102,18.4 (Ubuntu 18.4-1.pgdg22.04+1),0.8.5,218,1102:request:300218,1102:batch:19,-1,False,endpoint-2:worker:0,0,668556,default,endpoint-2,1,completed,,3.0638890266418457,0.045183420181274414,300218,1,117,7,91,3.0170970633625984,1785485272.799332,1785485275.8164291,1785485272.799373,1785485275.8156314,1785485275.8163028,3.0162592716515064,0.0006708689033985138
5,prefix_cache_routing_4ep_1.5b_hitrate,formal,1,1102,18.4 (Ubuntu 18.4-1.pgdg22.04+1),0.8.5,219,1102:request:300219,1102:batch:19,-1,False,endpoint-3:worker:0,0,668555,default,endpoint-3,1,completed,,5.696290493011475,0.017375469207763672,300219,1,331,46,37,5.6378596890717745,1785485272.7763433,1785485278.414203,1785485272.7763617,1785485278.4114673,1785485278.4140885,5.635105527937412,0.0026211217045783997
5,prefix_cache_routing_4ep_1.5b_hitrate,formal,1,1102,18.4 (Ubuntu 18.4-1.pgdg22.04+1),0.8.5,220,1102:request:300220,1102:batch:19,-1,False,endpoint-0:worker:0,0,668553,default,endpoint-0,0,completed,,6.558016538619995,0.038643836975097656,300220,1,691,153,49,6.506569631397724,1785485272.8010721,1785485279.3076417,1785485272.801095,1785485279.2951624,1785485279.3075109,6.4940676763653755,0.012348383665084839
5,prefix_cache_routing_4ep_1.5b_hitrate,formal,1,1102,18.4 (Ubuntu 18.4-1.pgdg22.04+1),0.8.5,221,1102:request:300221,1102:batch:19,-1,False,endpoint-1:worker:0,0,668554,default,endpoint-1,0,completed,,6.46361780166626,0.0336298942565918,300221,1,974,225,69,6.3974021803587675,1785485272.798687,1785485279.1960888,1785485272.798731,1785485279.1853924,1785485279.1959543,6.386661382392049,0.010561982169747353
5,prefix_cache_routing_4ep_1.5b_hitrate,formal,1,1102,18.4 (Ubuntu 18.4-1.pgdg22.04+1),0.8.5,222,1102:request:300222,1102:batch:19,-1,False,endpoint-2:worker:0,0,668556,default,endpoint-2,1,completed,,6.302465438842773,0.032119035720825195,300222,1,1168,317,83,6.239106323570013,1785485272.7997632,1785485279.0388696,1785485272.7997906,1785485279.0355053,1785485279.0387075,6.235714927315712,0.0032020490616559982
5,prefix_cache_routing_4ep_1.5b_hitrate,formal,1,1102,18.4 (Ubuntu 18.4-1.pgdg22.04+1),0.8.5,223,1102:request:300223,1102:batch:19,-1,False,endpoint-3:worker:0,0,668555,default,endpoint-3,1,completed,,5.678154230117798,0.00705718994140625,300223,1,1544,492,80,5.640510760247707,1785485272.7777574,1785485278.418268,1785485272.7777905,1785485278.4130197,1785485278.41808,5.635229235514998,0.005060363560914993
5,prefix_cache_routing_4ep_1.5b_hitrate,formal,1,1102,18.4 (Ubuntu 18.4-1.pgdg22.04+1),0.8.5,224,1102:request:300224,1102:batch:19,-1,False,endpoint-0:worker:0,0,668553,default,endpoint-0,0,completed,,6.544370412826538,0.028454065322875977,300224,1,260,3,205,6.509472087025642,1785485272.8019319,1785485279.3114038,1785485272.801955,1785485279.2960055,1785485279.3113198,6.494050474837422,0.015314240008592606
5,prefix_cache_routing_4ep_1.5b_hitrate,formal,1,1102,18.4 (Ubuntu 18.4-1.pgdg22.04+1),0.8.5,225,1102:request:300225,1102:batch:19,-1,False,endpoint-1:worker:0,0,668554,default,endpoint-1,0,completed,,6.429088115692139,0.023000001907348633,300225,1,481,189,203,6.3989794217050076,1785485272.7993336,1785485279.198313,1785485272.799361,1785485279.1858313,1785485279.1982212,6.3864703718572855,0.012389939278364182
5,prefix_cache_routing_4ep_1.5b_hitrate,formal,1,1102,18.4 (Ubuntu 18.4-1.pgdg22.04+1),0.8.5,226,1102:request:300226,1102:batch:19,-1,False,endpoint-2:worker:0,0,668556,default,endpoint-2,1,completed,,5.67315673828125,0.021289825439453125,300226,1,733,410,202,5.639934025704861,1785485272.8001378,1785485278.4400725,1785485272.8001637,1785485278.4385068,1785485278.4396076,5.638343991711736,0.0011001471430063248
5,prefix_cache_routing_4ep_1.5b_hitrate,formal,1,1102,18.4 (Ubuntu 18.4-1.pgdg22.04+1),0.8.5,227,1102:request:300227,1102:batch:19,-1,False,endpoint-3:worker:0,0,668555,default,endpoint-3,1,completed,,5.674570798873901,0.0015320777893066406,300227,1,278,16,201,5.636806534603238,1785485272.7829216,1785485278.4197268,1785485272.7830455,1785485278.413492,1785485278.4196618,5.630445994436741,0.006169956177473068
5,prefix_cache_routing_4ep_1.5b_hitrate,formal,1,1102,18.4 (Ubuntu 18.4-1.pgdg22.04+1),0.8.5,228,1102:request:300228,1102:batch:20,-1,False,endpoint-0:worker:0,0,668553,default,endpoint-0,0,completed,,6.548419713973999,0.019015789031982422,300228,1,622,289,210,6.496895091608167,1785485272.8029783,1785485279.2998736,1785485272.8030071,1785485279.2930937,1785485279.2997274,6.490086443722248,0.00663362629711628
5,prefix_cache_routing_4ep_1.5b_hitrate,formal,1,1102,18.4 (Ubuntu 18.4-1.pgdg22.04+1),0.8.5,229,1102:request:300229,1102:batch:20,-1,False,endpoint-1:worker:0,0,668554,default,endpoint-1,0,completed,,4.608400821685791,0.012288808822631836,300229,1,889,557,150,4.593927577137947,1785485272.7997196,1785485277.3936474,1785485272.7997506,1785485277.391957,1785485277.3933327,4.592207474634051,0.001375066116452217
5,prefix_cache_routing_4ep_1.5b_hitrate,formal,1,1102,18.4 (Ubuntu 18.4-1.pgdg22.04+1),0.8.5,230,1102:request:300230,1102:batch:20,-1,False,endpoint-2:worker:0,0,668556,default,endpoint-2,1,completed,,5.373809576034546,0.011724472045898438,300230,1,1226,789,177,5.359684629365802,1785485272.801684,1785485278.1613688,1785485272.8017418,1785485278.1598895,1785485278.160734,5.358148228377104,0.0008441563695669174
5,prefix_cache_routing_4ep_1.5b_hitrate,formal,1,1102,18.4 (Ubuntu 18.4-1.pgdg22.04+1),0.8.5,231,1102:request:300231,1102:batch:20,-1,False,endpoint-3:worker:0,0,668555,default,endpoint-3,1,completed,,5.646653652191162,0.0018918514251708984,300231,1,644,329,200,5.62045949138701,1785485272.7950737,1785485278.4155328,1785485272.795128,1785485278.4120257,1785485278.415412,5.616897558793426,0.0033862199634313583
5,prefix_cache_routing_4ep_1.5b_hitrate,formal,1,1102,18.4 (Ubuntu 18.4-1.pgdg22.04+1),0.8.5,232,1102:request:300232,1102:batch:20,-1,False,endpoint-0:worker:0,0,668553,default,endpoint-0,0,completed,,6.519724607467651,0.008496284484863281,300232,1,1094,704,203,6.49444966763258,1785485272.804412,1785485279.2988613,1785485272.8044474,1785485279.292775,1785485279.2986407,6.488327227532864,0.005865687504410744
5,prefix_cache_routing_4ep_1.5b_hitrate,formal,1,1102,18.4 (Ubuntu 18.4-1.pgdg22.04+1),0.8.5,233,1102:request:300233,1102:batch:20,-1,False,endpoint-1:worker:0,0,668554,default,endpoint-1,0,completed,,6.461338520050049,0.00454401969909668,300233,1,279,22,142,6.385148132219911,1785485272.803711,1785485279.188859,1785485272.8037531,1785485279.1837327,1785485279.188783,6.379979334771633,0.005050109699368477
5,prefix_cache_routing_4ep_1.5b_hitrate,formal,1,1102,18.4 (Ubuntu 18.4-1.pgdg22.04+1),0.8.5,234,1102:request:300234,1102:batch:20,-1,False,endpoint-2:worker:0,0,668556,default,endpoint-2,1,completed,,6.242387533187866,0.0044269561767578125,300234,1,551,208,168,6.227976283058524,1785485272.80675,1785485279.0347261,1785485272.8067896,1785485279.0339947,1785485279.0345275,6.2272053975611925,0.0005325023084878922
5,prefix_cache_routing_4ep_1.5b_hitrate,formal,1,1102,18.4 (Ubuntu 18.4-1.pgdg22.04+1),0.8.5,235,1102:request:300235,1102:batch:20,-1,False,endpoint-3:worker:0,0,668555,default,endpoint-3,1,completed,,4.148880958557129,0.0016086101531982422,300235,1,225,11,166,4.144983420148492,1785485272.8071961,1785485276.9521794,1785485272.8072538,1785485276.9510229,1785485276.9520576,4.1437704507261515,0.0010333172976970673
5,prefix_cache_routing_4ep_1.5b_hitrate,formal,1,1102,18.4 (Ubuntu 18.4-1.pgdg22.04+1),0.8.5,236,1102:request:300236,1102:batch:20,-1,False,endpoint-0:worker:0,0,668553,default,endpoint-0,0,completed,,3.0917654037475586,0.00130462646484375,300236,1,360,210,95,3.0879006758332253,1785485272.8100111,1785485275.8979118,1785485272.8100426,1785485275.896533,1785485275.897752,3.086491957306862,0.0012176278978586197
5,prefix_cache_routing_4ep_1.5b_hitrate,formal,1,1102,18.4 (Ubuntu 18.4-1.pgdg22.04+1),0.8.5,237,1102:request:300237,1102:batch:20,-1,False,endpoint-1:worker:0,0,668554,default,endpoint-1,0,completed,,4.029314041137695,0.0014629364013671875,300237,1,640,397,137,4.025026774033904,1785485272.8132813,1785485276.8383079,1785485272.813316,1785485276.8376079,1785485276.8381257,4.024292068555951,0.0005177240818738937
5,prefix_cache_routing_4ep_1.5b_hitrate,formal,1,1102,18.4 (Ubuntu 18.4-1.pgdg22.04+1),0.8.5,238,1102:request:300238,1102:batch:20,-1,False,endpoint-2:worker:0,0,668556,default,endpoint-2,1,completed,,5.6594624519348145,0.0016629695892333984,300238,1,978,614,196,5.655626164749265,1785485272.8170936,1785485278.47272,1785485272.8171399,1785485278.4712508,1785485278.4721854,5.654111348092556,0.000934213399887085
5,prefix_cache_routing_4ep_1.5b_hitrate,formal,1,1102,18.4 (Ubuntu 18.4-1.pgdg22.04+1),0.8.5,239,1102:request:300239,1102:batch:21,-1,False,endpoint-3:worker:0,0,668555,default,endpoint-3,1,completed,,4.728724479675293,0.0017385482788085938,300239,1,1201,800,206,4.724425742402673,1785485272.8205838,1785485277.5450096,1785485272.8206182,1785485277.543821,1785485277.5446944,4.72320363484323,0.0008727889508008957
5,prefix_cache_routing_4ep_1.5b_hitrate,formal,1,1102,18.4 (Ubuntu 18.4-1.pgdg22.04+1),0.8.5,240,1102:request:300240,1102:batch:21,-1,False,endpoint-0:worker:0,0,668553,default,endpoint-0,0,completed,,6.55883264541626,0.0016379356384277344,300240,1,289,29,200,6.48498810082674,1785485272.823836,1785485279.308824,1785485272.823867,1785485279.29546,1785485279.3087206,6.471593052148819,0.013260379433631897
5,prefix_cache_routing_4ep_1.5b_hitrate,formal,1,1102,18.4 (Ubuntu 18.4-1.pgdg22.04+1),0.8.5,241,1102:request:300241,1102:batch:21,-1,False,endpoint-1:worker:0,0,668554,default,endpoint-1,0,completed,,5.527803421020508,0.0018792152404785156,300241,1,313,70,185,5.520591203123331,1785485272.827169,1785485278.3477592,1785485272.827244,1785485278.3471122,1785485278.3475773,5.5198680087924,0.0004651825875043869
5,prefix_cache_routing_4ep_1.5b_hitrate,formal,1,1102,18.4 (Ubuntu 18.4-1.pgdg22.04+1),0.8.5,242,1102:request:300242,1102:batch:21,-1,False,endpoint-2:worker:0,0,668556,default,endpoint-2,1,completed,,6.406020641326904,0.001987934112548828,300242,1,262,4,135,6.3624317944049835,1785485272.830931,1785485279.1933622,1785485272.8309667,1785485279.189259,1785485279.1933045,6.35829221829772,0.004045426845550537
5,prefix_cache_routing_4ep_1.5b_hitrate,formal,1,1102,18.4 (Ubuntu 18.4-1.pgdg22.04+1),0.8.5,243,1102:request:300243,1102:batch:21,-1,False,endpoint-3:worker:0,0,668555,default,endpoint-3,1,completed,,5.830808877944946,0.0022420883178710938,300243,1,467,105,109,5.812159126624465,1785485272.8351045,1785485278.6472635,1785485272.8351467,1785485278.6463227,1785485278.6471102,5.811176262795925,0.0007870830595493317
5,prefix_cache_routing_4ep_1.5b_hitrate,formal,1,1102,18.4 (Ubuntu 18.4-1.pgdg22.04+1),0.8.5,244,1102:request:300244,1102:batch:21,-1,False,endpoint-0:worker:0,0,668553,default,endpoint-0,0,completed,,6.542533874511719,0.0015172958374023438,300244,1,1057,509,217,6.4601233266294,1785485272.8376632,1785485279.2977865,1785485272.8376944,1785485279.2923965,1785485279.2975545,6.454702226445079,0.005157878622412682
5,prefix_cache_routing_4ep_1.5b_hitrate,formal,1,1102,18.4 (Ubuntu 18.4-1.pgdg22.04+1),0.8.5,245,1102:request:300245,1102:batch:21,-1,False,endpoint-1:worker:0,0,668554,default,endpoint-1,0,completed,,6.470560550689697,0.0013871192932128906,300245,1,1415,780,222,6.350168252363801,1785485272.840699,1785485279.190867,1785485272.8407404,1785485279.1842175,1785485279.190663,6.343476951122284,0.006445888429880142
5,prefix_cache_routing_4ep_1.5b_hitrate,formal,1,1102,18.4 (Ubuntu 18.4-1.pgdg22.04+1),0.8.5,246,1102:request:300246,1102:batch:21,-1,False,endpoint-2:worker:0,0,668556,default,endpoint-2,1,completed,,6.405718803405762,0.0017480850219726562,300246,1,939,365,136,6.342423301190138,1785485272.8445327,1785485279.1869557,1785485272.8445868,1785485279.1854348,1785485279.1865425,6.340848688036203,0.0011074580252170563
5,prefix_cache_routing_4ep_1.5b_hitrate,formal,1,1102,18.4 (Ubuntu 18.4-1.pgdg22.04+1),0.8.5,247,1102:request:300247,1102:batch:21,-1,False,endpoint-3:worker:0,0,668555,default,endpoint-3,1,completed,,5.816231966018677,0.002132892608642578,300247,1,265,8,150,5.801223248243332,1785485272.8482094,1785485278.6494322,1785485272.8482893,1785485278.64795,1785485278.649341,5.799660436809063,0.0013912785798311234
5,prefix_cache_routing_4ep_1.5b_hitrate,formal,1,1102,18.4 (Ubuntu 18.4-1.pgdg22.04+1),0.8.5,248,1102:request:300248,1102:batch:21,-1,False,endpoint-0:worker:0,0,668553,default,endpoint-0,0,completed,,6.6236252784729,0.0015709400177001953,300248,1,495,185,170,6.608944499865174,1785485272.851321,1785485279.4602654,1785485272.8513522,1785485279.4514737,1785485279.4601357,6.600121546536684,0.008661970496177673
5,prefix_cache_routing_4ep_1.5b_hitrate,formal,1,1102,18.4 (Ubuntu 18.4-1.pgdg22.04+1),0.8.5,249,1102:request:300249,1102:batch:21,-1,False,endpoint-1:worker:0,0,668554,default,endpoint-1,0,completed,,6.369867563247681,0.0018298625946044922,300249,1,279,20,184,6.333231473341584,1785485272.8547554,1785485279.1879864,1785485272.8548148,1785485279.1834815,1785485279.1878963,6.328666443005204,0.004415048286318779
5,prefix_cache_routing_4ep_1.5b_hitrate,formal,1,1102,18.4 (Ubuntu 18.4-1.pgdg22.04+1),0.8.5,250,1102:request:300250,1102:batch:21,-1,False,endpoint-2:worker:0,0,668556,default,endpoint-2,1,completed,,6.431689739227295,0.001911163330078125,300250,1,298,21,146,6.3349030893296,1785485272.858036,1785485279.1929386,1785485272.8580928,1785485279.1890292,1785485279.1928759,6.330936260521412,0.0038466677069664
5,prefix_cache_routing_4ep_1.5b_hitrate,formal,1,1102,18.4 (Ubuntu 18.4-1.pgdg22.04+1),0.8.5,251,1102:request:300251,1102:batch:21,-1,False,endpoint-3:worker:0,0,668555,default,endpoint-3,1,completed,,5.803838729858398,0.0015921592712402344,300251,1,498,106,140,5.787996344268322,1785485272.860754,1785485278.64875,1785485272.860797,1785485278.6476147,1785485278.648623,5.786817736923695,0.0010084789246320724
5,prefix_cache_routing_4ep_1.5b_hitrate,formal,1,1102,18.4 (Ubuntu 18.4-1.pgdg22.04+1),0.8.5,252,1102:request:300252,1102:batch:21,-1,False,endpoint-0:worker:0,0,668553,default,endpoint-0,0,completed,,2.244853973388672,0.0015072822570800781,300252,1,469,181,49,2.241133803501725,1785485272.8638983,1785485275.105032,1785485272.8639371,1785485275.104071,1785485275.1048844,2.2401360385119915,0.0008114445954561234
5,prefix_cache_routing_4ep_1.5b_hitrate,formal,1,1102,18.4 (Ubuntu 18.4-1.pgdg22.04+1),0.8.5,253,1102:request:300253,1102:batch:22,-1,False,endpoint-1:worker:0,0,668554,default,endpoint-1,0,completed,,6.336489915847778,0.00189208984375,300253,1,864,276,181,6.315408604219556,1785485272.8675473,1785485279.1829555,1785485272.8676069,1785485279.1819143,1785485279.182804,6.314307350665331,0.0008898843079805374
5,prefix_cache_routing_4ep_1.5b_hitrate,formal,1,1102,18.4 (Ubuntu 18.4-1.pgdg22.04+1),0.8.5,254,1102:request:300254,1102:batch:22,-1,False,endpoint-2:worker:0,0,668556,default,endpoint-2,1,completed,,6.419750928878784,0.0018510818481445312,300254,1,1023,400,187,6.320489825680852,1785485272.8705933,1785485279.1910827,1785485272.8706377,1785485279.188116,1785485279.1909435,6.3174783661961555,0.0028275977820158005
5,prefix_cache_routing_4ep_1.5b_hitrate,formal,1,1102,18.4 (Ubuntu 18.4-1.pgdg22.04+1),0.8.5,255,1102:request:300255,1102:batch:22,-1,False,endpoint-3:worker:0,0,668555,default,endpoint-3,1,completed,,6.321702003479004,0.0019252300262451172,300255,1,1202,497,225,6.3065798394382,1785485272.874002,1785485279.1805813,1785485272.8740587,1785485279.1792865,1785485279.1802921,6.305228499695659,0.0010046325623989105
5,prefix_cache_routing_4ep_1.5b_hitrate,formal,1,1102,18.4 (Ubuntu 18.4-1.pgdg22.04+1),0.8.5,256,1102:request:300256,1102:batch:22,-1,False,endpoint-0:worker:0,0,668553,default,endpoint-0,0,completed,,6.594131946563721,0.001615762710571289,300256,1,494,115,207,6.584941282868385,1785485272.8775887,1785485279.4625294,1785485272.8776362,1785485279.4520252,1785485279.4624283,6.574388802051544,0.010403413325548172
5,prefix_cache_routing_4ep_1.5b_hitrate,formal,1,1102,18.4 (Ubuntu 18.4-1.pgdg22.04+1),0.8.5,257,1102:request:300257,1102:batch:22,-1,False,endpoint-1:worker:0,0,668554,default,endpoint-1,0,completed,,6.358145475387573,0.0016987323760986328,300257,1,272,14,194,6.318596452474594,1785485272.880812,1785485279.1994078,1785485272.8808708,1785485279.186047,1785485279.1993375,6.305175734683871,0.013290699571371078
5,prefix_cache_routing_4ep_1.5b_hitrate,formal,1,1102,18.4 (Ubuntu 18.4-1.pgdg22.04+1),0.8.5,258,1102:request:300258,1102:batch:22,-1,False,endpoint-2:worker:0,0,668556,default,endpoint-2,1,completed,,5.759868621826172,0.0015034675598144531,300258,1,403,138,213,5.753629617393017,1785485272.8836935,1785485278.637323,1785485272.8837323,1785485278.6368027,1785485278.6372025,5.753070279955864,0.00039983727037906647
5,prefix_cache_routing_4ep_1.5b_hitrate,formal,1,1102,18.4 (Ubuntu 18.4-1.pgdg22.04+1),0.8.5,259,1102:request:300259,1102:batch:22,-1,False,endpoint-3:worker:0,0,668555,default,endpoint-3,1,completed,,2.7453694343566895,0.0031282901763916016,300259,1,427,274,99,2.738273985683918,1785485272.889759,1785485275.6280327,1785485272.889798,1785485275.6268454,1785485275.6278756,2.737048612907529,0.0010292641818523407
5,prefix_cache_routing_4ep_1.5b_hitrate,formal,1,1102,18.4 (Ubuntu 18.4-1.pgdg22.04+1),0.8.5,260,1102:request:300260,1102:batch:22,-1,False,endpoint-0:worker:0,0,668553,default,endpoint-0,0,completed,,6.572811841964722,0.001537322998046875,300260,1,672,357,220,6.555406367406249,1785485272.8935924,1785485279.4489987,1785485272.893629,1785485279.4471085,1785485279.4487908,6.553480111062527,0.0016815252602100372
5,prefix_cache_routing_4ep_1.5b_hitrate,formal,1,1102,18.4 (Ubuntu 18.4-1.pgdg22.04+1),0.8.5,261,1102:request:300261,1102:batch:22,-1,False,endpoint-1:worker:0,0,668554,default,endpoint-1,0,completed,,6.361533164978027,0.0014257431030273438,300261,1,887,547,211,6.292881101369858,1785485272.8969455,1785485279.189826,1785485272.896988,1785485279.1839788,1785485279.1896722,6.286990763619542,0.005693452432751656
5,prefix_cache_routing_4ep_1.5b_hitrate,formal,1,1102,18.4 (Ubuntu 18.4-1.pgdg22.04+1),0.8.5,262,1102:request:300262,1102:batch:22,-1,False,endpoint-2:worker:0,0,668556,default,endpoint-2,1,completed,,6.406729698181152,0.001466512680053711,300262,1,1254,846,143,6.291545877233148,1785485272.9000347,1785485279.19158,1785485272.9000714,1785485279.188351,1785485279.1913536,6.288279520347714,0.0030025169253349304
5,prefix_cache_routing_4ep_1.5b_hitrate,formal,1,1102,18.4 (Ubuntu 18.4-1.pgdg22.04+1),0.8.5,263,1102:request:300263,1102:batch:22,-1,False,endpoint-3:worker:0,0,668555,default,endpoint-3,1,completed,,7.4749369621276855,0.0016553401947021484,300263,1,789,200,121,7.471134280785918,1785485272.9035034,1785485280.3746374,1785485272.903552,1785485280.37294,1785485280.3744538,7.469388810917735,0.0015128087252378464
5,prefix_cache_routing_4ep_1.5b_hitrate,formal,1,1102,18.4 (Ubuntu 18.4-1.pgdg22.04+1),0.8.5,264,1102:request:300264,1102:batch:22,-1,False,endpoint-0:worker:0,0,668553,default,endpoint-0,0,completed,,6.578643798828125,0.0016999244689941406,300264,1,361,67,169,6.546240247786045,1785485272.906844,1785485279.4530838,1785485272.906894,1785485279.4493284,1785485279.4529605,6.542434222996235,0.0036321133375167847
5,prefix_cache_routing_4ep_1.5b_hitrate,formal,1,1102,18.4 (Ubuntu 18.4-1.pgdg22.04+1),0.8.5,265,1102:request:300265,1102:batch:22,-1,False,endpoint-1:worker:0,0,668554,default,endpoint-1,0,completed,,6.487585783004761,0.0020971298217773438,300265,1,269,11,220,6.281938038766384,1785485272.9109633,1785485279.192901,1785485272.9110196,1785485279.1846995,1785485279.1928341,6.273679880425334,0.0081343874335289
5,prefix_cache_routing_4ep_1.5b_hitrate,formal,1,1102,18.4 (Ubuntu 18.4-1.pgdg22.04+1),0.8.5,266,1102:request:300266,1102:batch:23,-1,False,endpoint-2:worker:0,0,668556,default,endpoint-2,1,completed,,6.4831085205078125,0.0021402835845947266,300266,1,547,243,220,6.275635551661253,1785485272.9147327,1785485279.1903677,1785485272.9147704,1785485279.1876202,1785485279.190263,6.272849729284644,0.002643004059791565
5,prefix_cache_routing_4ep_1.5b_hitrate,formal,1,1102,18.4 (Ubuntu 18.4-1.pgdg22.04+1),0.8.5,267,1102:request:300267,1102:batch:23,-1,False,endpoint-3:worker:0,0,668555,default,endpoint-3,1,completed,,8.520930528640747,0.0025877952575683594,300267,1,835,487,213,8.515766693279147,1785485272.9182055,1785485281.4339726,1785485272.9182472,1785485281.4319096,1785485281.43346,8.513663383200765,0.0015498902648687363
5,prefix_cache_routing_4ep_1.5b_hitrate,formal,1,1102,18.4 (Ubuntu 18.4-1.pgdg22.04+1),0.8.5,268,1102:request:300268,1102:batch:23,-1,False,endpoint-0:worker:0,0,668553,default,endpoint-0,0,completed,,6.557364463806152,0.0022552013397216797,300268,1,1089,703,166,6.537425456568599,1785485272.9207103,1785485279.4581354,1785485272.9207685,1785485279.450897,1785485279.4579399,6.530128160491586,0.007043212652206421
5,prefix_cache_routing_4ep_1.5b_hitrate,formal,1,1102,18.4 (Ubuntu 18.4-1.pgdg22.04+1),0.8.5,269,1102:request:300269,1102:batch:23,-1,False,endpoint-1:worker:0,0,668554,default,endpoint-1,0,completed,,6.281198501586914,0.0019502639770507812,300269,1,965,597,225,6.273578260093927,1785485272.9236438,1785485279.1972215,1785485272.923704,1785485279.1856108,1785485279.19707,6.261906586587429,0.011459259316325188
5,prefix_cache_routing_4ep_1.5b_hitrate,formal,1,1102,18.4 (Ubuntu 18.4-1.pgdg22.04+1),0.8.5,270,1102:request:300270,1102:batch:23,-1,False,endpoint-2:worker:0,0,668556,default,endpoint-2,1,completed,,6.346331357955933,0.0017027854919433594,300270,1,1294,865,209,6.265829008072615,1785485272.9267051,1785485279.192534,1785485272.926746,1785485279.1888094,1785485279.1923573,6.262063590809703,0.0035477951169013977
5,prefix_cache_routing_4ep_1.5b_hitrate,formal,1,1102,18.4 (Ubuntu 18.4-1.pgdg22.04+1),0.8.5,271,1102:request:300271,1102:batch:23,-1,False,endpoint-3:worker:0,0,668555,default,endpoint-3,1,completed,,8.06704592704773,0.002325296401977539,300271,1,503,178,173,8.04823586344719,1785485272.9298694,1785485280.9781046,1785485272.929938,1785485280.977496,1785485280.9779994,8.047557268291712,0.0005034189671278
5,prefix_cache_routing_4ep_1.5b_hitrate,formal,1,1102,18.4 (Ubuntu 18.4-1.pgdg22.04+1),0.8.5,272,1102:request:300272,1102:batch:23,-1,False,endpoint-0:worker:0,0,668553,default,endpoint-0,0,completed,,6.539362668991089,0.0018055438995361328,300272,1,887,455,211,6.522289521992207,1785485272.9317827,1785485279.4540718,1785485272.9318266,1785485279.449665,1785485279.4538944,6.517838204279542,0.004229366779327393
5,prefix_cache_routing_4ep_1.5b_hitrate,formal,1,1102,18.4 (Ubuntu 18.4-1.pgdg22.04+1),0.8.5,273,1102:request:300273,1102:batch:23,-1,False,endpoint-1:worker:0,0,668554,default,endpoint-1,0,completed,,6.329241037368774,0.0015223026275634766,300273,1,1252,760,211,6.261097790673375,1785485272.9338896,1785485279.1949868,1785485272.933955,1785485279.1851652,1785485279.1948123,6.251209817826748,0.009647402912378311
5,prefix_cache_routing_4ep_1.5b_hitrate,formal,1,1102,18.4 (Ubuntu 18.4-1.pgdg22.04+1),0.8.5,274,1102:request:300274,1102:batch:24,-1,False,endpoint-2:worker:0,0,668556,default,endpoint-2,1,completed,,4.738269329071045,0.0016570091247558594,300274,1,1418,939,171,4.731817897409201,1785485272.9364386,1785485277.668256,1785485272.9364855,1785485277.6671374,1785485277.667876,4.73065192066133,0.0007385667413473129
5,prefix_cache_routing_4ep_1.5b_hitrate,formal,1,1102,18.4 (Ubuntu 18.4-1.pgdg22.04+1),0.8.5,275,1102:request:300275,1102:batch:24,-1,False,endpoint-3:worker:0,0,668555,default,endpoint-3,1,completed,,8.849027156829834,0.0013456344604492188,300275,1,855,484,182,8.845430700108409,1785485272.9385946,1785485281.7840257,1785485272.9386377,1785485281.7819376,1785485281.7834904,8.843300780281425,0.0015522558242082596
5,prefix_cache_routing_4ep_1.5b_hitrate,formal,1,1102,18.4 (Ubuntu 18.4-1.pgdg22.04+1),0.8.5,276,1102:request:300276,1102:batch:24,-1,False,endpoint-0:worker:0,0,668553,default,endpoint-0,0,completed,,6.53581976890564,0.0017468929290771484,300276,1,1188,781,195,6.512646336108446,1785485272.9424512,1785485279.4550972,1785485272.9425023,1785485279.4499893,1785485279.4548717,6.507487025111914,0.004882114008069038
5,prefix_cache_routing_4ep_1.5b_hitrate,formal,1,1102,18.4 (Ubuntu 18.4-1.pgdg22.04+1),0.8.5,277,1102:request:300277,1102:batch:24,-1,False,endpoint-1:worker:0,0,668554,default,endpoint-1,0,completed,,6.300823211669922,0.0020744800567626953,300277,1,578,256,188,6.241735763847828,1785485272.9453268,1785485279.1870623,1785485272.945385,1785485279.183202,1785485279.1869342,6.237816918641329,0.003732128068804741
5,prefix_cache_routing_4ep_1.5b_hitrate,formal,1,1102,18.4 (Ubuntu 18.4-1.pgdg22.04+1),0.8.5,278,1102:request:300278,1102:batch:24,-1,False,endpoint-2:worker:0,0,668556,default,endpoint-2,1,completed,,6.298978805541992,0.0017518997192382812,300278,1,924,565,219,6.242462353780866,1785485272.947564,1785485279.1900258,1785485272.9476109,1785485279.1873116,1785485279.1898503,6.2397008035331964,0.002538708969950676
5,prefix_cache_routing_4ep_1.5b_hitrate,formal,1,1102,18.4 (Ubuntu 18.4-1.pgdg22.04+1),0.8.5,279,1102:request:300279,1102:batch:24,-1,False,endpoint-3:worker:0,0,668555,default,endpoint-3,1,completed,,9.098552227020264,0.0018646717071533203,300279,1,744,412,161,9.094858540222049,1785485272.9508355,1785485282.0456936,1785485272.9508812,1785485282.0447514,1785485282.045467,9.093870431184769,0.0007150024175643921
5,prefix_cache_routing_4ep_1.5b_hitrate,formal,1,1102,18.4 (Ubuntu 18.4-1.pgdg22.04+1),0.8.5,280,1102:request:300280,1102:batch:24,-1,False,endpoint-0:worker:0,0,668553,default,endpoint-0,0,completed,,5.357770204544067,0.0017178058624267578,300280,1,1009,635,202,5.353684725239873,1785485272.9542842,1785485278.307969,1785485272.9543238,1785485278.3064795,1785485278.3074744,5.352156240493059,0.000994933769106865
5,prefix_cache_routing_4ep_1.5b_hitrate,formal,1,1102,18.4 (Ubuntu 18.4-1.pgdg22.04+1),0.8.5,281,1102:request:300281,1102:batch:24,-1,False,endpoint-1:worker:0,0,668554,default,endpoint-1,0,completed,,6.275555610656738,0.0017964839935302734,300281,1,264,7,199,6.236546974629164,1785485272.9573317,1785485279.193878,1785485272.9573872,1785485279.1849346,1785485279.1938152,6.227547198534012,0.008880555629730225
5,prefix_cache_routing_4ep_1.5b_hitrate,formal,1,1102,18.4 (Ubuntu 18.4-1.pgdg22.04+1),0.8.5,282,1102:request:300282,1102:batch:24,-1,False,endpoint-2:worker:0,0,668556,default,endpoint-2,1,completed,,6.265376806259155,0.0017576217651367188,300282,1,922,537,148,6.234004620462656,1785485272.9598904,1785485279.1938946,1785485272.9599347,1785485279.189489,1785485279.1937554,6.229554092511535,0.004266634583473206
5,prefix_cache_routing_4ep_1.5b_hitrate,formal,1,1102,18.4 (Ubuntu 18.4-1.pgdg22.04+1),0.8.5,283,1102:request:300283,1102:batch:25,-1,False,endpoint-3:worker:0,0,668555,default,endpoint-3,1,completed,,9.509306907653809,0.0018117427825927734,300283,1,1141,698,184,9.504625367000699,1785485272.963405,1785485282.4680295,1785485272.9634764,1785485282.4662516,1785485282.4677668,9.502775454893708,0.0015146508812904358
5,prefix_cache_routing_4ep_1.5b_hitrate,formal,1,1102,18.4 (Ubuntu 18.4-1.pgdg22.04+1),0.8.5,284,1102:request:300284,1102:batch:25,-1,False,endpoint-0:worker:0,0,668553,default,endpoint-0,0,completed,,6.508444547653198,0.001897573471069336,300284,1,664,364,199,6.490966537967324,1785485272.9660861,1785485279.4570522,1785485272.9661438,1785485279.4506094,1785485279.4569113,6.4844655599445105,0.006301894783973694
5,prefix_cache_routing_4ep_1.5b_hitrate,formal,1,1102,18.4 (Ubuntu 18.4-1.pgdg22.04+1),0.8.5,285,1102:request:300285,1102:batch:25,-1,False,endpoint-1:worker:0,0,668554,default,endpoint-1,0,completed,,6.406271457672119,0.0020732879638671875,300285,1,950,613,180,6.348063461482525,1785485272.9688294,1785485279.3168914,1785485272.9689238,1785485279.3104925,1785485279.316686,6.3415680807083845,0.006193310022354126
5,prefix_cache_routing_4ep_1.5b_hitrate,formal,1,1102,18.4 (Ubuntu 18.4-1.pgdg22.04+1),0.8.5,286,1102:request:300286,1102:batch:25,-1,False,endpoint-2:worker:0,0,668556,default,endpoint-2,1,completed,,6.251219987869263,0.0017249584197998047,300286,1,288,29,193,6.21973585896194,1785485272.9709544,1785485279.1906896,1785485272.9710233,1785485279.1878757,1785485279.1906028,6.2168520130217075,0.002726806327700615
5,prefix_cache_routing_4ep_1.5b_hitrate,formal,1,1102,18.4 (Ubuntu 18.4-1.pgdg22.04+1),0.8.5,287,1102:request:300287,1102:batch:25,-1,False,endpoint-3:worker:0,0,668555,default,endpoint-3,1,completed,,9.502860069274902,0.0014145374298095703,300287,1,267,9,161,9.495030373334885,1785485272.9740272,1785485282.469057,1785485272.974071,1785485282.468375,1785485282.468958,9.494303850457072,0.0005826912820339203
5,prefix_cache_routing_4ep_1.5b_hitrate,formal,1,1102,18.4 (Ubuntu 18.4-1.pgdg22.04+1),0.8.5,288,1102:request:300288,1102:batch:25,-1,False,endpoint-0:worker:0,0,668553,default,endpoint-0,0,completed,,6.490629434585571,0.001734018325805664,300288,1,377,102,167,6.478631265461445,1785485272.9774187,1785485279.4560494,1785485272.977479,1785485279.4502962,1785485279.4559515,6.472816955298185,0.005655443295836449
5,prefix_cache_routing_4ep_1.5b_hitrate,formal,1,1102,18.4 (Ubuntu 18.4-1.pgdg22.04+1),0.8.5,289,1102:request:300289,1102:batch:25,-1,False,endpoint-1:worker:0,0,668554,default,endpoint-1,0,completed,,5.0990986824035645,0.0018520355224609375,300289,1,628,326,158,5.09477105922997,1785485272.9804068,1785485278.075178,1785485272.980452,1785485278.0733767,1785485278.0747542,5.092925615608692,0.001377040520310402
5,prefix_cache_routing_4ep_1.5b_hitrate,formal,1,1102,18.4 (Ubuntu 18.4-1.pgdg22.04+1),0.8.5,290,1102:request:300290,1102:batch:25,-1,False,endpoint-2:worker:0,0,668556,default,endpoint-2,1,completed,,6.236295938491821,0.001474618911743164,300290,1,968,543,192,6.2089574839919806,1785485272.9830768,1785485279.192034,1785485272.9831147,1785485279.1885855,1785485279.1918912,6.2054707352072,0.003305811434984207
5,prefix_cache_routing_4ep_1.5b_hitrate,formal,1,1102,18.4 (Ubuntu 18.4-1.pgdg22.04+1),0.8.5,291,1102:request:300291,1102:batch:25,-1,False,endpoint-3:worker:0,0,668555,default,endpoint-3,1,completed,,8.64468002319336,0.0016226768493652344,300291,1,1222,763,127,8.6408756300807,1785485272.9864254,1785485281.627301,1785485272.986474,1785485281.6253362,1785485281.6268697,8.638862682506442,0.00153331458568573
5,prefix_cache_routing_4ep_1.5b_hitrate,formal,1,1102,18.4 (Ubuntu 18.4-1.pgdg22.04+1),0.8.5,292,1102:request:300292,1102:batch:25,-1,False,endpoint-0:worker:0,0,668553,default,endpoint-0,0,completed,,3.403672695159912,0.001766204833984375,300292,1,1466,962,38,3.40042906627059,1785485272.9898095,1785485276.390238,1785485272.9898694,1785485276.3892305,1785485276.3898394,3.3993617091327906,0.000608367845416069
5,prefix_cache_routing_4ep_1.5b_hitrate,formal,1,1102,18.4 (Ubuntu 18.4-1.pgdg22.04+1),0.8.5,293,1102:request:300293,1102:batch:26,-1,False,endpoint-1:worker:0,0,668554,default,endpoint-1,0,completed,,6.337092161178589,0.0016293525695800781,300293,1,284,20,177,6.327639322727919,1785485272.992256,1785485279.3198948,1785485272.9923089,1785485279.3113334,1785485279.3198009,6.3190245274454355,0.008467275649309158
5,prefix_cache_routing_4ep_1.5b_hitrate,formal,1,1102,18.4 (Ubuntu 18.4-1.pgdg22.04+1),0.8.5,294,1102:request:300294,1102:batch:26,-1,False,endpoint-2:worker:0,0,668556,default,endpoint-2,1,completed,,6.407532215118408,0.0017728805541992188,300294,1,987,548,210,6.400998402386904,1785485272.9959128,1785485279.3969104,1785485272.995986,1785485279.3945582,1785485279.3967407,6.398572256788611,0.0021819155663251877
5,prefix_cache_routing_4ep_1.5b_hitrate,formal,1,1102,18.4 (Ubuntu 18.4-1.pgdg22.04+1),0.8.5,295,1102:request:300295,1102:batch:26,-1,False,endpoint-3:worker:0,0,668555,default,endpoint-3,1,completed,,10.020232677459717,0.0017042160034179688,300295,1,1298,794,120,10.01661648415029,1785485272.9990797,1785485283.0156956,1785485272.9991307,1785485283.0143526,1785485283.0154126,10.015221770852804,0.001059873029589653
5,prefix_cache_routing_4ep_1.5b_hitrate,formal,1,1102,18.4 (Ubuntu 18.4-1.pgdg22.04+1),0.8.5,296,1102:request:300296,1102:batch:26,-1,False,endpoint-0:worker:0,0,668553,default,endpoint-0,0,completed,,6.4809815883636475,0.0017402172088623047,300296,1,1057,397,175,6.459493165835738,1785485273.0019224,1785485279.461415,1785485273.0019658,1785485279.451748,1785485279.4612427,6.449781868606806,0.009494705125689507
5,prefix_cache_routing_4ep_1.5b_hitrate,formal,1,1102,18.4 (Ubuntu 18.4-1.pgdg22.04+1),0.8.5,297,1102:request:300297,1102:batch:26,-1,False,endpoint-1:worker:0,0,668554,default,endpoint-1,0,completed,,6.37919020652771,0.0016155242919921875,300297,1,1347,635,211,6.314817778766155,1785485273.0041358,1785485279.3189535,1785485273.0041802,1785485279.3110595,1785485279.3187332,6.306879201903939,0.00767381489276886
5,prefix_cache_routing_4ep_1.5b_hitrate,formal,1,1102,18.4 (Ubuntu 18.4-1.pgdg22.04+1),0.8.5,298,1102:request:300298,1102:batch:26,-1,False,endpoint-2:worker:0,0,668556,default,endpoint-2,1,completed,,6.400904417037964,0.0015206336975097656,300298,1,1629,875,205,6.392111644148827,1785485273.0063608,1785485279.3984718,1785485273.0064087,1785485279.3959777,1785485279.3982472,6.38956874422729,0.002269431948661804
5,prefix_cache_routing_4ep_1.5b_hitrate,formal,1,1102,18.4 (Ubuntu 18.4-1.pgdg22.04+1),0.8.5,299,1102:request:300299,1102:batch:26,-1,False,endpoint-3:worker:0,0,668555,default,endpoint-3,1,completed,,10.012571573257446,0.0017254352569580078,300299,1,281,14,153,10.00661134161055,1785485273.0096843,1785485283.016295,1785485273.0097406,1785485283.0147555,1785485283.0162015,10.00501481629908,0.001446060836315155
5,prefix_cache_routing_4ep_1.5b_hitrate,formal,1,1102,18.4 (Ubuntu 18.4-1.pgdg22.04+1),0.8.5,300,1102:request:300300,1102:batch:26,-1,False,endpoint-0:worker:0,0,668553,default,endpoint-0,0,completed,,6.474104166030884,0.0017156600952148438,300300,1,498,146,159,6.447066416963935,1785485273.0121074,1785485279.4591732,1785485273.012148,1785485279.4511824,1785485279.459063,6.439034560695291,0.00788051262497902
5,prefix_cache_routing_4ep_1.5b_hitrate,formal,1,1102,18.4 (Ubuntu 18.4-1.pgdg22.04+1),0.8.5,301,1102:request:300301,1102:batch:26,-1,False,endpoint-1:worker:0,0,668554,default,endpoint-1,0,completed,,6.33802604675293,0.0016579627990722656,300301,1,768,334,148,6.2987814750522375,1785485273.014471,1785485279.3132524,1785485273.0145283,1785485279.3093312,1785485279.313092,6.294802894815803,0.0037608426064252853
5,prefix_cache_routing_4ep_1.5b_hitrate,formal,1,1102,18.4 (Ubuntu 18.4-1.pgdg22.04+1),0.8.5,302,1102:request:300302,1102:batch:27,-1,False,endpoint-2:worker:0,0,668556,default,endpoint-2,1,completed,,6.396483659744263,0.0016977787017822266,300302,1,1078,551,166,6.376657199114561,1785485273.0170941,1785485279.3937516,1785485273.0171423,1785485279.3920524,1785485279.393094,6.37491106428206,0.001040920615196228
5,prefix_cache_routing_4ep_1.5b_hitrate,formal,1,1102,18.4 (Ubuntu 18.4-1.pgdg22.04+1),0.8.5,303,1102:request:300303,1102:batch:27,-1,False,endpoint-3:worker:0,0,668555,default,endpoint-3,1,completed,,10.040696382522583,0.0017347335815429688,300303,1,1385,767,173,10.037464831024408,1785485273.0195518,1785485283.0570166,1785485273.0196083,1785485283.0548894,1785485283.0563316,10.035281600430608,0.0014419276267290115
5,prefix_cache_routing_4ep_1.5b_hitrate,formal,1,1102,18.4 (Ubuntu 18.4-1.pgdg22.04+1),0.8.5,304,1102:request:300304,1102:batch:27,-1,False,endpoint-0:worker:0,0,668553,default,endpoint-0,0,completed,,4.742656230926514,0.002864837646484375,300304,1,1624,971,145,4.738627854734659,1785485273.0243058,1785485277.7629333,1785485273.024347,1785485277.7617612,1785485277.7625537,4.737414680421352,0.000791771337389946
5,prefix_cache_routing_4ep_1.5b_hitrate,formal,1,1102,18.4 (Ubuntu 18.4-1.pgdg22.04+1),0.8.5,305,1102:request:300305,1102:batch:27,-1,False,endpoint-1:worker:0,0,668554,default,endpoint-1,0,completed,,6.300734996795654,0.0014309883117675781,300305,1,514,185,165,6.280993735417724,1785485273.0276654,1785485279.3086588,1785485273.0276964,1785485279.307734,1785485279.308486,6.280037621036172,0.0007517114281654358
5,prefix_cache_routing_4ep_1.5b_hitrate,formal,1,1102,18.4 (Ubuntu 18.4-1.pgdg22.04+1),0.8.5,306,1102:request:300306,1102:batch:27,-1,False,endpoint-2:worker:0,0,668556,default,endpoint-2,1,completed,,6.3836328983306885,0.0013058185577392578,300306,1,807,395,201,6.369138112291694,1785485273.0302362,1785485279.3993735,1785485273.0302722,1785485279.3964314,1785485279.3992507,6.366159103810787,0.002819374203681946
5,prefix_cache_routing_4ep_1.5b_hitrate,formal,1,1102,18.4 (Ubuntu 18.4-1.pgdg22.04+1),0.8.5,307,1102:request:300307,1102:batch:27,-1,False,endpoint-3:worker:0,0,668555,default,endpoint-3,1,completed,,10.093756437301636,0.0013780593872070312,300307,1,1149,636,162,10.084372580051422,1785485273.032791,1785485283.1171625,1785485273.032841,1785485283.1155663,1785485283.1169512,10.082725809887052,0.001384638249874115
5,prefix_cache_routing_4ep_1.5b_hitrate,formal,1,1102,18.4 (Ubuntu 18.4-1.pgdg22.04+1),0.8.5,308,1102:request:300308,1102:batch:27,-1,False,endpoint-0:worker:0,0,668553,default,endpoint-0,0,completed,,6.470326662063599,0.0012760162353515625,300308,1,1413,824,167,6.4489875882864,1785485273.0352094,1785485279.4841967,1785485273.0352461,1785485279.4752343,1785485279.4839342,6.439988302066922,0.00869983620941639
5,prefix_cache_routing_4ep_1.5b_hitrate,formal,1,1102,18.4 (Ubuntu 18.4-1.pgdg22.04+1),0.8.5,309,1102:request:300309,1102:batch:28,-1,False,endpoint-1:worker:0,0,668554,default,endpoint-1,0,completed,,6.318297386169434,0.001051187515258789,300309,1,1673,1009,159,6.274651562795043,1785485273.0377843,1785485279.3124356,1785485273.0378144,1785485279.3089879,1785485279.3121085,6.271173654124141,0.0031206440180540085
5,prefix_cache_routing_4ep_1.5b_hitrate,formal,1,1102,18.4 (Ubuntu 18.4-1.pgdg22.04+1),0.8.5,310,1102:request:300310,1102:batch:28,-1,False,endpoint-2:worker:0,0,668556,default,endpoint-2,1,completed,,6.3693177700042725,0.0013966560363769531,300310,1,553,249,218,6.3573474660515785,1785485273.040627,1785485279.397974,1785485273.040681,1785485279.3957443,1785485279.3978724,6.35506328754127,0.002127949148416519
5,prefix_cache_routing_4ep_1.5b_hitrate,formal,1,1102,18.4 (Ubuntu 18.4-1.pgdg22.04+1),0.8.5,311,1102:request:300311,1102:batch:28,-1,False,endpoint-3:worker:0,0,668555,default,endpoint-3,1,completed,,10.078338861465454,0.0013628005981445312,300311,1,697,361,223,10.071711903437972,1785485273.0430605,1785485283.1147728,1785485273.0431077,1785485283.1130526,1785485283.1143394,10.069945488125086,0.0012863203883171082
5,prefix_cache_routing_4ep_1.5b_hitrate,formal,1,1102,18.4 (Ubuntu 18.4-1.pgdg22.04+1),0.8.5,312,1102:request:300312,1102:batch:28,-1,False,endpoint-0:worker:0,0,668553,default,endpoint-0,0,completed,,6.447816610336304,0.001252889633178711,300312,1,861,495,185,6.431468278169632,1785485273.0460362,1785485279.4775043,1785485273.0460656,1785485279.473685,1785485279.4772816,6.4276196006685495,0.003596266731619835
5,prefix_cache_routing_4ep_1.5b_hitrate,formal,1,1102,18.4 (Ubuntu 18.4-1.pgdg22.04+1),0.8.5,313,1102:request:300313,1102:batch:28,-1,False,endpoint-1:worker:0,0,668554,default,endpoint-1,0,completed,,6.291741847991943,0.0013930797576904297,300313,1,1062,656,211,6.265729948878288,1785485273.049362,1785485279.3150914,1785485273.049396,1785485279.3099308,1785485279.3148785,6.260534919798374,0.004947518929839134
5,prefix_cache_routing_4ep_1.5b_hitrate,formal,1,1102,18.4 (Ubuntu 18.4-1.pgdg22.04+1),0.8.5,314,1102:request:300314,1102:batch:28,-1,False,endpoint-2:worker:0,0,668556,default,endpoint-2,1,completed,,4.992923021316528,0.0018393993377685547,300314,1,1179,766,175,4.988783627748489,1785485273.0524027,1785485278.0411863,1785485273.052466,1785485278.0399795,1785485278.0406847,4.987514276057482,0.0007047709077596664
5,prefix_cache_routing_4ep_1.5b_hitrate,formal,1,1102,18.4 (Ubuntu 18.4-1.pgdg22.04+1),0.8.5,315,1102:request:300315,1102:batch:28,-1,False,endpoint-3:worker:0,0,668555,default,endpoint-3,1,completed,,10.068423509597778,0.0019106864929199219,300315,1,1447,938,178,10.062862195074558,1785485273.0548866,1785485283.1177483,1785485273.0549505,1785485283.1162138,1785485283.1175344,10.061263307929039,0.001320594921708107
5,prefix_cache_routing_4ep_1.5b_hitrate,formal,1,1102,18.4 (Ubuntu 18.4-1.pgdg22.04+1),0.8.5,316,1102:request:300316,1102:batch:28,-1,False,endpoint-0:worker:0,0,668553,default,endpoint-0,0,completed,,4.895209312438965,0.0014252662658691406,300316,1,415,133,131,4.89131117425859,1785485273.0566175,1785485277.9479284,1785485273.056647,1785485277.9466207,1785485277.9477665,4.889974784106016,0.0011446364223957062
5,prefix_cache_routing_4ep_1.5b_hitrate,formal,1,1102,18.4 (Ubuntu 18.4-1.pgdg22.04+1),0.8.5,317,1102:request:300317,1102:batch:28,-1,False,endpoint-1:worker:0,0,668554,default,endpoint-1,0,completed,,6.326385974884033,0.0012135505676269531,300317,1,647,262,185,6.256966611370444,1785485273.0589778,1785485279.3159442,1785485273.0590074,1785485279.3102129,1785485279.3158104,6.251205513253808,0.005597693845629692
5,prefix_cache_routing_4ep_1.5b_hitrate,formal,1,1102,18.4 (Ubuntu 18.4-1.pgdg22.04+1),0.8.5,318,1102:request:300318,1102:batch:29,-1,False,endpoint-2:worker:0,0,668556,default,endpoint-2,1,completed,,6.357805252075195,0.001720428466796875,300318,1,913,432,175,6.336945746093988,1785485273.0619843,1785485279.3989296,1785485273.0620356,1785485279.3962042,1785485279.3987746,6.334168808534741,0.0025703050196170807
5,prefix_cache_routing_4ep_1.5b_hitrate,formal,1,1102,18.4 (Ubuntu 18.4-1.pgdg22.04+1),0.8.5,319,1102:request:300319,1102:batch:29,-1,False,endpoint-3:worker:0,0,668555,default,endpoint-3,1,completed,,9.03410291671753,0.0013642311096191406,300319,1,1030,554,126,9.029890106990933,1785485273.0639343,1785485282.0938241,1785485273.0639715,1785485282.0906086,1785485282.0931275,9.026691971346736,0.0024637989699840546
5,prefix_cache_routing_4ep_1.5b_hitrate,formal,1,1102,18.4 (Ubuntu 18.4-1.pgdg22.04+1),0.8.5,320,1102:request:300320,1102:batch:29,-1,False,endpoint-0:worker:0,0,668553,default,endpoint-0,0,completed,,6.44782829284668,0.0015554428100585938,300320,1,1309,710,162,6.420608500018716,1785485273.066558,1785485279.487166,1785485273.06659,1785485279.4758308,1785485279.4869273,6.409240908920765,0.011096630245447159
5,prefix_cache_routing_4ep_1.5b_hitrate,formal,1,1102,18.4 (Ubuntu 18.4-1.pgdg22.04+1),0.8.5,321,1102:request:300321,1102:batch:29,-1,False,endpoint-1:worker:0,0,668554,default,endpoint-1,0,completed,,6.320893287658691,0.0012054443359375,300321,1,1444,804,170,6.245234748348594,1785485273.0689604,1785485279.314195,1785485273.068994,1785485279.3096387,1785485279.3139212,6.240644732490182,0.004282699897885323
5,prefix_cache_routing_4ep_1.5b_hitrate,formal,1,1102,18.4 (Ubuntu 18.4-1.pgdg22.04+1),0.8.5,322,1102:request:300322,1102:batch:29,-1,False,endpoint-2:worker:0,0,668556,default,endpoint-2,1,completed,,5.1284472942352295,0.0014777183532714844,300322,1,738,370,202,5.125595865771174,1785485273.0715156,1785485278.1971114,1785485273.0715563,1785485278.1965158,1785485278.196891,5.124959692358971,0.0003750007599592209
5,prefix_cache_routing_4ep_1.5b_hitrate,formal,1,1102,18.4 (Ubuntu 18.4-1.pgdg22.04+1),0.8.5,323,1102:request:300323,1102:batch:29,-1,False,endpoint-3:worker:0,0,668555,default,endpoint-3,1,completed,,10.060663938522339,0.0013337135314941406,300323,1,873,463,198,10.044480925425887,1785485273.0738018,1785485283.1182826,1785485273.07385,1785485283.116529,1785485283.1181257,10.042678924277425,0.001596672460436821
5,prefix_cache_routing_4ep_1.5b_hitrate,formal,1,1102,18.4 (Ubuntu 18.4-1.pgdg22.04+1),0.8.5,324,1102:request:300324,1102:batch:29,-1,False,endpoint-0:worker:0,0,668553,default,endpoint-0,0,completed,,6.41894793510437,0.0013310909271240234,300324,1,1081,630,189,6.405412435531616,1785485273.0760362,1785485279.4814482,1785485273.0760684,1785485279.4746509,1785485279.4812248,6.398582382127643,0.006573973223567009
5,prefix_cache_routing_4ep_1.5b_hitrate,formal,1,1102,18.4 (Ubuntu 18.4-1.pgdg22.04+1),0.8.5,325,1102:request:300325,1102:batch:30,-1,False,endpoint-1:worker:0,0,668554,default,endpoint-1,0,completed,,6.266469478607178,0.002497434616088867,300325,1,1619,1038,188,6.2383691519498825,1785485273.0795734,1785485279.3179426,1785485273.0796132,1785485279.310779,1785485279.3176541,6.2311660796403885,0.006874857470393181
5,prefix_cache_routing_4ep_1.5b_hitrate,formal,1,1102,18.4 (Ubuntu 18.4-1.pgdg22.04+1),0.8.5,326,1102:request:300326,1102:batch:30,-1,False,endpoint-2:worker:0,0,668556,default,endpoint-2,1,completed,,6.328780174255371,0.0028400421142578125,300326,1,521,196,157,6.314314065501094,1785485273.0833015,1785485279.3976154,1785485273.0833435,1785485279.3955069,1785485279.3975127,6.312163354828954,0.0020055733621120453
5,prefix_cache_routing_4ep_1.5b_hitrate,formal,1,1102,18.4 (Ubuntu 18.4-1.pgdg22.04+1),0.8.5,327,1102:request:300327,1102:batch:30,-1,False,endpoint-3:worker:0,0,668555,default,endpoint-3,1,completed,,10.159698247909546,0.0033788681030273438,300327,1,734,357,177,10.140890095382929,1785485273.0862274,1785485283.227117,1785485273.0862975,1785485283.2173035,1785485283.22696,10.131005825474858,0.009656479582190514
5,prefix_cache_routing_4ep_1.5b_hitrate,formal,1,1102,18.4 (Ubuntu 18.4-1.pgdg22.04+1),0.8.5,328,1102:request:300328,1102:batch:30,-1,False,endpoint-0:worker:0,0,668553,default,endpoint-0,0,completed,,3.3225996494293213,0.0013275146484375,300328,1,1100,716,88,3.319421535357833,1785485273.086762,1785485276.4061832,1785485273.0867996,1785485276.405265,1785485276.4058297,3.318465907126665,0.00056404247879982
5,prefix_cache_routing_4ep_1.5b_hitrate,formal,1,1102,18.4 (Ubuntu 18.4-1.pgdg22.04+1),0.8.5,329,1102:request:300329,1102:batch:30,-1,False,endpoint-1:worker:0,0,668554,default,endpoint-1,0,completed,,5.307312488555908,0.0013113021850585938,300329,1,1363,826,163,5.303698666393757,1785485273.0896761,1785485278.393375,1785485273.0897098,1785485278.3910336,1785485278.3926032,5.3013245817273855,0.0015688836574554443
5,prefix_cache_routing_4ep_1.5b_hitrate,formal,1,1102,18.4 (Ubuntu 18.4-1.pgdg22.04+1),0.8.5,330,1102:request:300330,1102:batch:30,-1,False,endpoint-2:worker:0,0,668556,default,endpoint-2,1,completed,,4.698511600494385,0.0014319419860839844,300330,1,1628,1020,132,4.689235391095281,1785485273.0921245,1785485277.7813594,1785485273.092173,1785485277.7799022,1785485277.7808857,4.687729900702834,0.0009832028299570084
5,prefix_cache_routing_4ep_1.5b_hitrate,formal,1,1102,18.4 (Ubuntu 18.4-1.pgdg22.04+1),0.8.5,331,1102:request:300331,1102:batch:30,-1,False,endpoint-3:worker:0,0,668555,default,endpoint-3,1,completed,,10.158679008483887,0.0020084381103515625,300331,1,480,152,188,10.130355356261134,1785485273.0950613,1785485283.225416,1785485273.0951138,1785485283.216744,1785485283.2252777,10.121630260720849,0.008533556014299393
5,prefix_cache_routing_4ep_1.5b_hitrate,formal,1,1102,18.4 (Ubuntu 18.4-1.pgdg22.04+1),0.8.5,332,1102:request:300332,1102:batch:30,-1,False,endpoint-0:worker:0,0,668553,default,endpoint-0,0,completed,,6.428830146789551,0.0013442039489746094,300332,1,586,222,182,6.38329860009253,1785485273.0968022,1785485279.4801009,1785485273.096831,1785485279.4743598,1785485279.4799728,6.377529030665755,0.0056129395961761475
5,prefix_cache_routing_4ep_1.5b_hitrate,formal,1,1102,18.4 (Ubuntu 18.4-1.pgdg22.04+1),0.8.5,333,1102:request:300333,1102:batch:30,-1,False,endpoint-1:worker:0,0,668554,default,endpoint-1,0,completed,,2.177212715148926,0.001203775405883789,300333,1,522,314,51,2.1742597948759794,1785485273.0990129,1785485275.2732723,1785485273.0990436,1785485275.271924,1785485275.273059,2.172881504520774,0.001134222373366356
5,prefix_cache_routing_4ep_1.5b_hitrate,formal,1,1102,18.4 (Ubuntu 18.4-1.pgdg22.04+1),0.8.5,334,1102:request:300334,1102:batch:31,-1,False,endpoint-2:worker:0,0,668556,default,endpoint-2,1,completed,,3.616870880126953,0.0040130615234375,300334,1,640,332,128,3.6116205025464296,1785485273.1054242,1785485276.7170439,1785485273.1055567,1785485276.7163312,1785485276.7168787,3.6107748076319695,0.0005470607429742813
5,prefix_cache_routing_4ep_1.5b_hitrate,formal,1,1102,18.4 (Ubuntu 18.4-1.pgdg22.04+1),0.8.5,335,1102:request:300335,1102:batch:31,-1,False,endpoint-3:worker:0,0,668555,default,endpoint-3,1,completed,,10.1556715965271,0.0019466876983642578,300335,1,1207,713,204,10.109981631860137,1785485273.1081202,1785485283.2181017,1785485273.1081607,1785485283.2134087,1785485283.2178376,10.10524800233543,0.00442887470126152
5,prefix_cache_routing_4ep_1.5b_hitrate,formal,1,1102,18.4 (Ubuntu 18.4-1.pgdg22.04+1),0.8.5,336,1102:request:300336,1102:batch:31,-1,False,endpoint-0:worker:0,0,668553,default,endpoint-0,0,completed,,6.399745464324951,0.0013470649719238281,300336,1,1434,902,213,6.375181332230568,1785485273.1104953,1785485279.4856765,1785485273.1105275,1785485279.4755466,1785485279.4854164,6.3650189731270075,0.009869774803519249
5,prefix_cache_routing_4ep_1.5b_hitrate,formal,1,1102,18.4 (Ubuntu 18.4-1.pgdg22.04+1),0.8.5,337,1102:request:300337,1102:batch:31,-1,False,endpoint-1:worker:0,0,668554,default,endpoint-1,0,completed,,4.716268062591553,0.0012760162353515625,300337,1,451,185,133,4.708889793604612,1785485273.113042,1785485277.8219316,1785485273.113072,1785485277.8213887,1785485277.8218277,4.70831703953445,0.00043861009180545807
5,prefix_cache_routing_4ep_1.5b_hitrate,formal,1,1102,18.4 (Ubuntu 18.4-1.pgdg22.04+1),0.8.5,338,1102:request:300338,1102:batch:31,-1,False,endpoint-3:worker:0,0,668555,default,endpoint-3,1,completed,,10.138269901275635,0.0014243125915527344,300338,1,853,440,161,10.103649435564876,1785485273.1155684,1785485283.2192178,1785485273.1156056,1785485283.2140536,1785485283.2190313,10.098448239266872,0.0049777161329984665
5,prefix_cache_routing_4ep_1.5b_hitrate,formal,1,1102,18.4 (Ubuntu 18.4-1.pgdg22.04+1),0.8.5,339,1102:request:300339,1102:batch:31,-1,False,endpoint-0:worker:0,0,668553,default,endpoint-0,0,completed,,6.4088263511657715,0.0013267993927001953,300339,1,999,543,202,6.361043693497777,1785485273.117813,1785485279.4788566,1785485273.1178463,1785485279.4740527,1785485279.4786189,6.356206331402063,0.004566153511404991
5,prefix_cache_routing_4ep_1.5b_hitrate,formal,1,1102,18.4 (Ubuntu 18.4-1.pgdg22.04+1),0.8.5,340,1102:request:300340,1102:batch:31,-1,False,endpoint-1:worker:0,0,668554,default,endpoint-1,0,completed,,6.2441627979278564,0.0011827945709228516,300340,1,1329,801,204,6.2044021636247635,1785485273.1201537,1785485279.3245559,1785485273.120187,1785485279.3212965,1785485279.3242824,6.20110921189189,0.0029860641807317734
5,prefix_cache_routing_4ep_1.5b_hitrate,formal,1,1102,18.4 (Ubuntu 18.4-1.pgdg22.04+1),0.8.5,341,1102:request:300341,1102:batch:31,-1,False,endpoint-3:worker:0,0,668555,default,endpoint-3,1,completed,,10.133058309555054,0.0013430118560791016,300341,1,1454,892,186,10.096864281222224,1785485273.1230567,1785485283.2199206,1785485273.1230953,1785485283.2143512,1785485283.2196546,10.091255936771631,0.005303435027599335
5,prefix_cache_routing_4ep_1.5b_hitrate,formal,1,1102,18.4 (Ubuntu 18.4-1.pgdg22.04+1),0.8.5,342,1102:request:300342,1102:batch:32,-1,False,endpoint-0:worker:0,0,668553,default,endpoint-0,0,completed,,6.3734965324401855,0.0013244152069091797,300342,1,1579,985,185,6.362624935805798,1785485273.1261237,1785485279.4887486,1785485273.1261592,1785485279.476099,1785485279.4884639,6.349940093234181,0.012364750728011131
5,prefix_cache_routing_4ep_1.5b_hitrate,formal,1,1102,18.4 (Ubuntu 18.4-1.pgdg22.04+1),0.8.5,343,1102:request:300343,1102:batch:32,-1,False,endpoint-2:worker:0,0,668556,default,endpoint-2,1,completed,,6.287760972976685,0.0028076171875,300343,1,598,277,211,6.26722645573318,1785485273.1300504,1785485279.397276,1785485273.1301181,1785485279.3952422,1785485279.3971498,6.265123948454857,0.0019073840230703354
5,prefix_cache_routing_4ep_1.5b_hitrate,formal,1,1102,18.4 (Ubuntu 18.4-1.pgdg22.04+1),0.8.5,344,1102:request:300344,1102:batch:32,-1,False,endpoint-1:worker:0,0,668554,default,endpoint-1,0,completed,,3.231553077697754,0.0014543533325195312,300344,1,1010,675,100,3.228664245456457,1785485273.1310704,1785485276.3597345,1785485273.1311028,1785485276.3579829,1785485276.3593488,3.2268809974193573,0.0013652537018060684
5,prefix_cache_routing_4ep_1.5b_hitrate,formal,1,1102,18.4 (Ubuntu 18.4-1.pgdg22.04+1),0.8.5,345,1102:request:300345,1102:batch:32,-1,False,endpoint-3:worker:0,0,668555,default,endpoint-3,1,completed,,10.096601963043213,0.00171661376953125,300345,1,333,58,199,10.078737117350101,1785485273.1343322,1785485283.2130687,1785485273.1343722,1785485283.2119923,1785485283.2129295,10.07762054540217,0.0009366683661937714
5,prefix_cache_routing_4ep_1.5b_hitrate,formal,1,1102,18.4 (Ubuntu 18.4-1.pgdg22.04+1),0.8.5,346,1102:request:300346,1102:batch:32,-1,False,endpoint-0:worker:0,0,668553,default,endpoint-0,0,completed,,3.4034671783447266,0.0013897418975830078,300346,1,189,46,109,3.3996130637824535,1785485273.1363068,1785485276.5359201,1785485273.136334,1785485276.5344517,1785485276.5356746,3.398118691518903,0.0012223459780216217
5,prefix_cache_routing_4ep_1.5b_hitrate,formal,1,1102,18.4 (Ubuntu 18.4-1.pgdg22.04+1),0.8.5,347,1102:request:300347,1102:batch:32,-1,False,endpoint-1:worker:0,0,668554,default,endpoint-1,0,completed,,6.212805271148682,0.001493215560913086,300347,1,420,145,158,6.1835537031292915,1785485273.1388223,1785485279.322376,1785485273.138852,1785485279.3206449,1785485279.3222606,6.181792937219143,0.0016158390790224075
5,prefix_cache_routing_4ep_1.5b_hitrate,formal,1,1102,18.4 (Ubuntu 18.4-1.pgdg22.04+1),0.8.5,348,1102:request:300348,1102:batch:32,-1,False,endpoint-3:worker:0,0,668555,default,endpoint-3,1,completed,,10.097670555114746,0.0015039443969726562,300348,1,281,21,192,10.077934654429555,1785485273.1431231,1785485283.221058,1785485273.1431537,1785485283.2149599,1785485283.2209778,10.071806205436587,0.006017690524458885
5,prefix_cache_routing_4ep_1.5b_hitrate,formal,1,1102,18.4 (Ubuntu 18.4-1.pgdg22.04+1),0.8.5,349,1102:request:300349,1102:batch:32,-1,False,endpoint-0:worker:0,0,668553,default,endpoint-0,0,completed,,6.373077392578125,0.0014219284057617188,300349,1,518,223,204,6.336492503061891,1785485273.1462483,1785485279.4827406,1785485273.1462786,1785485279.4749374,1785485279.4826155,6.32865865714848,0.007678333669900894
5,prefix_cache_routing_4ep_1.5b_hitrate,formal,1,1102,18.4 (Ubuntu 18.4-1.pgdg22.04+1),0.8.5,350,1102:request:300350,1102:batch:32,-1,False,endpoint-3:worker:0,0,668555,default,endpoint-3,1,completed,,10.09454870223999,0.0013427734375,300350,1,802,471,210,10.073041072115302,1785485273.1486738,1785485283.2217147,1785485273.1487083,1785485283.2152448,1785485283.2215588,10.066536640748382,0.006313838064670563
5,prefix_cache_routing_4ep_1.5b_hitrate,formal,1,1102,18.4 (Ubuntu 18.4-1.pgdg22.04+1),0.8.5,351,1102:request:300351,1102:batch:32,-1,False,endpoint-0:worker:0,0,668553,default,endpoint-0,0,completed,,6.633117198944092,0.0013439655303955078,300351,1,1064,701,196,6.62455565482378,1785485273.151918,1785485279.7764733,1785485273.1519468,1785485279.7752728,1785485279.7762392,6.623326225206256,0.0009659659117460251
5,prefix_cache_routing_4ep_1.5b_hitrate,formal,1,1102,18.4 (Ubuntu 18.4-1.pgdg22.04+1),0.8.5,352,1102:request:300352,1102:batch:32,-1,False,endpoint-1:worker:0,0,668554,default,endpoint-1,0,completed,,6.244171142578125,0.0014941692352294922,300352,1,267,10,227,6.168873526155949,1785485273.1544826,1785485279.3233557,1785485273.1545262,1785485279.3209903,1785485279.3232746,6.166463810950518,0.0022844262421131134
5,prefix_cache_routing_4ep_1.5b_hitrate,formal,1,1102,18.4 (Ubuntu 18.4-1.pgdg22.04+1),0.8.5,353,1102:request:300353,1102:batch:32,-1,False,endpoint-3:worker:0,0,668555,default,endpoint-3,1,completed,,7.7071003913879395,0.0015063285827636719,300353,1,517,363,108,7.703332832083106,1785485273.1582751,1785485280.8616073,1785485273.1583204,1785485280.8605824,1785485280.8614078,7.702262785285711,0.0008245594799518585
5,prefix_cache_routing_4ep_1.5b_hitrate,formal,1,1102,18.4 (Ubuntu 18.4-1.pgdg22.04+1),0.8.5,354,1102:request:300354,1102:batch:32,-1,False,endpoint-0:worker:0,0,668553,default,endpoint-0,0,completed,,2.988628625869751,0.001605987548828125,300354,1,651,485,102,2.9850805532187223,1785485273.160831,1785485276.1459112,1785485273.1608593,1785485276.1443925,1785485276.1455297,2.9835341162979603,0.0011365879327058792
5,prefix_cache_routing_4ep_1.5b_hitrate,formal,1,1102,18.4 (Ubuntu 18.4-1.pgdg22.04+1),0.8.5,355,1102:request:300355,1102:batch:33,-1,False,endpoint-3:worker:0,0,668555,default,endpoint-3,1,completed,,7.817918062210083,0.0013337135314941406,300355,1,743,553,110,7.8141513634473085,1785485273.1630433,1785485280.9771945,1785485273.163078,1785485280.9751606,1785485280.9767613,7.812083039432764,0.0016005095094442368
5,prefix_cache_routing_4ep_1.5b_hitrate,formal,1,1102,18.4 (Ubuntu 18.4-1.pgdg22.04+1),0.8.5,356,1102:request:300356,1102:batch:33,-1,False,endpoint-0:worker:0,0,668553,default,endpoint-0,0,completed,,3.9558849334716797,0.002151966094970703,300356,1,934,683,143,3.952635793015361,1785485273.1671586,1785485277.1197908,1785485273.1672914,1785485277.1189582,1785485277.1195624,3.9516674894839525,0.0006037726998329163
5,prefix_cache_routing_4ep_1.5b_hitrate,formal,1,1102,18.4 (Ubuntu 18.4-1.pgdg22.04+1),0.8.5,357,1102:request:300357,1102:batch:33,-1,False,endpoint-2:worker:0,0,668556,default,endpoint-2,1,completed,,3.5409035682678223,0.002763986587524414,300357,1,161,5,123,3.534759083762765,1785485273.172807,1785485276.7075653,1785485273.1728716,1785485276.7046173,1785485276.7071304,3.531746970489621,0.0025117527693510056
5,prefix_cache_routing_4ep_1.5b_hitrate,formal,1,1102,18.4 (Ubuntu 18.4-1.pgdg22.04+1),0.8.5,358,1102:request:300358,1102:batch:33,-1,False,endpoint-1:worker:0,0,668554,default,endpoint-1,0,completed,,4.688769578933716,0.0016248226165771484,300358,1,251,25,160,4.672590399160981,1785485273.1747718,1785485277.8473616,1785485273.1748068,1785485277.8468657,1785485277.847276,4.6720590610057116,0.00041025131940841675
5,prefix_cache_routing_4ep_1.5b_hitrate,formal,1,1102,18.4 (Ubuntu 18.4-1.pgdg22.04+1),0.8.5,359,1102:request:300359,1102:batch:33,-1,False,endpoint-3:worker:0,0,668555,default,endpoint-3,1,completed,,10.073503255844116,0.0013425350189208984,300359,1,679,157,183,10.04583315551281,1785485273.1771612,1785485283.2229939,1785485273.1771984,1785485283.2158482,1785485283.2228734,10.038649844005704,0.00702492892742157
5,prefix_cache_routing_4ep_1.5b_hitrate,formal,1,1102,18.4 (Ubuntu 18.4-1.pgdg22.04+1),0.8.5,360,1102:request:300360,1102:batch:33,-1,False,endpoint-0:worker:0,0,668553,default,endpoint-0,0,completed,,6.600836992263794,0.0012888908386230469,300360,1,721,177,159,6.595026319846511,1785485273.1798134,1785485279.7748396,1785485273.1798446,1785485279.7721963,1785485279.774611,6.592353064566851,0.002413775771856308
5,prefix_cache_routing_4ep_1.5b_hitrate,formal,1,1102,18.4 (Ubuntu 18.4-1.pgdg22.04+1),0.8.5,361,1102:request:300361,1102:batch:33,-1,False,endpoint-3:worker:0,0,668555,default,endpoint-3,1,completed,,10.078171253204346,0.0010986328125,300361,1,695,367,188,10.03656306117773,1785485273.1820848,1785485283.2186475,1785485273.1821196,1785485283.213747,1785485283.2184916,10.031627232208848,0.004744613543152809
5,prefix_cache_routing_4ep_1.5b_hitrate,formal,1,1102,18.4 (Ubuntu 18.4-1.pgdg22.04+1),0.8.5,362,1102:request:300362,1102:batch:33,-1,False,endpoint-0:worker:0,0,668553,default,endpoint-0,0,completed,,3.921555519104004,0.0010552406311035156,300362,1,779,503,124,3.917636999860406,1785485273.1847825,1785485277.1024199,1785485273.1848106,1785485277.100615,1785485277.1019268,3.915805948898196,0.0013105571269989014
5,prefix_cache_routing_4ep_1.5b_hitrate,formal,1,1102,18.4 (Ubuntu 18.4-1.pgdg22.04+1),0.8.5,363,1102:request:300363,1102:batch:33,-1,False,endpoint-3:worker:0,0,668555,default,endpoint-3,1,completed,,10.078752756118774,0.0013761520385742188,300363,1,273,12,189,10.034745771437883,1785485273.1875768,1785485283.2223222,1785485273.1876087,1785485283.2155597,1785485283.222244,10.02795092947781,0.006684349849820137
5,prefix_cache_routing_4ep_1.5b_hitrate,formal,1,1102,18.4 (Ubuntu 18.4-1.pgdg22.04+1),0.8.5,364,1102:request:300364,1102:batch:33,-1,False,endpoint-0:worker:0,0,668553,default,endpoint-0,0,completed,,7.163419723510742,0.0011813640594482422,300364,1,606,70,89,7.159890403971076,1785485273.1900637,1785485280.3499544,1785485273.1900914,1785485280.3471198,1785485280.3495471,7.157029738649726,0.0024264678359031677
5,prefix_cache_routing_4ep_1.5b_hitrate,formal,1,1102,18.4 (Ubuntu 18.4-1.pgdg22.04+1),0.8.5,365,1102:request:300365,1102:batch:33,-1,False,endpoint-3:worker:0,0,668555,default,endpoint-3,1,completed,,8.85701847076416,0.002329111099243164,300365,1,285,9,96,8.84712078794837,1785485274.3790727,1785485283.2261932,1785485274.3791144,1785485283.217029,1785485283.2261019,8.837914537638426,0.009072486311197281
5,prefix_cache_routing_4ep_1.5b_hitrate,formal,1,1102,18.4 (Ubuntu 18.4-1.pgdg22.04+1),0.8.5,366,1102:request:300366,1102:batch:33,-1,False,endpoint-0:worker:0,0,668553,default,endpoint-0,0,completed,,6.222108364105225,0.002602815628051758,300366,1,272,13,135,6.217200119048357,1785485274.3833678,1785485280.6005664,1785485274.3834789,1785485280.5983224,1785485280.6004303,6.214844543486834,0.0021066777408123016
5,prefix_cache_routing_4ep_1.5b_hitrate,formal,1,1102,18.4 (Ubuntu 18.4-1.pgdg22.04+1),0.8.5,367,1102:request:300367,1102:batch:33,-1,False,endpoint-1:worker:0,0,668554,default,endpoint-1,0,completed,,5.664050817489624,0.0029783248901367188,300367,1,275,14,162,5.65746414475143,1785485274.4399176,1785485280.0973814,1785485274.4399612,1785485280.0960836,1785485280.097253,5.656123477965593,0.0011686831712722778
5,prefix_cache_routing_4ep_1.5b_hitrate,formal,1,1102,18.4 (Ubuntu 18.4-1.pgdg22.04+1),0.8.5,368,1102:request:300368,1102:batch:33,-1,False,endpoint-1:worker:0,0,668554,default,endpoint-1,0,completed,,5.661515474319458,0.0013217926025390625,300368,1,312,21,185,5.655182121321559,1785485274.443217,1785485280.0983992,1785485274.443247,1785485280.0977528,1785485280.0982976,5.654505800455809,0.0005445796996355057
5,prefix_cache_routing_4ep_1.5b_hitrate,formal,1,1102,18.4 (Ubuntu 18.4-1.pgdg22.04+1),0.8.5,369,1102:request:300369,1102:batch:33,-1,False,endpoint-1:worker:0,0,668554,default,endpoint-1,0,completed,,5.654114246368408,0.0017096996307373047,300369,1,264,7,138,5.650844661518931,1785485274.4622333,1785485280.1130784,1785485274.462259,1785485280.1114156,1785485280.11283,5.649157194420695,0.0014140605926513672
5,prefix_cache_routing_4ep_1.5b_hitrate,formal,1,1102,18.4 (Ubuntu 18.4-1.pgdg22.04+1),0.8.5,370,1102:request:300370,1102:batch:33,-1,False,endpoint-1:worker:0,0,668554,default,endpoint-1,0,completed,,5.6640565395355225,0.001215219497680664,300370,1,445,144,195,5.661424852907658,1785485274.4657328,1785485280.1271577,1785485274.4657629,1785485280.1264586,1785485280.1270015,5.660695863887668,0.0005429517477750778
5,prefix_cache_routing_4ep_1.5b_hitrate,formal,1,1102,18.4 (Ubuntu 18.4-1.pgdg22.04+1),0.8.5,371,1102:request:300371,1102:batch:33,-1,False,endpoint-2:worker:0,0,668556,default,endpoint-2,1,completed,,2.2246100902557373,0.002276182174682617,300371,1,593,258,96,2.220758132636547,1785485274.9580953,1785485277.1788533,1785485274.9581459,1785485277.176984,1785485277.1784732,2.21883899345994,0.0014884751290082932
5,prefix_cache_routing_4ep_1.5b_hitrate,formal,1,1102,18.4 (Ubuntu 18.4-1.pgdg22.04+1),0.8.5,372,1102:request:300372,1102:batch:33,-1,False,endpoint-0:worker:0,0,668553,default,endpoint-0,0,completed,,2.837200403213501,0.0021407604217529297,300372,1,703,379,77,2.831889219582081,1785485275.1707401,1785485278.0026295,1785485275.170779,1785485278.001069,1785485278.002318,2.8302910570055246,0.001248108223080635
5,prefix_cache_routing_4ep_1.5b_hitrate,formal,1,1102,18.4 (Ubuntu 18.4-1.pgdg22.04+1),0.8.5,373,1102:request:300373,1102:batch:34,-1,False,endpoint-1:worker:0,0,668554,default,endpoint-1,0,completed,,1.6486260890960693,0.0018160343170166016,300373,1,801,450,73,1.64424167573452,1785485275.183348,1785485276.8275902,1785485275.1833901,1785485276.8257904,1785485276.8270957,1.642401373013854,0.0013044960796833038
5,prefix_cache_routing_4ep_1.5b_hitrate,formal,1,1102,18.4 (Ubuntu 18.4-1.pgdg22.04+1),0.8.5,374,1102:request:300374,1102:batch:34,-1,False,endpoint-3:worker:0,0,668555,default,endpoint-3,1,completed,,5.897131681442261,0.0020952224731445312,300374,1,932,514,105,5.892669405788183,1785485275.2498538,1785485281.142523,1785485275.2498918,1785485281.1406302,1785485281.1420486,5.890739027410746,0.0014179404824972153
5,prefix_cache_routing_4ep_1.5b_hitrate,formal,1,1102,18.4 (Ubuntu 18.4-1.pgdg22.04+1),0.8.5,375,1102:request:300375,1102:batch:34,-1,False,endpoint-2:worker:0,0,668556,default,endpoint-2,1,completed,,5.722375154495239,0.003238677978515625,300375,1,271,12,182,5.717041566967964,1785485275.2525582,1785485280.969599,1785485275.252647,1785485280.9688509,1785485280.9694574,5.7162040285766125,0.0006060078740119934
5,prefix_cache_routing_4ep_1.5b_hitrate,formal,1,1102,18.4 (Ubuntu 18.4-1.pgdg22.04+1),0.8.5,376,1102:request:300376,1102:batch:34,-1,False,endpoint-3:worker:0,0,668555,default,endpoint-3,1,completed,,7.993867635726929,0.0013811588287353516,300376,1,442,160,212,7.970513921231031,1785485275.254096,1785485283.2246099,1785485275.2541296,1785485283.2164533,1785485283.2244983,7.962323892861605,0.00804474763572216
5,prefix_cache_routing_4ep_1.5b_hitrate,formal,1,1102,18.4 (Ubuntu 18.4-1.pgdg22.04+1),0.8.5,377,1102:request:300377,1102:batch:34,-1,False,endpoint-1:worker:0,0,668554,default,endpoint-1,0,completed,,2.315225601196289,0.0018646717071533203,300377,1,537,345,106,2.3119345512241125,1785485275.281104,1785485277.5930386,1785485275.2811408,1785485277.5923817,1785485277.5929062,2.3112413585186005,0.0005242619663476944
5,prefix_cache_routing_4ep_1.5b_hitrate,formal,1,1102,18.4 (Ubuntu 18.4-1.pgdg22.04+1),0.8.5,378,1102:request:300378,1102:batch:34,-1,False,endpoint-2:worker:0,0,668556,default,endpoint-2,1,completed,,5.7144553661346436,0.0025832653045654297,300378,1,265,7,126,5.710501708090305,1785485275.2852125,1785485280.9957135,1785485275.28528,1785485280.9949718,1785485280.9955864,5.709691250696778,0.000614674761891365
5,prefix_cache_routing_4ep_1.5b_hitrate,formal,1,1102,18.4 (Ubuntu 18.4-1.pgdg22.04+1),0.8.5,379,1102:request:300379,1102:batch:34,-1,False,endpoint-3:worker:0,0,668555,default,endpoint-3,1,completed,,7.949701309204102,0.0014350414276123047,300379,1,682,215,133,7.932589383795857,1785485275.287915,1785485283.2205043,1785485275.2879467,1785485283.2146618,1785485283.2203689,7.926715100184083,0.005707120522856712
5,prefix_cache_routing_4ep_1.5b_hitrate,formal,1,1102,18.4 (Ubuntu 18.4-1.pgdg22.04+1),0.8.5,380,1102:request:300380,1102:batch:34,-1,False,endpoint-0:worker:0,0,668553,default,endpoint-0,0,completed,,5.451664924621582,0.002271413803100586,300380,1,1268,475,106,5.44699583761394,1785485275.63341,1785485281.0804055,1785485275.633459,1785485281.0787346,1785485281.0801737,5.445276128128171,0.001438399776816368
5,prefix_cache_routing_4ep_1.5b_hitrate,formal,1,1102,18.4 (Ubuntu 18.4-1.pgdg22.04+1),0.8.5,381,1102:request:300381,1102:batch:34,-1,False,endpoint-2:worker:0,0,668556,default,endpoint-2,1,completed,,5.767728328704834,0.0021669864654541016,300381,1,1605,589,86,5.763725943863392,1785485275.8237407,1785485281.5874662,1785485275.8237984,1785485281.5864642,1785485281.5871108,5.762666143476963,0.0006460566073656082
5,prefix_cache_routing_4ep_1.5b_hitrate,formal,1,1102,18.4 (Ubuntu 18.4-1.pgdg22.04+1),0.8.5,382,1102:request:300382,1102:batch:34,-1,False,endpoint-3:worker:0,0,668555,default,endpoint-3,1,completed,,7.5683605670928955,0.003010988235473633,300382,1,976,231,110,7.547039186581969,1785485275.8280284,1785485283.375066,1785485275.828137,1785485283.3719187,1785485283.3749337,7.543781008571386,0.003015263006091118
5,prefix_cache_routing_4ep_1.5b_hitrate,formal,1,1102,18.4 (Ubuntu 18.4-1.pgdg22.04+1),0.8.5,383,1102:request:300383,1102:batch:34,-1,False,endpoint-0:worker:0,0,668553,default,endpoint-0,0,completed,,7.4648497104644775,0.0023064613342285156,300383,1,404,54,143,7.458524636924267,1785485275.9070256,1785485283.3655498,1785485275.9070752,1785485283.3638384,1785485283.36539,7.4567642994225025,0.001550702378153801
5,prefix_cache_routing_4ep_1.5b_hitrate,formal,1,1102,18.4 (Ubuntu 18.4-1.pgdg22.04+1),0.8.5,384,1102:request:300384,1102:batch:35,-1,False,endpoint-1:worker:0,0,668554,default,endpoint-1,0,completed,,5.562326669692993,0.002074003219604492,300384,1,782,259,115,5.558051155880094,1785485276.0030036,1785485281.5610547,1785485276.0030456,1785485281.560369,1785485281.560873,5.5573230888694525,0.0005040746182203293
5,prefix_cache_routing_4ep_1.5b_hitrate,formal,1,1102,18.4 (Ubuntu 18.4-1.pgdg22.04+1),0.8.5,385,1102:request:300385,1102:batch:35,-1,False,endpoint-3:worker:0,0,668555,default,endpoint-3,1,completed,,7.383791446685791,0.0025887489318847656,300385,1,1256,570,113,7.365678740665317,1785485276.0078955,1785485283.3735733,1785485276.0079505,1785485283.3711402,1785485283.3733807,7.3631895724684,0.0022403113543987274
5,prefix_cache_routing_4ep_1.5b_hitrate,formal,1,1102,18.4 (Ubuntu 18.4-1.pgdg22.04+1),0.8.5,386,1102:request:300386,1102:batch:35,-1,False,endpoint-0:worker:0,0,668553,default,endpoint-0,0,completed,,7.95392632484436,0.002357006072998047,300386,1,1683,863,160,7.949164759367704,1785485276.2639341,1785485284.2130988,1785485276.2639887,1785485284.211804,1785485284.2126024,7.947815872728825,0.000797981396317482
5,prefix_cache_routing_4ep_1.5b_hitrate,formal,1,1102,18.4 (Ubuntu 18.4-1.pgdg22.04+1),0.8.5,387,1102:request:300387,1102:batch:35,-1,False,endpoint-3:worker:0,0,668555,default,endpoint-3,1,completed,,7.132079601287842,0.0021882057189941406,300387,1,266,8,187,7.107142388820648,1785485276.265871,1785485283.3730128,1785485276.2659147,1785485283.3708556,1785485283.3729124,7.104941047728062,0.0020567066967487335
5,prefix_cache_routing_4ep_1.5b_hitrate,formal,1,1102,18.4 (Ubuntu 18.4-1.pgdg22.04+1),0.8.5,388,1102:request:300388,1102:batch:35,-1,False,endpoint-3:worker:0,0,668555,default,endpoint-3,1,completed,,7.116607189178467,0.003289937973022461,300388,1,265,6,144,7.1050787307322025,1785485276.2689366,1785485283.3740153,1785485276.268971,1785485283.371416,1785485283.3739443,7.102444948628545,0.002528280019760132
5,prefix_cache_routing_4ep_1.5b_hitrate,formal,1,1102,18.4 (Ubuntu 18.4-1.pgdg22.04+1),0.8.5,389,1102:request:300389,1102:batch:35,-1,False,endpoint-3:worker:0,0,668555,default,endpoint-3,1,completed,,7.117618083953857,0.0029060840606689453,300389,1,697,296,158,7.104406265541911,1785485276.2701116,1785485283.3745177,1785485276.270146,1785485283.3716698,1785485283.3744013,7.10152380168438,0.0027314331382513046
5,prefix_cache_routing_4ep_1.5b_hitrate,formal,1,1102,18.4 (Ubuntu 18.4-1.pgdg22.04+1),0.8.5,390,1102:request:300390,1102:batch:35,-1,False,endpoint-0:worker:0,0,668553,default,endpoint-0,0,completed,,8.039734840393066,0.0016574859619140625,300390,1,1077,542,149,8.035009149461985,1785485276.2704418,1785485284.305451,1785485276.2704792,1785485284.3035953,1785485284.304894,8.0331170540303,0.001297948881983757
5,prefix_cache_routing_4ep_1.5b_hitrate,formal,1,1102,18.4 (Ubuntu 18.4-1.pgdg22.04+1),0.8.5,391,1102:request:300391,1102:batch:35,-1,False,endpoint-0:worker:0,0,668553,default,endpoint-0,0,completed,,7.917820453643799,0.002341032028198242,300391,1,1485,798,157,7.909193059429526,1785485276.3976796,1785485284.3068724,1785485276.3977299,1785485284.3060904,1785485284.3066187,7.908360494300723,0.0005284100770950317
5,prefix_cache_routing_4ep_1.5b_hitrate,formal,1,1102,18.4 (Ubuntu 18.4-1.pgdg22.04+1),0.8.5,392,1102:request:300392,1102:batch:35,-1,False,endpoint-1:worker:0,0,668554,default,endpoint-1,0,completed,,5.632514238357544,0.0027022361755371094,300392,1,685,278,177,5.627930691465735,1785485276.401474,1785485282.0294042,1785485276.4015362,1785485282.0276973,1785485282.0290864,5.626161431893706,0.00138884037733078
5,prefix_cache_routing_4ep_1.5b_hitrate,formal,1,1102,18.4 (Ubuntu 18.4-1.pgdg22.04+1),0.8.5,393,1102:request:300393,1102:batch:36,-1,False,endpoint-3:worker:0,0,668555,default,endpoint-3,1,completed,,6.975312948226929,0.0018415451049804688,300393,1,864,432,149,6.966767625883222,1785485276.4037757,1785485283.370543,1785485276.403824,1785485283.3690443,1785485283.3703542,6.9652207642793655,0.0013093911111354828
5,prefix_cache_routing_4ep_1.5b_hitrate,formal,1,1102,18.4 (Ubuntu 18.4-1.pgdg22.04+1),0.8.5,394,1102:request:300394,1102:batch:36,-1,False,endpoint-2:worker:0,0,668556,default,endpoint-2,1,completed,,5.774777173995972,0.002539396286010742,300394,1,1325,731,167,5.770030973479152,1785485276.435561,1785485282.205592,1785485276.435619,1785485282.2044644,1785485282.205248,5.768845604732633,0.000783335417509079
5,prefix_cache_routing_4ep_1.5b_hitrate,formal,1,1102,18.4 (Ubuntu 18.4-1.pgdg22.04+1),0.8.5,395,1102:request:300395,1102:batch:36,-1,False,endpoint-1:worker:0,0,668554,default,endpoint-1,0,completed,,5.607079267501831,0.002616405487060547,300395,1,267,10,138,5.603058695793152,1785485276.4392385,1785485282.0422966,1785485276.4393167,1785485282.0416853,1785485282.0421927,5.602368472144008,0.0005071405321359634
5,prefix_cache_routing_4ep_1.5b_hitrate,formal,1,1102,18.4 (Ubuntu 18.4-1.pgdg22.04+1),0.8.5,396,1102:request:300396,1102:batch:36,-1,False,endpoint-0:worker:0,0,668553,default,endpoint-0,0,completed,,7.918992042541504,0.0019431114196777344,300396,1,543,197,166,7.9121449906378984,1785485276.4421036,1785485284.3542488,1785485276.4421518,1785485284.3527148,1785485284.3538852,7.910563541576266,0.0011700429022312164
5,prefix_cache_routing_4ep_1.5b_hitrate,formal,1,1102,18.4 (Ubuntu 18.4-1.pgdg22.04+1),0.8.5,397,1102:request:300397,1102:batch:36,-1,False,endpoint-2:worker:0,0,668556,default,endpoint-2,1,completed,,5.759117841720581,0.0018010139465332031,300397,1,958,485,171,5.755814254283905,1785485276.7240825,1785485282.4798968,1785485276.7241235,1785485282.4789045,1785485282.479597,5.754781391471624,0.0006922613829374313
5,prefix_cache_routing_4ep_1.5b_hitrate,formal,1,1102,18.4 (Ubuntu 18.4-1.pgdg22.04+1),0.8.5,398,1102:request:300398,1102:batch:36,-1,False,endpoint-3:worker:0,0,668555,default,endpoint-3,1,completed,,6.541537523269653,0.0032052993774414062,300398,1,1299,721,178,6.53247725404799,1785485276.8432353,1785485283.3757114,1785485276.8433218,1785485283.3724644,1785485283.3755248,6.52914204262197,0.0030604135245084763
5,prefix_cache_routing_4ep_1.5b_hitrate,formal,1,1102,18.4 (Ubuntu 18.4-1.pgdg22.04+1),0.8.5,399,1102:request:300399,1102:batch:36,-1,False,endpoint-1:worker:0,0,668554,default,endpoint-1,0,completed,,5.7575013637542725,0.004807949066162109,300399,1,1514,872,180,5.738944787532091,1785485276.850702,1785485282.5896463,1785485276.8507905,1785485282.5888503,1785485282.5893962,5.738059762865305,0.0005457289516925812
5,prefix_cache_routing_4ep_1.5b_hitrate,formal,1,1102,18.4 (Ubuntu 18.4-1.pgdg22.04+1),0.8.5,400,1102:request:300400,1102:batch:36,-1,False,endpoint-0:worker:0,0,668553,default,endpoint-0,0,completed,,7.507583141326904,0.0021190643310546875,300400,1,611,251,169,7.5030078291893005,1785485276.8543887,1785485284.3573956,1785485276.8544424,1785485284.3559422,1785485284.3572524,7.501500086858869,0.0013100150972604752
5,prefix_cache_routing_4ep_1.5b_hitrate,formal,1,1102,18.4 (Ubuntu 18.4-1.pgdg22.04+1),0.8.5,401,1102:request:300401,1102:batch:37,-1,False,endpoint-1:worker:0,0,668554,default,endpoint-1,0,completed,,5.659609079360962,0.001802206039428711,300401,1,1087,604,151,5.655684012919664,1785485276.9922228,1785485282.6479065,1785485276.992267,1785485282.646696,1785485282.6475387,5.654429664835334,0.0008422099053859711
5,prefix_cache_routing_4ep_1.5b_hitrate,formal,1,1102,18.4 (Ubuntu 18.4-1.pgdg22.04+1),0.8.5,402,1102:request:300402,1102:batch:37,-1,False,endpoint-0:worker:0,0,668553,default,endpoint-0,0,completed,,7.24144721031189,0.002126455307006836,300402,1,1385,797,165,7.230511141940951,1785485277.1263034,1785485284.3568141,1785485277.126354,1785485284.3550465,1785485284.3564925,7.22869273647666,0.001445867121219635
5,prefix_cache_routing_4ep_1.5b_hitrate,formal,1,1102,18.4 (Ubuntu 18.4-1.pgdg22.04+1),0.8.5,403,1102:request:300403,1102:batch:37,-1,False,endpoint-3:worker:0,0,668555,default,endpoint-3,1,completed,,6.643432140350342,0.0016765594482421875,300403,1,821,355,178,6.6087615340948105,1785485277.1292245,1785485283.7379856,1785485277.129273,1785485283.7319872,1785485283.7378206,6.602714292705059,0.005833327770233154
5,prefix_cache_routing_4ep_1.5b_hitrate,formal,1,1102,18.4 (Ubuntu 18.4-1.pgdg22.04+1),0.8.5,404,1102:request:300404,1102:batch:37,-1,False,endpoint-3:worker:0,0,668555,default,endpoint-3,1,completed,,5.826225519180298,0.0018472671508789062,300404,1,1074,539,165,5.814785012975335,1785485277.1743202,1785485282.9891052,1785485277.1743507,1785485282.9875627,1785485282.9888568,5.813212713226676,0.0012931060045957565
5,prefix_cache_routing_4ep_1.5b_hitrate,formal,1,1102,18.4 (Ubuntu 18.4-1.pgdg22.04+1),0.8.5,405,1102:request:300405,1102:batch:37,-1,False,endpoint-3:worker:0,0,668555,default,endpoint-3,1,completed,,6.599997043609619,0.001432180404663086,300405,1,1120,567,162,6.557575097307563,1785485277.1789253,1785485283.7365,1785485277.178958,1785485283.7313623,1785485283.736309,6.552404662594199,0.004946563392877579
5,prefix_cache_routing_4ep_1.5b_hitrate,formal,1,1102,18.4 (Ubuntu 18.4-1.pgdg22.04+1),0.8.5,406,1102:request:300406,1102:batch:37,-1,False,endpoint-1:worker:0,0,668554,default,endpoint-1,0,completed,,5.769715309143066,0.0022003650665283203,300406,1,1415,771,182,5.76614037156105,1785485277.4024086,1785485283.1685486,1785485277.4025407,1785485283.1675637,1785485283.168236,5.765023166313767,0.000672072172164917
5,prefix_cache_routing_4ep_1.5b_hitrate,formal,1,1102,18.4 (Ubuntu 18.4-1.pgdg22.04+1),0.8.5,407,1102:request:300407,1102:batch:38,-1,False,endpoint-3:worker:0,0,668555,default,endpoint-3,1,completed,,6.318906784057617,0.002042531967163086,300407,1,1723,957,172,6.266814028844237,1785485277.4667506,1785485283.7335646,1785485277.4667878,1785485283.7301269,1785485283.7332516,6.263339057564735,0.003124641254544258
5,prefix_cache_routing_4ep_1.5b_hitrate,formal,1,1102,18.4 (Ubuntu 18.4-1.pgdg22.04+1),0.8.5,408,1102:request:300408,1102:batch:38,-1,False,endpoint-2:worker:0,0,668556,default,endpoint-2,1,completed,,5.797465085983276,0.0031163692474365234,300408,1,651,220,166,5.791112212464213,1785485277.469936,1785485283.2610471,1785485277.4700215,1785485283.2601175,1785485283.2608066,5.790096277371049,0.0006886851042509079
5,prefix_cache_routing_4ep_1.5b_hitrate,formal,1,1102,18.4 (Ubuntu 18.4-1.pgdg22.04+1),0.8.5,409,1102:request:300409,1102:batch:38,-1,False,endpoint-0:worker:0,0,668553,default,endpoint-0,0,completed,,6.968200445175171,0.002658367156982422,300409,1,1143,538,132,6.9636509250849485,1785485277.4714284,1785485284.4350786,1785485277.4714983,1785485284.4332707,1785485284.4348104,6.961772743612528,0.0015391837805509567
5,prefix_cache_routing_4ep_1.5b_hitrate,formal,1,1102,18.4 (Ubuntu 18.4-1.pgdg22.04+1),0.8.5,410,1102:request:300410,1102:batch:38,-1,False,endpoint-1:worker:0,0,668554,default,endpoint-1,0,completed,,5.7311482429504395,0.0017096996307373047,300410,1,455,138,146,5.727408427745104,1785485277.4722056,1785485283.1996138,1785485277.4722474,1785485283.1970448,1785485283.1994698,5.724798018112779,0.002424389123916626
5,prefix_cache_routing_4ep_1.5b_hitrate,formal,1,1102,18.4 (Ubuntu 18.4-1.pgdg22.04+1),0.8.5,411,1102:request:300411,1102:batch:38,-1,False,endpoint-3:worker:0,0,668555,default,endpoint-3,1,completed,,6.2128541469573975,0.0022563934326171875,300411,1,977,292,85,6.179536808282137,1785485277.5532346,1785485283.7327712,1785485277.5532675,1785485283.729768,1785485283.7325695,6.176500579342246,0.002801310271024704
5,prefix_cache_routing_4ep_1.5b_hitrate,formal,1,1102,18.4 (Ubuntu 18.4-1.pgdg22.04+1),0.8.5,412,1102:request:300412,1102:batch:38,-1,False,endpoint-1:worker:0,0,668554,default,endpoint-1,0,completed,,5.786359071731567,0.0019028186798095703,300412,1,1358,485,131,5.77989480830729,1785485277.644045,1785485283.42394,1785485277.6440768,1785485283.4221241,1785485283.423345,5.778047911822796,0.0012208614498376846
5,prefix_cache_routing_4ep_1.5b_hitrate,formal,1,1102,18.4 (Ubuntu 18.4-1.pgdg22.04+1),0.8.5,413,1102:request:300413,1102:batch:38,-1,False,endpoint-2:worker:0,0,668556,default,endpoint-2,1,completed,,4.587297201156616,0.002750396728515625,300413,1,200,7,152,4.582627208903432,1785485277.6496968,1785485282.2323232,1785485277.6497695,1785485282.2315273,1785485282.2321954,4.581757990643382,0.0006676334887742996
5,prefix_cache_routing_4ep_1.5b_hitrate,formal,1,1102,18.4 (Ubuntu 18.4-1.pgdg22.04+1),0.8.5,414,1102:request:300414,1102:batch:38,-1,False,endpoint-2:worker:0,0,668556,default,endpoint-2,1,completed,,5.904603958129883,0.003527402877807617,300414,1,357,84,148,5.898477248847485,1785485277.6523867,1785485283.5508635,1785485277.6524189,1785485283.5500488,1785485283.550675,5.897630460560322,0.0006257239729166031
5,prefix_cache_routing_4ep_1.5b_hitrate,formal,1,1102,18.4 (Ubuntu 18.4-1.pgdg22.04+1),0.8.5,415,1102:request:300415,1102:batch:38,-1,False,endpoint-3:worker:0,0,668555,default,endpoint-3,1,completed,,6.0740673542022705,0.0017535686492919922,300415,1,921,356,170,6.064178604632616,1785485277.6700835,1785485283.734262,1785485277.6701188,1785485283.7304475,1785485283.7340672,6.060328759253025,0.003619495779275894
5,prefix_cache_routing_4ep_1.5b_hitrate,formal,1,1102,18.4 (Ubuntu 18.4-1.pgdg22.04+1),0.8.5,416,1102:request:300416,1102:batch:38,-1,False,endpoint-2:worker:0,0,668556,default,endpoint-2,1,completed,,3.865288019180298,0.0014026165008544922,300416,1,170,17,117,3.859050350263715,1785485277.6717672,1785485281.5308175,1785485277.671797,1785485281.5300038,1785485281.5307016,3.8582072388380766,0.000697501003742218
5,prefix_cache_routing_4ep_1.5b_hitrate,formal,1,1102,18.4 (Ubuntu 18.4-1.pgdg22.04+1),0.8.5,417,1102:request:300417,1102:batch:38,-1,False,endpoint-2:worker:0,0,668556,default,endpoint-2,1,completed,,5.93176007270813,0.0013070106506347656,300417,1,408,127,211,5.911908304318786,1785485277.673357,1785485283.5852652,1785485277.673393,1785485283.5840824,1785485283.585109,5.910689502954483,0.001026621088385582
5,prefix_cache_routing_4ep_1.5b_hitrate,formal,1,1102,18.4 (Ubuntu 18.4-1.pgdg22.04+1),0.8.5,418,1102:request:300418,1102:batch:39,-1,False,endpoint-2:worker:0,0,668556,default,endpoint-2,1,completed,,5.9195520877838135,0.0017440319061279297,300418,1,526,228,226,5.908471779897809,1785485277.6775017,1785485283.5859733,1785485277.677541,1785485283.5844631,1785485283.5857966,5.906922169029713,0.0013334210962057114
5,prefix_cache_routing_4ep_1.5b_hitrate,formal,1,1102,18.4 (Ubuntu 18.4-1.pgdg22.04+1),0.8.5,419,1102:request:300419,1102:batch:39,-1,False,endpoint-2:worker:0,0,668556,default,endpoint-2,1,completed,,5.910365343093872,0.0015530586242675781,300419,1,842,493,209,5.904641447588801,1785485277.679056,1785485283.5836976,1785485277.6790946,1785485283.582765,1785485283.58341,5.903670944273472,0.0006446149200201035
5,prefix_cache_routing_4ep_1.5b_hitrate,formal,1,1102,18.4 (Ubuntu 18.4-1.pgdg22.04+1),0.8.5,420,1102:request:300420,1102:batch:39,-1,False,endpoint-3:worker:0,0,668555,default,endpoint-3,1,completed,,4.573560476303101,0.002157449722290039,300420,1,1194,838,185,4.56989442743361,1785485277.6833422,1785485282.253236,1785485277.6834652,1785485282.2518685,1785485282.2528358,4.5684035792946815,0.0009668115526437759
5,prefix_cache_routing_4ep_1.5b_hitrate,formal,1,1102,18.4 (Ubuntu 18.4-1.pgdg22.04+1),0.8.5,421,1102:request:300421,1102:batch:39,-1,False,endpoint-3:worker:0,0,668555,default,endpoint-3,1,completed,,6.055206537246704,0.0013575553894042969,300421,1,625,321,205,6.042736392468214,1785485277.6866546,1785485283.7293909,1785485277.6866884,1785485283.7277067,1785485283.7291958,6.041019422933459,0.0014876965433359146
5,prefix_cache_routing_4ep_1.5b_hitrate,formal,1,1102,18.4 (Ubuntu 18.4-1.pgdg22.04+1),0.8.5,422,1102:request:300422,1102:batch:39,-1,False,endpoint-3:worker:0,0,668555,default,endpoint-3,1,completed,,5.999502182006836,0.00331878662109375,300422,1,1035,688,227,5.984459964558482,1785485277.7512808,1785485283.7357404,1785485277.7514043,1785485283.7310658,1785485283.7355454,5.979661343619227,0.004479404538869858
5,prefix_cache_routing_4ep_1.5b_hitrate,formal,1,1102,18.4 (Ubuntu 18.4-1.pgdg22.04+1),0.8.5,423,1102:request:300423,1102:batch:39,-1,False,endpoint-2:worker:0,0,668556,default,endpoint-2,1,completed,,5.879288911819458,0.0035054683685302734,300423,1,264,5,147,5.873424245044589,1785485277.7546556,1785485283.6280782,1785485277.75471,1785485283.6273224,1785485283.6279476,5.872611530125141,0.0006248243153095245
5,prefix_cache_routing_4ep_1.5b_hitrate,formal,1,1102,18.4 (Ubuntu 18.4-1.pgdg22.04+1),0.8.5,424,1102:request:300424,1102:batch:39,-1,False,endpoint-2:worker:0,0,668556,default,endpoint-2,1,completed,,5.875476360321045,0.0015611648559570312,300424,1,288,15,177,5.8720180336385965,1785485277.7572746,1785485283.6292925,1785485277.7573109,1785485283.6284702,1785485283.629144,5.8711596336215734,0.0006735976785421371
5,prefix_cache_routing_4ep_1.5b_hitrate,formal,1,1102,18.4 (Ubuntu 18.4-1.pgdg22.04+1),0.8.5,425,1102:request:300425,1102:batch:39,-1,False,endpoint-3:worker:0,0,668555,default,endpoint-3,1,completed,,6.0112504959106445,0.0013968944549560547,300425,1,333,55,163,5.978439649567008,1785485277.7587605,1785485283.7371995,1785485277.7587984,1785485283.7316818,1785485283.7370925,5.972883399575949,0.0054109953343868256
5,prefix_cache_routing_4ep_1.5b_hitrate,formal,1,1102,18.4 (Ubuntu 18.4-1.pgdg22.04+1),0.8.5,426,1102:request:300426,1102:batch:39,-1,False,endpoint-3:worker:0,0,668555,default,endpoint-3,1,completed,,5.996153831481934,0.0011556148529052734,300426,1,1127,601,199,5.972389915958047,1785485277.7626085,1785485283.7349985,1785485277.7626495,1785485283.730762,1785485283.7347775,5.968112401664257,0.004015419632196426
5,prefix_cache_routing_4ep_1.5b_hitrate,formal,1,1102,18.4 (Ubuntu 18.4-1.pgdg22.04+1),0.8.5,427,1102:request:300427,1102:batch:39,-1,False,endpoint-0:worker:0,0,668553,default,endpoint-0,0,completed,,5.900908708572388,0.0020685195922851562,300427,1,1432,841,163,5.8965987879782915,1785485277.7690673,1785485283.6656656,1785485277.7691088,1785485283.6642404,1785485283.665319,5.895132292062044,0.0010774992406368256
5,prefix_cache_routing_4ep_1.5b_hitrate,formal,1,1102,18.4 (Ubuntu 18.4-1.pgdg22.04+1),0.8.5,428,1102:request:300428,1102:batch:40,-1,False,endpoint-0:worker:0,0,668553,default,endpoint-0,0,completed,,4.0891804695129395,0.0016858577728271484,300428,1,1459,932,88,4.085009541362524,1785485277.7866018,1785485281.8716114,1785485277.7866442,1785485281.8699915,1785485281.8710248,4.08334762789309,0.0010329503566026688
5,prefix_cache_routing_4ep_1.5b_hitrate,formal,1,1102,18.4 (Ubuntu 18.4-1.pgdg22.04+1),0.8.5,429,1102:request:300429,1102:batch:40,-1,False,endpoint-3:worker:0,0,668555,default,endpoint-3,1,completed,,6.19242000579834,0.0017237663269042969,300429,1,620,268,169,6.185133259743452,1785485277.7898226,1785485283.9749558,1785485277.789872,1785485283.9727762,1785485283.9747937,6.182904621586204,0.0020171720534563065
5,prefix_cache_routing_4ep_1.5b_hitrate,formal,1,1102,18.4 (Ubuntu 18.4-1.pgdg22.04+1),0.8.5,430,1102:request:300430,1102:batch:40,-1,False,endpoint-2:worker:0,0,668556,default,endpoint-2,1,completed,,5.917158365249634,0.001547098159790039,300430,1,929,486,190,5.913633234798908,1785485277.7940123,1785485283.7076452,1785485277.7940497,1785485283.7061718,1785485283.7073953,5.912122525274754,0.0012229550629854202
5,prefix_cache_routing_4ep_1.5b_hitrate,formal,1,1102,18.4 (Ubuntu 18.4-1.pgdg22.04+1),0.8.5,431,1102:request:300431,1102:batch:40,-1,False,endpoint-3:worker:0,0,668555,default,endpoint-3,1,completed,,6.166277647018433,0.002408742904663086,300431,1,1164,631,187,6.150908941403031,1785485277.8245676,1785485283.9754763,1785485277.8246086,1785485283.9734166,1785485283.9752548,6.14880813844502,0.0018381346017122269
5,prefix_cache_routing_4ep_1.5b_hitrate,formal,1,1102,18.4 (Ubuntu 18.4-1.pgdg22.04+1),0.8.5,432,1102:request:300432,1102:batch:40,-1,False,endpoint-1:worker:0,0,668554,default,endpoint-1,0,completed,,5.772668838500977,0.0017604827880859375,300432,1,1402,776,169,5.766303909942508,1785485277.8288684,1785485283.5951722,1785485277.8289006,1785485283.593195,1785485283.5945816,5.764295181259513,0.0013860054314136505
5,prefix_cache_routing_4ep_1.5b_hitrate,formal,1,1102,18.4 (Ubuntu 18.4-1.pgdg22.04+1),0.8.5,433,1102:request:300433,1102:batch:40,-1,False,endpoint-3:worker:0,0,668555,default,endpoint-3,1,completed,,5.397322654724121,0.00176239013671875,300433,1,1668,932,159,5.389006452634931,1785485277.8348467,1785485283.223853,1785485277.8348947,1785485283.216147,1785485283.2235959,5.3812521528452635,0.0074488818645477295
5,prefix_cache_routing_4ep_1.5b_hitrate,formal,1,1102,18.4 (Ubuntu 18.4-1.pgdg22.04+1),0.8.5,434,1102:request:300434,1102:batch:40,-1,False,endpoint-3:worker:0,0,668555,default,endpoint-3,1,completed,,5.17025089263916,0.0012094974517822266,300434,1,260,9,152,5.162529582157731,1785485277.8382213,1785485283.0007505,1785485277.838255,1785485282.999976,1785485283.0006354,5.161721054464579,0.0006593223661184311
5,prefix_cache_routing_4ep_1.5b_hitrate,formal,1,1102,18.4 (Ubuntu 18.4-1.pgdg22.04+1),0.8.5,435,1102:request:300435,1102:batch:40,-1,False,endpoint-1:worker:0,0,668554,default,endpoint-1,0,completed,,5.769837856292725,0.001657247543334961,300435,1,272,14,185,5.766387483105063,1785485277.8422172,1785485283.6086044,1785485277.8422582,1785485283.6080656,1785485283.6085072,5.765807552263141,0.0004415586590766907
5,prefix_cache_routing_4ep_1.5b_hitrate,formal,1,1102,18.4 (Ubuntu 18.4-1.pgdg22.04+1),0.8.5,436,1102:request:300436,1102:batch:40,-1,False,endpoint-2:worker:0,0,668556,default,endpoint-2,1,completed,,5.92395806312561,0.0019953250885009766,300436,1,478,170,179,5.913027375936508,1785485277.8459527,1785485283.758979,1785485277.846078,1785485283.75816,1785485283.7587738,5.912082228809595,0.000613335520029068
5,prefix_cache_routing_4ep_1.5b_hitrate,formal,1,1102,18.4 (Ubuntu 18.4-1.pgdg22.04+1),0.8.5,437,1102:request:300437,1102:batch:41,-1,False,endpoint-3:worker:0,0,668555,default,endpoint-3,1,completed,,6.136589527130127,0.001733541488647461,300437,1,784,422,211,6.126655867323279,1785485277.8493402,1785485283.9759955,1785485277.8493853,1785485283.9738626,1785485283.9758058,6.124477406963706,0.001942995935678482
5,prefix_cache_routing_4ep_1.5b_hitrate,formal,1,1102,18.4 (Ubuntu 18.4-1.pgdg22.04+1),0.8.5,438,1102:request:300438,1102:batch:41,-1,False,endpoint-3:worker:0,0,668555,default,endpoint-3,1,completed,,6.140630483627319,0.00402069091796875,300438,1,1134,714,198,6.1182516645640135,1785485277.8562512,1785485283.9745026,1785485277.856292,1785485283.9721072,1785485283.9742255,6.115815382450819,0.002118052914738655
5,prefix_cache_routing_4ep_1.5b_hitrate,formal,1,1102,18.4 (Ubuntu 18.4-1.pgdg22.04+1),0.8.5,439,1102:request:300439,1102:batch:41,-1,False,endpoint-1:worker:0,0,668554,default,endpoint-1,0,completed,,5.751695394515991,0.0015342235565185547,300439,1,312,47,177,5.748224224895239,1785485277.8595257,1785485283.6077497,1785485277.8595672,1785485283.6071763,1785485283.6076145,5.747609127312899,0.0004383400082588196
5,prefix_cache_routing_4ep_1.5b_hitrate,formal,1,1102,18.4 (Ubuntu 18.4-1.pgdg22.04+1),0.8.5,440,1102:request:300440,1102:batch:41,-1,False,endpoint-2:worker:0,0,668556,default,endpoint-2,1,completed,,3.697803258895874,0.0017781257629394531,300440,1,351,186,127,3.6946822591125965,1785485277.862692,1785485281.557374,1785485277.862733,1785485281.5566714,1785485281.55723,3.69393902271986,0.0005580876022577286
5,prefix_cache_routing_4ep_1.5b_hitrate,formal,1,1102,18.4 (Ubuntu 18.4-1.pgdg22.04+1),0.8.5,441,1102:request:300441,1102:batch:41,-1,False,endpoint-3:worker:0,0,668555,default,endpoint-3,1,completed,,6.117802858352661,0.0013120174407958984,300441,1,620,330,226,6.1045228242874146,1785485277.8669693,1785485283.971492,1785485277.8670015,1785485283.9702978,1785485283.9711428,6.103296993300319,0.0008442364633083344
5,prefix_cache_routing_4ep_1.5b_hitrate,formal,1,1102,18.4 (Ubuntu 18.4-1.pgdg22.04+1),0.8.5,442,1102:request:300442,1102:batch:41,-1,False,endpoint-3:worker:0,0,668555,default,endpoint-3,1,completed,,6.570135593414307,0.0011897087097167969,300442,1,1347,950,220,6.564725607633591,1785485277.871199,1785485284.4359245,1785485277.8712344,1785485284.4345376,1785485284.4355814,6.563304573297501,0.0010426286607980728
5,prefix_cache_routing_4ep_1.5b_hitrate,formal,1,1102,18.4 (Ubuntu 18.4-1.pgdg22.04+1),0.8.5,443,1102:request:300443,1102:batch:41,-1,False,endpoint-1:worker:0,0,668554,default,endpoint-1,0,completed,,3.5641250610351562,0.0018024444580078125,300443,1,536,334,112,3.5582451429218054,1785485277.8756485,1785485281.4338942,1785485277.875684,1785485281.431757,1785485281.4334958,3.55607389844954,0.0017382726073265076
5,prefix_cache_routing_4ep_1.5b_hitrate,formal,1,1102,18.4 (Ubuntu 18.4-1.pgdg22.04+1),0.8.5,444,1102:request:300444,1102:batch:41,-1,False,endpoint-0:worker:0,0,668553,default,endpoint-0,0,completed,,6.721256732940674,0.0025932788848876953,300444,1,447,170,222,6.695852570235729,1785485277.8795743,1785485284.5754259,1785485277.8796334,1785485284.5723555,1785485284.575129,6.692722234874964,0.0027734041213989258
5,prefix_cache_routing_4ep_1.5b_hitrate,formal,1,1102,18.4 (Ubuntu 18.4-1.pgdg22.04+1),0.8.5,445,1102:request:300445,1102:batch:41,-1,False,endpoint-3:worker:0,0,668555,default,endpoint-3,1,completed,,7.070436239242554,0.00209808349609375,300445,1,1061,703,220,7.066327471286058,1785485277.9824424,1785485285.0487702,1785485277.9824846,1785485285.0469983,1785485285.048076,7.0645143520087,0.0010773558169603348
5,prefix_cache_routing_4ep_1.5b_hitrate,formal,1,1102,18.4 (Ubuntu 18.4-1.pgdg22.04+1),0.8.5,446,1102:request:300446,1102:batch:41,-1,False,endpoint-3:worker:0,0,668555,default,endpoint-3,1,completed,,7.332035303115845,0.0014793872833251953,300446,1,1259,882,215,7.32910911180079,1785485277.9869196,1785485285.3160286,1785485277.9869516,1785485285.3151412,1785485285.315656,7.328189995139837,0.0005143526941537857
5,prefix_cache_routing_4ep_1.5b_hitrate,formal,1,1102,18.4 (Ubuntu 18.4-1.pgdg22.04+1),0.8.5,447,1102:request:300447,1102:batch:41,-1,False,endpoint-3:worker:0,0,668555,default,endpoint-3,1,completed,,7.506742238998413,0.001293182373046875,300447,1,269,11,153,7.504097891971469,1785485277.9916625,1785485285.4957604,1785485277.9916923,1785485285.4951289,1785485285.4955904,7.503436768427491,0.00046147219836711884
5,prefix_cache_routing_4ep_1.5b_hitrate,formal,1,1102,18.4 (Ubuntu 18.4-1.pgdg22.04+1),0.8.5,448,1102:request:300448,1102:batch:41,-1,False,endpoint-3:worker:0,0,668555,default,endpoint-3,1,completed,,7.709409236907959,0.0014009475708007812,300448,1,369,52,153,7.7057741563767195,1785485277.9955966,1785485285.701371,1785485277.9956264,1785485285.6999755,1785485285.7010133,7.704349867999554,0.0010372959077358246
5,prefix_cache_routing_4ep_1.5b_hitrate,formal,1,1102,18.4 (Ubuntu 18.4-1.pgdg22.04+1),0.8.5,449,1102:request:300449,1102:batch:42,-1,False,endpoint-0:worker:0,0,668553,default,endpoint-0,0,completed,,6.6062071323394775,0.0045626163482666016,300449,1,396,73,194,6.570605168119073,1785485278.0028975,1785485284.5735025,1785485278.0029397,1785485284.5716522,1785485284.5733626,6.568712469190359,0.0017104670405387878
5,prefix_cache_routing_4ep_1.5b_hitrate,formal,1,1102,18.4 (Ubuntu 18.4-1.pgdg22.04+1),0.8.5,450,1102:request:300450,1102:batch:42,-1,False,endpoint-0:worker:0,0,668553,default,endpoint-0,0,completed,,6.568366289138794,0.0027854442596435547,300450,1,675,283,127,6.558384198695421,1785485278.0128102,1785485284.5711935,1785485278.0129201,1785485284.5702002,1785485284.570955,6.55728037469089,0.0007538627833127975
5,prefix_cache_routing_4ep_1.5b_hitrate,formal,1,1102,18.4 (Ubuntu 18.4-1.pgdg22.04+1),0.8.5,451,1102:request:300451,1102:batch:42,-1,False,endpoint-3:worker:0,0,668555,default,endpoint-3,1,completed,,7.792913198471069,0.0022420883178710938,300451,1,268,10,145,7.78823103569448,1785485278.017843,1785485285.8060741,1785485278.0178728,1785485285.8052764,1785485285.8059163,7.787403952330351,0.0006398726254701614
5,prefix_cache_routing_4ep_1.5b_hitrate,formal,1,1102,18.4 (Ubuntu 18.4-1.pgdg22.04+1),0.8.5,452,1102:request:300452,1102:batch:42,-1,False,endpoint-0:worker:0,0,668553,default,endpoint-0,0,completed,,6.57800030708313,0.001608133316040039,300452,1,505,129,95,6.55300978757441,1785485278.0211494,1785485284.5741591,1785485278.0211875,1785485284.5720153,1785485284.5739439,6.550827564671636,0.0019284579902887344
5,prefix_cache_routing_4ep_1.5b_hitrate,formal,1,1102,18.4 (Ubuntu 18.4-1.pgdg22.04+1),0.8.5,453,1102:request:300453,1102:batch:42,-1,False,endpoint-2:worker:0,0,668556,default,endpoint-2,1,completed,,5.899612188339233,0.0021064281463623047,300453,1,975,309,84,5.89597693644464,1785485278.0496533,1785485283.9456303,1785485278.0496926,1785485283.9446568,1785485283.9453573,5.894964573904872,0.0007000267505645752
5,prefix_cache_routing_4ep_1.5b_hitrate,formal,1,1102,18.4 (Ubuntu 18.4-1.pgdg22.04+1),0.8.5,454,1102:request:300454,1102:batch:42,-1,False,endpoint-2:worker:0,0,668556,default,endpoint-2,1,completed,,3.0515787601470947,0.002332448959350586,300454,1,1299,485,69,3.046832950785756,1785485278.1717365,1785485281.2185695,1785485278.171786,1785485281.2175872,1785485281.2182648,3.045801529660821,0.0006770733743906021
5,prefix_cache_routing_4ep_1.5b_hitrate,formal,1,1102,18.4 (Ubuntu 18.4-1.pgdg22.04+1),0.8.5,455,1102:request:300455,1102:batch:42,-1,False,endpoint-1:worker:0,0,668554,default,endpoint-1,0,completed,,5.770439863204956,0.001463174819946289,300455,1,1375,425,94,5.766277763992548,1785485278.2047691,1785485283.9710467,1785485278.2048008,1785485283.9701,1785485283.9707465,5.765299864113331,0.0006459970027208328
5,prefix_cache_routing_4ep_1.5b_hitrate,formal,1,1102,18.4 (Ubuntu 18.4-1.pgdg22.04+1),0.8.5,456,1102:request:300456,1102:batch:42,-1,False,endpoint-2:worker:0,0,668556,default,endpoint-2,1,completed,,5.915593862533569,0.004770517349243164,300456,1,1640,539,115,5.9084194507449865,1785485278.2276485,1785485284.1360674,1785485278.2277296,1785485284.135035,1785485284.135679,5.907305320724845,0.0006436202675104141
5,prefix_cache_routing_4ep_1.5b_hitrate,formal,1,1102,18.4 (Ubuntu 18.4-1.pgdg22.04+1),0.8.5,457,1102:request:300457,1102:batch:43,-1,False,endpoint-3:worker:0,0,668555,default,endpoint-3,1,completed,,8.210065603256226,0.001861572265625,300457,1,1137,352,105,8.20574907772243,1785485278.252872,1785485286.4586208,1785485278.252911,1785485286.457508,1785485286.458331,8.204597659409046,0.000822240486741066
5,prefix_cache_routing_4ep_1.5b_hitrate,formal,1,1102,18.4 (Ubuntu 18.4-1.pgdg22.04+1),0.8.5,458,1102:request:300458,1102:batch:43,-1,False,endpoint-3:worker:0,0,668555,default,endpoint-3,1,completed,,8.628906965255737,0.0015473365783691406,300458,1,1586,557,143,8.625013878569007,1785485278.256843,1785485286.8818567,1785485278.2568743,1785485286.8805773,1785485286.8813674,8.62370372749865,0.0007898546755313873
5,prefix_cache_routing_4ep_1.5b_hitrate,formal,1,1102,18.4 (Ubuntu 18.4-1.pgdg22.04+1),0.8.5,459,1102:request:300459,1102:batch:43,-1,False,endpoint-3:worker:0,0,668555,default,endpoint-3,1,completed,,8.720747232437134,0.0012536048889160156,300459,1,279,21,206,8.717936124652624,1785485278.2584605,1785485286.9763966,1785485278.2584887,1785485286.9754999,1785485286.976254,8.717011952772737,0.0007534679025411606
5,prefix_cache_routing_4ep_1.5b_hitrate,formal,1,1102,18.4 (Ubuntu 18.4-1.pgdg22.04+1),0.8.5,460,1102:request:300460,1102:batch:43,-1,False,endpoint-3:worker:0,0,668555,default,endpoint-3,1,completed,,6.353179693222046,0.0010724067687988281,300460,1,184,65,85,6.343432053923607,1785485278.2605376,1785485284.60397,1785485278.2605636,1785485284.6026514,1785485284.6037264,6.342088781297207,0.0010744407773017883
5,prefix_cache_routing_4ep_1.5b_hitrate,formal,1,1102,18.4 (Ubuntu 18.4-1.pgdg22.04+1),0.8.5,461,1102:request:300461,1102:batch:43,-1,False,endpoint-3:worker:0,0,668555,default,endpoint-3,1,completed,,8.977730751037598,0.0019567012786865234,300461,1,273,13,189,8.973445327952504,1785485278.2633514,1785485287.2367969,1785485278.2634103,1785485287.234904,1785485287.2365022,8.97149452380836,0.0015978198498487473
5,prefix_cache_routing_4ep_1.5b_hitrate,formal,1,1102,18.4 (Ubuntu 18.4-1.pgdg22.04+1),0.8.5,462,1102:request:300462,1102:batch:43,-1,False,endpoint-0:worker:0,0,668553,default,endpoint-0,0,completed,,3.437692642211914,0.004902362823486328,300462,1,149,36,46,3.4295785780996084,1785485278.2678592,1785485281.6974375,1785485278.2679074,1785485281.6959956,1785485281.6972566,3.4280888941138983,0.0012605972588062286
5,prefix_cache_routing_4ep_1.5b_hitrate,formal,1,1102,18.4 (Ubuntu 18.4-1.pgdg22.04+1),0.8.5,463,1102:request:300463,1102:batch:43,-1,False,endpoint-0:worker:0,0,668553,default,endpoint-0,0,completed,,6.317208290100098,0.005190134048461914,300463,1,266,9,124,6.30699784681201,1785485278.2696748,1785485284.5766728,1785485278.2697093,1785485284.5727751,1785485284.5764556,6.303065890446305,0.0036802198737859726
5,prefix_cache_routing_4ep_1.5b_hitrate,formal,1,1102,18.4 (Ubuntu 18.4-1.pgdg22.04+1),0.8.5,464,1102:request:300464,1102:batch:43,-1,False,endpoint-3:worker:0,0,668555,default,endpoint-3,1,completed,,9.186821460723877,0.0011758804321289062,300464,1,497,149,117,9.18291156925261,1785485278.267805,1785485287.450717,1785485278.2678325,1785485287.44865,1785485287.4503272,9.18081820383668,0.0016765333712100983
5,prefix_cache_routing_4ep_1.5b_hitrate,formal,1,1102,18.4 (Ubuntu 18.4-1.pgdg22.04+1),0.8.5,465,1102:request:300465,1102:batch:43,-1,False,endpoint-3:worker:0,0,668555,default,endpoint-3,1,completed,,9.35559630393982,0.0013778209686279297,300465,1,812,324,164,9.351367611438036,1785485278.2695076,1785485287.6208751,1785485278.2695425,1785485287.6200824,1785485287.6206846,9.350540207698941,0.0006020534783601761
5,prefix_cache_routing_4ep_1.5b_hitrate,formal,1,1102,18.4 (Ubuntu 18.4-1.pgdg22.04+1),0.8.5,466,1102:request:300466,1102:batch:43,-1,False,endpoint-2:worker:0,0,668556,default,endpoint-2,1,completed,,4.337255001068115,0.0017168521881103516,300466,1,1039,510,110,4.334249021485448,1785485278.2769094,1785485282.6111584,1785485278.2769587,1785485282.6102195,1785485282.6108675,4.333261150866747,0.0006476454436779022
5,prefix_cache_routing_4ep_1.5b_hitrate,formal,1,1102,18.4 (Ubuntu 18.4-1.pgdg22.04+1),0.8.5,467,1102:request:300467,1102:batch:43,-1,False,endpoint-1:worker:0,0,668554,default,endpoint-1,0,completed,,5.767633676528931,0.0017247200012207031,300467,1,1429,675,127,5.763257015496492,1785485278.4015768,1785485284.1648335,1785485278.4016304,1785485284.1634812,1785485284.1643074,5.7618512492626905,0.0008258242160081863
5,prefix_cache_routing_4ep_1.5b_hitrate,formal,1,1102,18.4 (Ubuntu 18.4-1.pgdg22.04+1),0.8.5,468,1102:request:300468,1102:batch:44,-1,False,endpoint-0:worker:0,0,668553,default,endpoint-0,0,completed,,6.230724096298218,0.002238750457763672,300468,1,1722,816,169,6.213164629414678,1785485278.423828,1785485284.6369922,1785485278.4238799,1785485284.635219,1785485284.6363318,6.211339700967073,0.0011121239513158798
5,prefix_cache_routing_4ep_1.5b_hitrate,formal,1,1102,18.4 (Ubuntu 18.4-1.pgdg22.04+1),0.8.5,469,1102:request:300469,1102:batch:44,-1,False,endpoint-1:worker:0,0,668554,default,endpoint-1,0,completed,,5.771856784820557,0.002295255661010742,300469,1,287,30,192,5.76635473780334,1785485278.4276848,1785485284.1940398,1785485278.4277475,1785485284.1925607,1785485284.19372,5.76481369882822,0.0011591967195272446
5,prefix_cache_routing_4ep_1.5b_hitrate,formal,1,1102,18.4 (Ubuntu 18.4-1.pgdg22.04+1),0.8.5,470,1102:request:300470,1102:batch:44,-1,False,endpoint-1:worker:0,0,668554,default,endpoint-1,0,completed,,4.42592716217041,0.0021867752075195312,300470,1,585,339,164,4.420392695814371,1785485278.4301887,1785485282.8505812,1785485278.4302194,1785485282.849561,1785485282.8503823,4.419341748580337,0.0008209813386201859
5,prefix_cache_routing_4ep_1.5b_hitrate,formal,1,1102,18.4 (Ubuntu 18.4-1.pgdg22.04+1),0.8.5,471,1102:request:300471,1102:batch:44,-1,False,endpoint-3:worker:0,0,668555,default,endpoint-3,1,completed,,9.558915615081787,0.001982450485229492,300471,1,975,616,192,9.554871900007129,1785485278.433149,1785485287.9880204,1785485278.433201,1785485287.9869702,1785485287.9878023,9.553769618272781,0.0008313804864883423
5,prefix_cache_routing_4ep_1.5b_hitrate,formal,1,1102,18.4 (Ubuntu 18.4-1.pgdg22.04+1),0.8.5,472,1102:request:300472,1102:batch:44,-1,False,endpoint-3:worker:0,0,668555,default,endpoint-3,1,completed,,9.177837371826172,0.0019292831420898438,300472,1,1304,912,192,9.172239327803254,1785485278.4359906,1785485287.6082296,1785485278.4360418,1785485287.606255,1785485287.6078374,9.170214101672173,0.0015817806124687195
5,prefix_cache_routing_4ep_1.5b_hitrate,formal,1,1102,18.4 (Ubuntu 18.4-1.pgdg22.04+1),0.8.5,473,1102:request:300473,1102:batch:44,-1,False,endpoint-3:worker:0,0,668555,default,endpoint-3,1,completed,,9.707489728927612,0.0018262863159179688,300473,1,277,17,192,9.69908015243709,1785485278.4380107,1785485288.137091,1785485278.4380379,1785485288.1363873,1785485288.1370084,9.698349464684725,0.0006210431456565857
5,prefix_cache_routing_4ep_1.5b_hitrate,formal,1,1102,18.4 (Ubuntu 18.4-1.pgdg22.04+1),0.8.5,474,1102:request:300474,1102:batch:44,-1,False,endpoint-3:worker:0,0,668555,default,endpoint-3,1,completed,,9.842129468917847,0.0009887218475341797,300474,1,498,177,156,9.838770471513271,1785485278.4398863,1785485288.278657,1785485278.4399137,1785485288.2766914,1785485288.2783449,9.836778273805976,0.0016533192247152328
5,prefix_cache_routing_4ep_1.5b_hitrate,formal,1,1102,18.4 (Ubuntu 18.4-1.pgdg22.04+1),0.8.5,475,1102:request:300475,1102:batch:44,-1,False,endpoint-3:worker:0,0,668555,default,endpoint-3,1,completed,,9.970894575119019,0.0014164447784423828,300475,1,862,436,213,9.96703870408237,1785485278.4437304,1785485288.410769,1785485278.443763,1785485288.4094024,1785485288.410516,9.965640272945166,0.0011127553880214691
5,prefix_cache_routing_4ep_1.5b_hitrate,formal,1,1102,18.4 (Ubuntu 18.4-1.pgdg22.04+1),0.8.5,476,1102:request:300476,1102:batch:44,-1,False,endpoint-3:worker:0,0,668555,default,endpoint-3,1,completed,,9.693789720535278,0.001088857650756836,300476,1,1126,634,183,9.690172523260117,1785485278.445924,1785485288.1360965,1785485278.4459593,1785485288.1344795,1785485288.13583,9.688520655035973,0.0013500116765499115
5,prefix_cache_routing_4ep_1.5b_hitrate,formal,1,1102,18.4 (Ubuntu 18.4-1.pgdg22.04+1),0.8.5,477,1102:request:300477,1102:batch:44,-1,False,endpoint-2:worker:0,0,668556,default,endpoint-2,1,completed,,5.853094100952148,0.0018918514251708984,300477,1,269,10,200,5.849272638559341,1785485278.4491656,1785485284.2984376,1785485278.449218,1785485284.2972517,1785485284.2982996,5.848033856600523,0.0010478217154741287
5,prefix_cache_routing_4ep_1.5b_hitrate,formal,1,1102,18.4 (Ubuntu 18.4-1.pgdg22.04+1),0.8.5,478,1102:request:300478,1102:batch:45,-1,False,endpoint-3:worker:0,0,668555,default,endpoint-3,1,completed,,10.195979356765747,0.0013027191162109375,300478,1,1102,684,203,10.189887568354607,1785485278.452317,1785485288.642204,1785485278.452353,1785485288.6393573,1785485288.642014,10.1870043464005,0.002656584605574608
5,prefix_cache_routing_4ep_1.5b_hitrate,formal,1,1102,18.4 (Ubuntu 18.4-1.pgdg22.04+1),0.8.5,479,1102:request:300479,1102:batch:45,-1,False,endpoint-3:worker:0,0,668555,default,endpoint-3,1,completed,,10.211290836334229,0.001173257827758789,300479,1,906,485,151,10.185854941606522,1785485278.4555774,1785485288.6414323,1785485278.4556098,1785485288.63908,1785485288.6412451,10.183469919487834,0.0021653790026903152
5,prefix_cache_routing_4ep_1.5b_hitrate,formal,1,1102,18.4 (Ubuntu 18.4-1.pgdg22.04+1),0.8.5,480,1102:request:300480,1102:batch:45,-1,False,endpoint-2:worker:0,0,668556,default,endpoint-2,1,completed,,5.8500776290893555,0.0018286705017089844,300480,1,1206,732,179,5.846442064270377,1785485278.479395,1785485284.325837,1785485278.4794452,1785485284.3248513,1785485284.3254344,5.845406165346503,0.0005828440189361572
5,prefix_cache_routing_4ep_1.5b_hitrate,formal,1,1102,18.4 (Ubuntu 18.4-1.pgdg22.04+1),0.8.5,481,1102:request:300481,1102:batch:45,-1,False,endpoint-0:worker:0,0,668553,default,endpoint-0,0,completed,,6.251618385314941,0.0019021034240722656,300481,1,1039,681,220,6.2319720182567835,1785485278.5051217,1785485284.737093,1785485278.5051653,1785485284.7346275,1785485284.7368872,6.229461720213294,0.002259841188788414
5,prefix_cache_routing_4ep_1.5b_hitrate,formal,1,1102,18.4 (Ubuntu 18.4-1.pgdg22.04+1),0.8.5,482,1102:request:300482,1102:batch:45,-1,False,endpoint-0:worker:0,0,668553,default,endpoint-0,0,completed,,6.222446918487549,0.00183868408203125,300482,1,1106,688,194,6.212863327935338,1785485278.5209613,1785485284.7338243,1785485278.521007,1785485284.73228,1785485284.7334776,6.211273644119501,0.0011969059705734253
5,prefix_cache_routing_4ep_1.5b_hitrate,formal,1,1102,18.4 (Ubuntu 18.4-1.pgdg22.04+1),0.8.5,483,1102:request:300483,1102:batch:45,-1,False,endpoint-3:worker:0,0,668555,default,endpoint-3,1,completed,,10.1473708152771,0.002934694290161133,300483,1,893,538,162,10.11676063761115,1785485278.5239234,1785485288.6406832,1785485278.5240238,1785485288.6387908,1785485288.6404908,10.11476675234735,0.0016998723149299622
5,prefix_cache_routing_4ep_1.5b_hitrate,formal,1,1102,18.4 (Ubuntu 18.4-1.pgdg22.04+1),0.8.5,484,1102:request:300484,1102:batch:45,-1,False,endpoint-1:worker:0,0,668554,default,endpoint-1,0,completed,,5.750488758087158,0.001558065414428711,300484,1,1008,574,188,5.746815362945199,1785485278.5324097,1785485284.2792249,1785485278.5324416,1785485284.2778893,1785485284.2787514,5.745448097586632,0.000861629843711853
5,prefix_cache_routing_4ep_1.5b_hitrate,formal,1,1102,18.4 (Ubuntu 18.4-1.pgdg22.04+1),0.8.5,485,1102:request:300485,1102:batch:45,-1,False,endpoint-0:worker:0,0,668553,default,endpoint-0,0,completed,,6.153336048126221,0.002140045166015625,300485,1,871,477,171,6.1403280608356,1785485278.5974548,1785485284.7377825,1785485278.597495,1785485284.7349458,1785485284.7376006,6.137450801208615,0.0026547349989414215
5,prefix_cache_routing_4ep_1.5b_hitrate,formal,1,1102,18.4 (Ubuntu 18.4-1.pgdg22.04+1),0.8.5,486,1102:request:300486,1102:batch:46,-1,False,endpoint-2:worker:0,0,668556,default,endpoint-2,1,completed,,5.858416557312012,0.0015807151794433594,300486,1,851,467,195,5.8549838569015265,1785485278.642598,1785485284.4975812,1785485278.6426468,1785485284.496638,1785485284.4972713,5.853991335257888,0.0006331391632556915
5,prefix_cache_routing_4ep_1.5b_hitrate,formal,1,1102,18.4 (Ubuntu 18.4-1.pgdg22.04+1),0.8.5,487,1102:request:300487,1102:batch:46,-1,False,endpoint-2:worker:0,0,668556,default,endpoint-2,1,completed,,3.2193803787231445,0.0011799335479736328,300487,1,807,539,106,3.215809980407357,1785485278.6466434,1785485281.8624532,1785485278.6466794,1785485281.86155,1785485281.862209,3.214871158823371,0.000658700242638588
5,prefix_cache_routing_4ep_1.5b_hitrate,formal,1,1102,18.4 (Ubuntu 18.4-1.pgdg22.04+1),0.8.5,488,1102:request:300488,1102:batch:46,-1,False,endpoint-2:worker:0,0,668556,default,endpoint-2,1,completed,,5.859943151473999,0.0012652873992919922,300488,1,816,350,144,5.8544655460864305,1785485278.6572807,1785485284.511746,1785485278.657314,1785485284.5100858,1785485284.5115173,5.852772045880556,0.0014313645660877228
5,prefix_cache_routing_4ep_1.5b_hitrate,formal,1,1102,18.4 (Ubuntu 18.4-1.pgdg22.04+1),0.8.5,489,1102:request:300489,1102:batch:46,-1,False,endpoint-2:worker:0,0,668556,default,endpoint-2,1,completed,,5.85184383392334,0.0012226104736328125,300489,1,1356,771,161,5.8485483676195145,1785485278.6624906,1785485284.5110388,1785485278.6625276,1785485284.5096083,1785485284.5106437,5.84708097204566,0.0010352153331041336
5,prefix_cache_routing_4ep_1.5b_hitrate,formal,1,1102,18.4 (Ubuntu 18.4-1.pgdg22.04+1),0.8.5,490,1102:request:300490,1102:batch:46,-1,False,endpoint-3:worker:0,0,668555,default,endpoint-3,1,completed,,9.989805459976196,0.0027000904083251953,300490,1,954,519,171,9.973267048597336,1785485278.6703856,1785485288.6436515,1785485278.6704745,1785485288.639874,1785485288.6434965,9.969399273395538,0.003622211515903473
5,prefix_cache_routing_4ep_1.5b_hitrate,formal,1,1102,18.4 (Ubuntu 18.4-1.pgdg22.04+1),0.8.5,491,1102:request:300491,1102:batch:46,-1,False,endpoint-1:worker:0,0,668554,default,endpoint-1,0,completed,,5.772522687911987,0.0014171600341796875,300491,1,1407,895,194,5.765697583556175,1785485278.6735835,1785485284.439281,1785485278.6736217,1785485284.4375927,1785485284.4386792,5.763971820473671,0.001085931435227394
5,prefix_cache_routing_4ep_1.5b_hitrate,formal,1,1102,18.4 (Ubuntu 18.4-1.pgdg22.04+1),0.8.5,492,1102:request:300492,1102:batch:46,-1,False,endpoint-2:worker:0,0,668556,default,endpoint-2,1,completed,,5.855147838592529,0.0017619132995605469,300492,1,940,506,150,5.847579212859273,1785485278.6788905,1785485284.5264695,1785485278.6789455,1785485284.5253282,1785485284.5262096,5.846382584422827,0.0008811876177787781
5,prefix_cache_routing_4ep_1.5b_hitrate,formal,1,1102,18.4 (Ubuntu 18.4-1.pgdg22.04+1),0.8.5,493,1102:request:300493,1102:batch:47,-1,False,endpoint-0:worker:0,0,668553,default,endpoint-0,0,completed,,6.062266826629639,0.002229452133178711,300493,1,1563,970,147,6.046243337914348,1785485278.6901646,1785485284.7364073,1785485278.6902122,1785485284.734257,1785485284.7360938,6.044044742360711,0.0018366482108831406
5,prefix_cache_routing_4ep_1.5b_hitrate,formal,1,1102,18.4 (Ubuntu 18.4-1.pgdg22.04+1),0.8.5,494,1102:request:300494,1102:batch:47,-1,False,endpoint-0:worker:0,0,668553,default,endpoint-0,0,completed,,5.101965665817261,0.001478433609008789,300494,1,978,546,138,5.098816080018878,1785485278.6944427,1785485283.7932587,1785485278.6944873,1785485283.7923224,1785485283.7929509,5.097835415974259,0.0006280560046434402
5,prefix_cache_routing_4ep_1.5b_hitrate,formal,1,1102,18.4 (Ubuntu 18.4-1.pgdg22.04+1),0.8.5,495,1102:request:300495,1102:batch:47,-1,False,endpoint-2:worker:0,0,668556,default,endpoint-2,1,completed,,5.839287996292114,0.0015485286712646484,300495,1,1376,830,207,5.8314502350986,1785485278.69928,1785485284.5307305,1785485278.6993287,1785485284.5282993,1785485284.530377,5.828970529139042,0.0020779166370630264
5,prefix_cache_routing_4ep_1.5b_hitrate,formal,1,1102,18.4 (Ubuntu 18.4-1.pgdg22.04+1),0.8.5,496,1102:request:300496,1102:batch:47,-1,False,endpoint-2:worker:0,0,668556,default,endpoint-2,1,completed,,2.752418279647827,0.0015268325805664062,300496,1,1286,884,83,2.7488079853355885,1785485278.7041388,1785485281.4529467,1785485278.70418,1785485281.4520333,1785485281.452598,2.747853873297572,0.0005643162876367569
5,prefix_cache_routing_4ep_1.5b_hitrate,formal,1,1102,18.4 (Ubuntu 18.4-1.pgdg22.04+1),0.8.5,497,1102:request:300497,1102:batch:47,-1,False,endpoint-2:worker:0,0,668556,default,endpoint-2,1,completed,,5.832862377166748,0.0012447834014892578,300497,1,861,472,189,5.821347884833813,1785485278.7084584,1785485284.5298064,1785485278.7084925,1785485284.5279462,1785485284.529542,5.819453833624721,0.00159558467566967
5,prefix_cache_routing_4ep_1.5b_hitrate,formal,1,1102,18.4 (Ubuntu 18.4-1.pgdg22.04+1),0.8.5,498,1102:request:300498,1102:batch:47,-1,False,endpoint-0:worker:0,0,668553,default,endpoint-0,0,completed,,6.035151958465576,0.0017910003662109375,300498,1,611,280,176,6.026051154360175,1785485278.7123694,1785485284.73842,1785485278.7124054,1785485284.7352567,1785485284.7382863,6.022850910201669,0.0030298177152872086
5,prefix_cache_routing_4ep_1.5b_hitrate,formal,1,1102,18.4 (Ubuntu 18.4-1.pgdg22.04+1),0.8.5,499,1102:request:300499,1102:batch:47,-1,False,endpoint-2:worker:0,0,668556,default,endpoint-2,1,completed,,5.827687501907349,0.001384735107421875,300499,1,278,19,159,5.812964843586087,1785485278.7160776,1785485284.5290425,1785485278.7161129,1785485284.5275073,1785485284.528929,5.811394520103931,0.001421559602022171
5,prefix_cache_routing_4ep_1.5b_hitrate,formal,1,1102,18.4 (Ubuntu 18.4-1.pgdg22.04+1),0.8.5,500,1102:request:300500,1102:batch:47,-1,False,endpoint-1:worker:0,0,668554,default,endpoint-1,0,completed,,5.7993950843811035,0.0017824172973632812,300500,1,614,311,224,5.793439660221338,1785485278.7224367,1785485284.5158758,1785485278.7224755,1785485284.5137887,1785485284.515689,5.791313719004393,0.00189957395195961
5,prefix_cache_routing_4ep_1.5b_hitrate,formal,1,1102,18.4 (Ubuntu 18.4-1.pgdg22.04+1),0.8.5,501,1102:request:300501,1102:batch:47,-1,False,endpoint-2:worker:0,0,668556,default,endpoint-2,1,completed,,4.262786626815796,0.0027053356170654297,300501,1,797,523,164,4.257932068780065,1785485278.7289615,1785485282.986893,1785485278.72901,1785485282.9860156,1785485282.9866168,4.257005482912064,0.0006011482328176498
5,prefix_cache_routing_4ep_1.5b_hitrate,formal,1,1102,18.4 (Ubuntu 18.4-1.pgdg22.04+1),0.8.5,502,1102:request:300502,1102:batch:48,-1,False,endpoint-2:worker:0,0,668556,default,endpoint-2,1,completed,,5.795328855514526,0.0014202594757080078,300502,1,1167,786,221,5.791449291631579,1785485278.7496505,1785485284.5410998,1785485278.7496808,1785485284.5396655,1785485284.540779,5.789985070005059,0.0011132042855024338
5,prefix_cache_routing_4ep_1.5b_hitrate,formal,1,1102,18.4 (Ubuntu 18.4-1.pgdg22.04+1),0.8.5,503,1102:request:300503,1102:batch:48,-1,False,endpoint-3:worker:0,0,668555,default,endpoint-3,1,completed,,6.2521727085113525,0.002807140350341797,300503,1,66,2,2,6.247425703331828,1785485278.7547958,1785485285.0022209,1785485278.7548862,1785485285.0013993,1785485285.002094,6.246513087302446,0.000694548711180687
5,prefix_cache_routing_4ep_1.5b_hitrate,formal,1,1102,18.4 (Ubuntu 18.4-1.pgdg22.04+1),0.8.5,504,1102:request:300504,1102:batch:48,-1,False,endpoint-2:worker:0,0,668556,default,endpoint-2,1,completed,,1.4837126731872559,0.0012404918670654297,300504,1,176,9,2,1.480168268084526,1785485278.7568827,1785485280.2370512,1785485278.756914,1785485280.2358027,1785485280.236819,1.4788895081728697,0.0010159071534872055
5,prefix_cache_routing_4ep_1.5b_hitrate,formal,1,1102,18.4 (Ubuntu 18.4-1.pgdg22.04+1),0.8.5,505,1102:request:300505,1102:batch:48,-1,False,endpoint-0:worker:0,0,668553,default,endpoint-0,0,completed,,1.8676931858062744,0.002084493637084961,300505,1,243,13,3,1.8640043046325445,1785485278.7615397,1785485280.6255429,1785485278.7616222,1785485280.6244197,1785485280.6254168,1.862797325477004,0.0009968653321266174
5,prefix_cache_routing_4ep_1.5b_hitrate,formal,1,1102,18.4 (Ubuntu 18.4-1.pgdg22.04+1),0.8.5,506,1102:request:300506,1102:batch:48,-1,False,endpoint-2:worker:0,0,668556,default,endpoint-2,1,completed,,5.781536340713501,0.0013239383697509766,300506,1,1005,482,178,5.77666949480772,1785485278.7656543,1785485284.5423234,1785485278.7656975,1785485284.5400994,1785485284.5420506,5.774401968345046,0.001951172947883606
5,prefix_cache_routing_4ep_1.5b_hitrate,formal,1,1102,18.4 (Ubuntu 18.4-1.pgdg22.04+1),0.8.5,507,1102:request:300507,1102:batch:48,-1,False,endpoint-1:worker:0,0,668554,default,endpoint-1,0,completed,,5.793697118759155,0.0026030540466308594,300507,1,1383,782,145,5.778091453015804,1785485278.8078308,1785485284.5859222,1785485278.8078659,1785485284.5843067,1785485284.585468,5.7764409855008125,0.001161346212029457
5,prefix_cache_routing_4ep_1.5b_hitrate,formal,1,1102,18.4 (Ubuntu 18.4-1.pgdg22.04+1),0.8.5,508,1102:request:300508,1102:batch:48,-1,False,endpoint-2:worker:0,0,668556,default,endpoint-2,1,completed,,5.79473614692688,0.0012907981872558594,300508,1,307,44,181,5.761868508532643,1785485278.8097131,1785485284.5715814,1785485278.8097484,1785485284.5674381,1785485284.571433,5.75768961571157,0.003994883969426155
5,prefix_cache_routing_4ep_1.5b_hitrate,formal,1,1102,18.4 (Ubuntu 18.4-1.pgdg22.04+1),0.8.5,509,1102:request:300509,1102:batch:48,-1,False,endpoint-2:worker:0,0,668556,default,endpoint-2,1,completed,,5.533470153808594,0.0013799667358398438,300509,1,583,259,187,5.530162857845426,1785485278.8126352,1785485284.3427978,1785485278.8126683,1785485284.342086,1785485284.3425953,5.529417918995023,0.0005089361220598221
5,prefix_cache_routing_4ep_1.5b_hitrate,formal,1,1102,18.4 (Ubuntu 18.4-1.pgdg22.04+1),0.8.5,510,1102:request:300510,1102:batch:48,-1,False,endpoint-0:worker:0,0,668553,default,endpoint-0,0,completed,,5.934764862060547,0.0022165775299072266,300510,1,315,38,185,5.9221269730478525,1785485278.816898,1785485284.739024,1785485278.8169584,1785485284.7355707,1785485284.738929,5.918612027540803,0.0033583957701921463
5,prefix_cache_routing_4ep_1.5b_hitrate,formal,1,1102,18.4 (Ubuntu 18.4-1.pgdg22.04+1),0.8.5,511,1102:request:300511,1102:batch:48,-1,False,endpoint-1:worker:0,0,668554,default,endpoint-1,0,completed,,5.7713799476623535,0.0014150142669677734,300511,1,1150,679,225,5.765862664207816,1785485278.8208497,1785485284.5867121,1785485278.8208892,1785485284.5848029,1785485284.5864377,5.763913627713919,0.0016349665820598602
5,prefix_cache_routing_4ep_1.5b_hitrate,formal,1,1102,18.4 (Ubuntu 18.4-1.pgdg22.04+1),0.8.5,512,1102:request:300512,1102:batch:48,-1,False,endpoint-2:worker:0,0,668556,default,endpoint-2,1,completed,,5.779502868652344,0.0013883113861083984,300512,1,765,420,210,5.745090406388044,1785485278.8257494,1785485284.5708396,1785485278.825788,1785485284.567029,1785485284.5705948,5.741240983828902,0.0035659465938806534
5,prefix_cache_routing_4ep_1.5b_hitrate,formal,1,1102,18.4 (Ubuntu 18.4-1.pgdg22.04+1),0.8.5,513,1102:request:300513,1102:batch:48,-1,False,endpoint-2:worker:0,0,668556,default,endpoint-2,1,completed,,5.753325939178467,0.0012426376342773438,300513,1,1066,652,205,5.739664928987622,1785485278.8303971,1785485284.5700624,1785485278.830427,1785485284.5666273,1785485284.5697033,5.736200448125601,0.0030760858207941055
5,prefix_cache_routing_4ep_1.5b_hitrate,formal,1,1102,18.4 (Ubuntu 18.4-1.pgdg22.04+1),0.8.5,514,1102:request:300514,1102:batch:49,-1,False,endpoint-2:worker:0,0,668556,default,endpoint-2,1,completed,,5.757560968399048,0.0012178421020507812,300514,1,847,497,158,5.737802321091294,1785485278.837339,1785485284.5751414,1785485278.8373697,1785485284.5690567,1785485284.574918,5.731687180697918,0.005861341953277588
5,prefix_cache_routing_4ep_1.5b_hitrate,formal,1,1102,18.4 (Ubuntu 18.4-1.pgdg22.04+1),0.8.5,515,1102:request:300515,1102:batch:49,-1,False,endpoint-2:worker:0,0,668556,default,endpoint-2,1,completed,,5.743967771530151,0.0013451576232910156,300515,1,1221,785,190,5.730630008503795,1785485278.842782,1785485284.573412,1785485278.8428118,1785485284.5682716,1785485284.573102,5.72545999661088,0.004830231890082359
5,prefix_cache_routing_4ep_1.5b_hitrate,formal,1,1102,18.4 (Ubuntu 18.4-1.pgdg22.04+1),0.8.5,516,1102:request:300516,1102:batch:49,-1,False,endpoint-2:worker:0,0,668556,default,endpoint-2,1,completed,,5.758344411849976,0.001546621322631836,300516,1,901,540,191,5.725846339017153,1785485278.8484237,1785485284.57427,1785485278.8484566,1785485284.5687091,1785485284.574006,5.720252487808466,0.005296971648931503
5,prefix_cache_routing_4ep_1.5b_hitrate,formal,1,1102,18.4 (Ubuntu 18.4-1.pgdg22.04+1),0.8.5,517,1102:request:300517,1102:batch:49,-1,False,endpoint-2:worker:0,0,668556,default,endpoint-2,1,completed,,5.7620532512664795,0.0014119148254394531,300517,1,1149,735,194,5.719765331596136,1785485278.8527007,1785485284.5724661,1785485278.852737,1785485284.5678346,1785485284.572147,5.715097729116678,0.004312204197049141
5,prefix_cache_routing_4ep_1.5b_hitrate,formal,1,1102,18.4 (Ubuntu 18.4-1.pgdg22.04+1),0.8.5,518,1102:request:300518,1102:batch:49,-1,False,endpoint-2:worker:0,0,668556,default,endpoint-2,1,completed,,5.722444295883179,0.0011610984802246094,300518,1,505,206,156,5.709988981485367,1785485278.8562083,1785485284.5661972,1785485278.8562384,1785485284.5651712,1785485284.5659213,5.708933083340526,0.0007498916238546371
5,prefix_cache_routing_4ep_1.5b_hitrate,formal,1,1102,18.4 (Ubuntu 18.4-1.pgdg22.04+1),0.8.5,519,1102:request:300519,1102:batch:49,-1,False,endpoint-1:worker:0,0,668554,default,endpoint-1,0,completed,,5.812458515167236,0.0014073848724365234,300519,1,934,548,179,5.784426104277372,1785485278.862313,1785485284.6467388,1785485278.8623462,1785485284.6444752,1785485284.6465313,5.782128930091858,0.0020559318363666534
5,prefix_cache_routing_4ep_1.5b_hitrate,formal,1,1102,18.4 (Ubuntu 18.4-1.pgdg22.04+1),0.8.5,520,1102:request:300520,1102:batch:49,-1,False,endpoint-1:worker:0,0,668554,default,endpoint-1,0,completed,,4.923619270324707,0.003127574920654297,300520,1,250,22,158,4.913442013785243,1785485278.86749,1785485283.7809322,1785485278.8675122,1785485283.779401,1785485283.7806993,4.911889236420393,0.0012977030128240585
5,prefix_cache_routing_4ep_1.5b_hitrate,formal,1,1102,18.4 (Ubuntu 18.4-1.pgdg22.04+1),0.8.5,521,1102:request:300521,1102:batch:49,-1,False,endpoint-3:worker:0,0,668555,default,endpoint-3,1,completed,,9.228373527526855,0.0018529891967773438,300521,1,237,10,180,9.22526729106903,1785485278.8715227,1785485288.096789,1785485278.8715856,1785485288.096116,1785485288.0966923,9.224530708044767,0.0005758572369813919
5,prefix_cache_routing_4ep_1.5b_hitrate,formal,1,1102,18.4 (Ubuntu 18.4-1.pgdg22.04+1),0.8.5,522,1102:request:300522,1102:batch:49,-1,False,endpoint-0:worker:0,0,668553,default,endpoint-0,0,completed,,5.954802751541138,0.0016977787017822266,300522,1,297,18,166,5.943617150187492,1785485278.8749228,1785485284.8185396,1785485278.8749528,1785485284.8166163,1785485284.8184426,5.941663151606917,0.0018264278769493103
5,prefix_cache_routing_4ep_1.5b_hitrate,formal,1,1102,18.4 (Ubuntu 18.4-1.pgdg22.04+1),0.8.5,523,1102:request:300523,1102:batch:49,-1,False,endpoint-1:worker:0,0,668554,default,endpoint-1,0,completed,,5.3178300857543945,0.0013895034790039062,300523,1,666,278,191,5.314017808064818,1785485278.8815928,1785485284.1956103,1785485278.8816345,1785485284.1947274,1785485284.1953554,5.31309312954545,0.0006277486681938171
5,prefix_cache_routing_4ep_1.5b_hitrate,formal,1,1102,18.4 (Ubuntu 18.4-1.pgdg22.04+1),0.8.5,524,1102:request:300524,1102:batch:49,-1,False,endpoint-1:worker:0,0,668554,default,endpoint-1,0,completed,,5.770221948623657,0.0012295246124267578,300524,1,953,490,200,5.75990704447031,1785485278.8862224,1785485284.6461294,1785485278.8862524,1785485284.6440463,1785485284.6458542,5.757793990895152,0.001807916909456253
5,prefix_cache_routing_4ep_1.5b_hitrate,formal,1,1102,18.4 (Ubuntu 18.4-1.pgdg22.04+1),0.8.5,525,1102:request:300525,1102:batch:50,-1,False,endpoint-1:worker:0,0,668554,default,endpoint-1,0,completed,,5.468845367431641,0.0012962818145751953,300525,1,1149,654,174,5.4656002055853605,1785485278.8904178,1785485284.356018,1785485278.8904517,1785485284.3541603,1785485284.3554192,5.46370948292315,0.0012583732604980469
5,prefix_cache_routing_4ep_1.5b_hitrate,formal,1,1102,18.4 (Ubuntu 18.4-1.pgdg22.04+1),0.8.5,526,1102:request:300526,1102:batch:50,-1,False,endpoint-0:worker:0,0,668553,default,endpoint-0,0,completed,,5.942947149276733,0.0023889541625976562,300526,1,322,56,195,5.923141855746508,1785485278.8949137,1785485284.8180547,1785485278.8949847,1785485284.8162603,1785485284.8179452,5.9212755765765905,0.0016847886145114899
5,prefix_cache_routing_4ep_1.5b_hitrate,formal,1,1102,18.4 (Ubuntu 18.4-1.pgdg22.04+1),0.8.5,527,1102:request:300527,1102:batch:50,-1,False,endpoint-0:worker:0,0,668553,default,endpoint-0,0,completed,,5.923057317733765,0.0015168190002441406,300527,1,1226,778,228,5.9151312075555325,1785485278.8996096,1785485284.814741,1785485278.89965,1785485284.8128338,1785485284.8139539,5.913184283301234,0.0011198315769433975
5,prefix_cache_routing_4ep_1.5b_hitrate,formal,1,1102,18.4 (Ubuntu 18.4-1.pgdg22.04+1),0.8.5,528,1102:request:300528,1102:batch:50,-1,False,endpoint-0:worker:0,0,668553,default,endpoint-0,0,completed,,5.939772129058838,0.0013997554779052734,300528,1,621,281,219,5.914458703249693,1785485278.9031084,1785485284.8175666,1785485278.9031458,1785485284.815593,1785485284.8173873,5.912447776645422,0.0017938688397407532
5,prefix_cache_routing_4ep_1.5b_hitrate,formal,1,1102,18.4 (Ubuntu 18.4-1.pgdg22.04+1),0.8.5,529,1102:request:300529,1102:batch:50,-1,False,endpoint-1:worker:0,0,668554,default,endpoint-1,0,completed,,3.2889404296875,0.0019652843475341797,300529,1,748,500,125,3.2847407087683678,1785485278.9070263,1785485282.1917665,1785485278.9071,1785485282.1898217,1785485282.1913295,3.282722355797887,0.001507531851530075
5,prefix_cache_routing_4ep_1.5b_hitrate,formal,1,1102,18.4 (Ubuntu 18.4-1.pgdg22.04+1),0.8.5,530,1102:request:300530,1102:batch:50,-1,False,endpoint-1:worker:0,0,668554,default,endpoint-1,0,completed,,5.758924722671509,0.0024330615997314453,300530,1,966,583,230,5.7311926912516356,1785485278.911943,1785485284.6431355,1785485278.911978,1785485284.642074,1785485284.6427789,5.730096595361829,0.0007041878998279572
5,prefix_cache_routing_4ep_1.5b_hitrate,formal,1,1102,18.4 (Ubuntu 18.4-1.pgdg22.04+1),0.8.5,531,1102:request:300531,1102:batch:50,-1,False,endpoint-0:worker:0,0,668553,default,endpoint-0,0,completed,,5.909943342208862,0.0031290054321289062,300531,1,1073,669,208,5.901136249303818,1785485278.9180536,1785485284.8191893,1785485278.9181254,1785485284.816939,1785485284.8189633,5.898813612759113,0.002024063840508461
5,prefix_cache_routing_4ep_1.5b_hitrate,formal,1,1102,18.4 (Ubuntu 18.4-1.pgdg22.04+1),0.8.5,532,1102:request:300532,1102:batch:50,-1,False,endpoint-0:worker:0,0,668553,default,endpoint-0,0,completed,,5.996911525726318,0.0023124217987060547,300532,1,1278,863,221,5.991308948025107,1785485278.9210088,1785485284.9123175,1785485278.9210486,1785485284.9093466,1785485284.912043,5.988298004493117,0.0026965755969285965
5,prefix_cache_routing_4ep_1.5b_hitrate,formal,1,1102,18.4 (Ubuntu 18.4-1.pgdg22.04+1),0.8.5,533,1102:request:300533,1102:batch:50,-1,False,endpoint-1:worker:0,0,668554,default,endpoint-1,0,completed,,5.730576992034912,0.0015916824340820312,300533,1,1279,864,197,5.71845299936831,1785485278.9269502,1785485284.645403,1785485278.9269967,1785485284.643604,1785485284.645003,5.716607367619872,0.0013990402221679688
5,prefix_cache_routing_4ep_1.5b_hitrate,formal,1,1102,18.4 (Ubuntu 18.4-1.pgdg22.04+1),0.8.5,534,1102:request:300534,1102:batch:51,-1,False,endpoint-0:worker:0,0,668553,default,endpoint-0,0,completed,,5.999554872512817,0.0013074874877929688,300534,1,918,540,223,5.980425802990794,1785485278.9311287,1785485284.9115543,1785485278.9311705,1785485284.9090307,1785485284.911321,5.977860037237406,0.0022901222109794617
5,prefix_cache_routing_4ep_1.5b_hitrate,formal,1,1102,18.4 (Ubuntu 18.4-1.pgdg22.04+1),0.8.5,535,1102:request:300535,1102:batch:51,-1,False,endpoint-0:worker:0,0,668553,default,endpoint-0,0,completed,,5.974776983261108,0.0021774768829345703,300535,1,959,569,222,5.959151104092598,1785485278.9510033,1785485284.9101539,1785485278.951057,1785485284.9083009,1785485284.9098651,5.957243474200368,0.00156414695084095
5,prefix_cache_routing_4ep_1.5b_hitrate,formal,1,1102,18.4 (Ubuntu 18.4-1.pgdg22.04+1),0.8.5,536,1102:request:300536,1102:batch:51,-1,False,endpoint-0:worker:0,0,668553,default,endpoint-0,0,completed,,4.418393611907959,0.0015892982482910156,300536,1,857,550,177,4.412279192358255,1785485278.9546895,1785485283.3669686,1785485278.9547272,1785485283.3659976,1785485283.3667188,4.41127042286098,0.0007211174815893173
5,prefix_cache_routing_4ep_1.5b_hitrate,formal,1,1102,18.4 (Ubuntu 18.4-1.pgdg22.04+1),0.8.5,537,1102:request:300537,1102:batch:51,-1,False,endpoint-0:worker:0,0,668553,default,endpoint-0,0,completed,,5.9818854331970215,0.0013730525970458984,300537,1,1097,703,220,5.950537357479334,1785485278.9603302,1785485284.9108672,1785485278.9603717,1785485284.9087024,1785485284.9106174,5.948330886662006,0.001914752647280693
5,prefix_cache_routing_4ep_1.5b_hitrate,formal,1,1102,18.4 (Ubuntu 18.4-1.pgdg22.04+1),0.8.5,538,1102:request:300538,1102:batch:51,-1,False,endpoint-2:worker:0,0,668556,default,endpoint-2,1,completed,,5.701382398605347,0.0017082691192626953,300538,1,1270,852,222,5.671475848183036,1785485278.9636164,1785485284.635092,1785485278.963661,1785485284.6306818,1785485284.6347904,5.667020659893751,0.004108496010303497
5,prefix_cache_routing_4ep_1.5b_hitrate,formal,1,1102,18.4 (Ubuntu 18.4-1.pgdg22.04+1),0.8.5,539,1102:request:300539,1102:batch:51,-1,False,endpoint-1:worker:0,0,668554,default,endpoint-1,0,completed,,5.053695201873779,0.0015728473663330078,300539,1,296,52,197,5.0498013105243444,1785485278.9651878,1785485284.0149891,1785485278.965231,1785485284.0138307,1785485284.014724,5.048600133508444,0.0008931774646043777
5,prefix_cache_routing_4ep_1.5b_hitrate,formal,1,1102,18.4 (Ubuntu 18.4-1.pgdg22.04+1),0.8.5,540,1102:request:300540,1102:batch:51,-1,False,endpoint-2:worker:0,0,668556,default,endpoint-2,1,completed,,5.695594787597656,0.0010693073272705078,300540,1,517,226,206,5.670522024855018,1785485278.9662855,1785485284.6368074,1785485278.9663155,1785485284.631538,1785485284.6366284,5.665222533047199,0.005090558901429176
5,prefix_cache_routing_4ep_1.5b_hitrate,formal,1,1102,18.4 (Ubuntu 18.4-1.pgdg22.04+1),0.8.5,541,1102:request:300541,1102:batch:51,-1,False,endpoint-2:worker:0,0,668556,default,endpoint-2,1,completed,,4.456228971481323,0.001146554946899414,300541,1,1248,750,164,4.453554002568126,1785485278.970117,1785485283.423671,1785485278.970147,1785485283.4226182,1785485283.423269,4.452471809461713,0.0006505008786916733
5,prefix_cache_routing_4ep_1.5b_hitrate,formal,1,1102,18.4 (Ubuntu 18.4-1.pgdg22.04+1),0.8.5,542,1102:request:300542,1102:batch:51,-1,False,endpoint-2:worker:0,0,668556,default,endpoint-2,1,completed,,5.69415807723999,0.00122833251953125,300542,1,1082,596,201,5.66049931012094,1785485278.972763,1785485284.6332626,1785485278.972798,1785485284.6299274,1785485284.63297,5.657129416242242,0.00304260291159153
5,prefix_cache_routing_4ep_1.5b_hitrate,formal,1,1102,18.4 (Ubuntu 18.4-1.pgdg22.04+1),0.8.5,543,1102:request:300543,1102:batch:51,-1,False,endpoint-2:worker:0,0,668556,default,endpoint-2,1,completed,,4.861959218978882,0.0013818740844726562,300543,1,528,239,176,4.859194312244654,1785485278.9754531,1785485283.8346477,1785485278.9754865,1785485283.8337727,1785485283.8344197,4.858286760747433,0.000646667554974556
5,prefix_cache_routing_4ep_1.5b_hitrate,formal,1,1102,18.4 (Ubuntu 18.4-1.pgdg22.04+1),0.8.5,544,1102:request:300544,1102:batch:52,-1,False,endpoint-2:worker:0,0,668556,default,endpoint-2,1,completed,,5.662474155426025,0.0011396408081054688,300544,1,1145,667,192,5.651482578366995,1785485278.97763,1785485284.6291122,1785485278.9776628,1785485284.628067,1785485284.6287725,5.650404756888747,0.0007053650915622711
5,prefix_cache_routing_4ep_1.5b_hitrate,formal,1,1102,18.4 (Ubuntu 18.4-1.pgdg22.04+1),0.8.5,545,1102:request:300545,1102:batch:52,-1,False,endpoint-2:worker:0,0,668556,default,endpoint-2,1,completed,,5.696866512298584,0.0011072158813476562,300545,1,1440,876,198,5.653646299615502,1785485278.9805915,1785485284.634238,1785485278.9806275,1785485284.6303017,1785485284.6338723,5.649674482643604,0.0035704951733350754
5,prefix_cache_routing_4ep_1.5b_hitrate,formal,1,1102,18.4 (Ubuntu 18.4-1.pgdg22.04+1),0.8.5,546,1102:request:300546,1102:batch:52,-1,False,endpoint-2:worker:0,0,668556,default,endpoint-2,1,completed,,5.66847825050354,0.001046895980834961,300546,1,727,370,206,5.648544669151306,1785485278.9838471,1785485284.632392,1785485278.9838772,1785485284.6295445,1785485284.6321552,5.645667361095548,0.0026106908917427063
5,prefix_cache_routing_4ep_1.5b_hitrate,formal,1,1102,18.4 (Ubuntu 18.4-1.pgdg22.04+1),0.8.5,547,1102:request:300547,1102:batch:52,-1,False,endpoint-2:worker:0,0,668556,default,endpoint-2,1,completed,,5.686380624771118,0.0010917186737060547,300547,1,293,29,185,5.650308839976788,1785485278.9856124,1785485284.6359212,1785485278.9856408,1785485284.6311102,1785485284.635767,5.645469779148698,0.004656733945012093
5,prefix_cache_routing_4ep_1.5b_hitrate,formal,1,1102,18.4 (Ubuntu 18.4-1.pgdg22.04+1),0.8.5,548,1102:request:300548,1102:batch:52,-1,False,endpoint-1:worker:0,0,668554,default,endpoint-1,0,completed,,2.804753303527832,0.0017132759094238281,300548,1,838,543,101,2.801430555060506,1785485278.9937594,1785485281.79519,1785485278.9937823,1785485281.7935038,1785485281.7949347,2.7997221257537603,0.001430252566933632
5,prefix_cache_routing_4ep_1.5b_hitrate,formal,1,1102,18.4 (Ubuntu 18.4-1.pgdg22.04+1),0.8.5,549,1102:request:300549,1102:batch:52,-1,False,endpoint-1:worker:0,0,668554,default,endpoint-1,0,completed,,5.839296817779541,0.001111745834350586,300549,1,1084,637,155,5.82393666729331,1785485278.9965656,1785485284.820502,1785485278.996597,1785485284.817611,1785485284.820288,5.82101390697062,0.002676989883184433
5,prefix_cache_routing_4ep_1.5b_hitrate,formal,1,1102,18.4 (Ubuntu 18.4-1.pgdg22.04+1),0.8.5,550,1102:request:300550,1102:batch:52,-1,False,endpoint-1:worker:0,0,668554,default,endpoint-1,0,completed,,5.837016344070435,0.001100778579711914,300550,1,1114,660,132,5.819638824090362,1785485279.0002306,1785485284.8198693,1785485279.00026,1785485284.8171937,1785485284.8196633,5.816933859139681,0.0024695247411727905
5,prefix_cache_routing_4ep_1.5b_hitrate,formal,1,1102,18.4 (Ubuntu 18.4-1.pgdg22.04+1),0.8.5,551,1102:request:300551,1102:batch:52,-1,False,endpoint-1:worker:0,0,668554,default,endpoint-1,0,completed,,5.826331615447998,0.0011546611785888672,300551,1,1181,713,200,5.8122246861457825,1785485279.0035224,1785485284.815747,1785485279.0035536,1785485284.8146203,1785485284.815348,5.811067197471857,0.0007273536175489426
5,prefix_cache_routing_4ep_1.5b_hitrate,formal,1,1102,18.4 (Ubuntu 18.4-1.pgdg22.04+1),0.8.5,552,1102:request:300552,1102:batch:52,-1,False,endpoint-1:worker:0,0,668554,default,endpoint-1,0,completed,,4.825293779373169,0.001463174819946289,300552,1,1212,761,183,4.821088256314397,1785485279.0055852,1785485283.8266733,1785485279.005621,1785485283.8247259,1785485283.826105,4.819105576723814,0.0013791508972644806
5,prefix_cache_routing_4ep_1.5b_hitrate,formal,1,1102,18.4 (Ubuntu 18.4-1.pgdg22.04+1),0.8.5,553,1102:request:300553,1102:batch:53,-1,False,endpoint-1:worker:0,0,668554,default,endpoint-1,0,completed,,5.818710088729858,0.0014045238494873047,300553,1,1001,576,165,5.809229750186205,1785485279.0100293,1785485284.819259,1785485279.010059,1785485284.816744,1785485284.8190336,5.806685319170356,0.002289174124598503
5,prefix_cache_routing_4ep_1.5b_hitrate,formal,1,1102,18.4 (Ubuntu 18.4-1.pgdg22.04+1),0.8.5,554,1102:request:300554,1102:batch:53,-1,False,endpoint-1:worker:0,0,668554,default,endpoint-1,0,completed,,5.827805280685425,0.0012688636779785156,300554,1,1300,812,200,5.806133972480893,1785485279.0124893,1785485284.8186233,1785485279.0125206,1785485284.8162444,1785485284.8182833,5.803724294528365,0.0020386148244142532
5,prefix_cache_routing_4ep_1.5b_hitrate,formal,1,1102,18.4 (Ubuntu 18.4-1.pgdg22.04+1),0.8.5,555,1102:request:300555,1102:batch:53,-1,False,endpoint-1:worker:0,0,668554,default,endpoint-1,0,completed,,2.536116123199463,0.0011196136474609375,300555,1,1262,900,92,2.5207579396665096,1785485279.0149674,1785485281.5357254,1785485279.0149958,1785485281.5346806,1785485281.5354052,2.5196854434907436,0.000724058598279953
5,prefix_cache_routing_4ep_1.5b_hitrate,formal,1,1102,18.4 (Ubuntu 18.4-1.pgdg22.04+1),0.8.5,556,1102:request:300556,1102:batch:53,-1,False,endpoint-1:worker:0,0,668554,default,endpoint-1,0,completed,,3.351724147796631,0.001111745834350586,300556,1,1386,964,119,3.3483050521463156,1785485279.0180948,1785485282.3663998,1785485279.0181277,1785485282.3654013,1785485282.366032,3.3472741711884737,0.0006303228437900543
5,prefix_cache_routing_4ep_1.5b_hitrate,formal,1,1102,18.4 (Ubuntu 18.4-1.pgdg22.04+1),0.8.5,557,1102:request:300557,1102:batch:53,-1,False,endpoint-0:worker:0,0,668553,default,endpoint-0,0,completed,,5.89979887008667,0.002482175827026367,300557,1,334,54,169,5.88632133975625,1785485279.0211236,1785485284.9074452,1785485279.0212033,1785485284.9055793,1785485284.9070358,5.884376671165228,0.00145617313683033
5,prefix_cache_routing_4ep_1.5b_hitrate,formal,1,1102,18.4 (Ubuntu 18.4-1.pgdg22.04+1),0.8.5,558,1102:request:300558,1102:batch:53,-1,False,endpoint-2:worker:0,0,668556,default,endpoint-2,1,completed,,4.2662529945373535,0.002172708511352539,300558,1,357,106,154,4.257160605862737,1785485279.022451,1785485283.279611,1785485279.0225356,1785485283.27794,1785485283.2794824,4.255404084920883,0.0015423092991113663
5,prefix_cache_routing_4ep_1.5b_hitrate,formal,1,1102,18.4 (Ubuntu 18.4-1.pgdg22.04+1),0.8.5,559,1102:request:300559,1102:batch:53,-1,False,endpoint-2:worker:0,0,668556,default,endpoint-2,1,completed,,2.319936990737915,0.001379251480102539,300559,1,376,204,70,2.316456839442253,1785485279.0490324,1785485281.3654892,1785485279.0490587,1785485281.3648286,1785485281.3653657,2.3157705683261156,0.0005364324897527695
5,prefix_cache_routing_4ep_1.5b_hitrate,formal,1,1102,18.4 (Ubuntu 18.4-1.pgdg22.04+1),0.8.5,560,1102:request:300560,1102:batch:53,-1,False,endpoint-2:worker:0,0,668556,default,endpoint-2,1,completed,,2.486910820007324,0.0011026859283447266,300560,1,618,387,74,2.480952041223645,1785485279.0512154,1785485281.5321674,1785485279.0512486,1785485281.5312374,1785485281.5319765,2.479988882318139,0.0007391124963760376
5,prefix_cache_routing_4ep_1.5b_hitrate,formal,1,1102,18.4 (Ubuntu 18.4-1.pgdg22.04+1),0.8.5,561,1102:request:300561,1102:batch:53,-1,False,endpoint-2:worker:0,0,668556,default,endpoint-2,1,completed,,5.7345733642578125,0.0010216236114501953,300561,1,269,7,180,5.7189669124782085,1785485279.0527403,1785485284.7717073,1785485279.0527675,1785485284.7697306,1785485284.771579,5.716963017359376,0.001848837360739708
5,prefix_cache_routing_4ep_1.5b_hitrate,formal,1,1102,18.4 (Ubuntu 18.4-1.pgdg22.04+1),0.8.5,562,1102:request:300562,1102:batch:53,-1,False,endpoint-2:worker:0,0,668556,default,endpoint-2,1,completed,,5.723103284835815,0.0009720325469970703,300562,1,532,197,203,5.718336205929518,1785485279.0548148,1785485284.773151,1785485279.0548441,1785485284.7704659,1785485284.7730012,5.715621754527092,0.0025352612137794495
5,prefix_cache_routing_4ep_1.5b_hitrate,formal,1,1102,18.4 (Ubuntu 18.4-1.pgdg22.04+1),0.8.5,563,1102:request:300563,1102:batch:53,-1,False,endpoint-2:worker:0,0,668556,default,endpoint-2,1,completed,,1.4068214893341064,0.001283407211303711,300563,1,219,147,30,1.4033956546336412,1785485279.0575268,1785485280.4609227,1785485279.0575542,1785485280.4594975,1785485280.4606678,1.4019439723342657,0.0011701639741659164
5,prefix_cache_routing_4ep_1.5b_hitrate,formal,1,1102,18.4 (Ubuntu 18.4-1.pgdg22.04+1),0.8.5,564,1102:request:300564,1102:batch:53,-1,False,endpoint-2:worker:0,0,668556,default,endpoint-2,1,completed,,1.0064189434051514,0.000978231430053711,300564,1,218,169,8,1.0024303942918777,1785485279.058852,1785485280.0612826,1785485279.0588853,1785485280.0598857,1785485280.061024,1.001001389697194,0.0011377353221178055
5,prefix_cache_routing_4ep_1.5b_hitrate,formal,1,1102,18.4 (Ubuntu 18.4-1.pgdg22.04+1),0.8.5,565,1102:request:300565,1102:batch:54,-1,False,endpoint-2:worker:0,0,668556,default,endpoint-2,1,completed,,5.717532396316528,0.0009512901306152344,300565,1,777,361,168,5.708113953471184,1785485279.0611973,1785485284.7693114,1785485279.061228,1785485284.7676885,1785485284.769085,5.706460298970342,0.0013966597616672516
5,prefix_cache_routing_4ep_1.5b_hitrate,formal,1,1102,18.4 (Ubuntu 18.4-1.pgdg22.04+1),0.8.5,566,1102:request:300566,1102:batch:54,-1,False,endpoint-2:worker:0,0,668556,default,endpoint-2,1,completed,,4.994587421417236,0.0009503364562988281,300566,1,624,343,182,4.992149380967021,1785485279.0629683,1785485284.0551178,1785485279.0630012,1785485284.0543447,1785485284.0548842,4.991344096139073,0.0005390793085098267
5,prefix_cache_routing_4ep_1.5b_hitrate,formal,1,1102,18.4 (Ubuntu 18.4-1.pgdg22.04+1),0.8.5,567,1102:request:300567,1102:batch:54,-1,False,endpoint-2:worker:0,0,668556,default,endpoint-2,1,completed,,4.216119050979614,0.0011029243469238281,300567,1,1142,808,169,4.212829723954201,1785485279.0661118,1785485283.2789416,1785485279.0661464,1785485283.27748,1785485283.2785707,4.211334053426981,0.0010906737297773361
5,prefix_cache_routing_4ep_1.5b_hitrate,formal,1,1102,18.4 (Ubuntu 18.4-1.pgdg22.04+1),0.8.5,568,1102:request:300568,1102:batch:54,-1,False,endpoint-2:worker:0,0,668556,default,endpoint-2,1,completed,,5.716561555862427,0.0010190010070800781,300568,1,313,45,197,5.705556588247418,1785485279.068351,1785485284.7739074,1785485279.0683787,1785485284.7708254,1785485284.7737608,5.702446853742003,0.0029354114085435867
5,prefix_cache_routing_4ep_1.5b_hitrate,formal,1,1102,18.4 (Ubuntu 18.4-1.pgdg22.04+1),0.8.5,569,1102:request:300569,1102:batch:54,-1,False,endpoint-2:worker:0,0,668556,default,endpoint-2,1,completed,,5.706721305847168,0.0010161399841308594,300569,1,264,7,194,5.698196444660425,1785485279.0703096,1785485284.768506,1785485279.0703373,1785485284.7672346,1785485284.7683668,5.696897517889738,0.001132175326347351
5,prefix_cache_routing_4ep_1.5b_hitrate,formal,1,1102,18.4 (Ubuntu 18.4-1.pgdg22.04+1),0.8.5,570,1102:request:300570,1102:batch:54,-1,False,endpoint-2:worker:0,0,668556,default,endpoint-2,1,completed,,5.467651844024658,0.0008862018585205078,300570,1,666,236,99,5.454517245292664,1785485279.0725987,1785485284.527116,1785485279.0726266,1785485284.5257201,1785485284.5269434,5.453093282878399,0.0012233685702085495
5,prefix_cache_routing_4ep_1.5b_hitrate,formal,1,1102,18.4 (Ubuntu 18.4-1.pgdg22.04+1),0.8.5,571,1102:request:300571,1102:batch:54,-1,False,endpoint-2:worker:0,0,668556,default,endpoint-2,1,completed,,0.6702690124511719,0.0009303092956542969,300571,1,451,256,1,0.6663764044642448,1785485279.0741856,1785485279.7405622,1785485279.074212,1785485279.7395163,1785485279.7404413,0.6653051469475031,0.0009240470826625824
5,prefix_cache_routing_4ep_1.5b_hitrate,formal,1,1102,18.4 (Ubuntu 18.4-1.pgdg22.04+1),0.8.5,572,1102:request:300572,1102:batch:54,-1,False,endpoint-2:worker:0,0,668556,default,endpoint-2,1,completed,,1.4755148887634277,0.0037987232208251953,300572,1,536,281,25,1.469405710697174,1785485279.080065,1785485280.5494707,1785485279.0800946,1785485280.54872,1785485280.5492942,1.468625919893384,0.0005742721259593964
5,prefix_cache_routing_4ep_1.5b_hitrate,formal,1,1102,18.4 (Ubuntu 18.4-1.pgdg22.04+1),0.8.5,573,1102:request:300573,1102:batch:54,-1,False,endpoint-2:worker:0,0,668556,default,endpoint-2,1,completed,,1.2977688312530518,0.002763509750366211,300573,1,580,314,19,1.2930773254483938,1785485279.0809774,1785485280.3740554,1785485279.0810068,1785485280.3725762,1785485280.3737118,1.2915701027959585,0.0011352375149726868
5,prefix_cache_routing_4ep_1.5b_hitrate,formal,1,1102,18.4 (Ubuntu 18.4-1.pgdg22.04+1),0.8.5,574,1102:request:300574,1102:batch:54,-1,False,endpoint-2:worker:0,0,668556,default,endpoint-2,1,completed,,1.4978234767913818,0.0023069381713867188,300574,1,643,340,24,1.4938361253589392,1785485279.0828555,1785485280.5766912,1785485279.0828893,1785485280.5759797,1785485280.5765111,1.4930909778922796,0.000531218945980072
5,prefix_cache_routing_4ep_1.5b_hitrate,formal,1,1102,18.4 (Ubuntu 18.4-1.pgdg22.04+1),0.8.5,575,1102:request:300575,1102:batch:54,-1,False,endpoint-1:worker:0,0,668554,default,endpoint-1,0,completed,,5.863680124282837,0.01726698875427246,300575,1,593,109,181,5.798096714541316,1785485279.2025416,1785485285.000638,1785485279.2025702,1785485284.9948888,1785485285.0004902,5.792318597435951,0.005601376295089722
5,prefix_cache_routing_4ep_1.5b_hitrate,formal,1,1102,18.4 (Ubuntu 18.4-1.pgdg22.04+1),0.8.5,576,1102:request:300576,1102:batch:54,-1,False,endpoint-1:worker:0,0,668554,default,endpoint-1,0,completed,,5.864415645599365,0.01817035675048828,300576,1,273,16,199,5.8069271389395,1785485279.2052543,1785485285.0121813,1785485279.2052824,1785485284.9983888,1785485285.0120957,5.793106192722917,0.013706885278224945
5,prefix_cache_routing_4ep_1.5b_hitrate,formal,1,1102,18.4 (Ubuntu 18.4-1.pgdg22.04+1),0.8.5,577,1102:request:300577,1102:batch:54,-1,False,endpoint-1:worker:0,0,668554,default,endpoint-1,0,completed,,5.8249170780181885,0.017725706100463867,300577,1,559,250,202,5.785792391747236,1785485279.2075665,1785485284.9933596,1785485279.2076652,1785485284.9915688,1785485284.9929442,5.783904457464814,0.0013749673962593079
5,prefix_cache_routing_4ep_1.5b_hitrate,formal,1,1102,18.4 (Ubuntu 18.4-1.pgdg22.04+1),0.8.5,578,1102:request:300578,1102:batch:54,-1,False,endpoint-1:worker:0,0,668554,default,endpoint-1,0,completed,,5.823448896408081,0.01939105987548828,300578,1,943,538,192,5.79148668050766,1785485279.2123523,1785485285.003839,1785485279.2124624,1785485284.996102,1785485285.0035431,5.783639665693045,0.007440915331244469
5,prefix_cache_routing_4ep_1.5b_hitrate,formal,1,1102,18.4 (Ubuntu 18.4-1.pgdg22.04+1),0.8.5,579,1102:request:300579,1102:batch:55,-1,False,endpoint-1:worker:0,0,668554,default,endpoint-1,0,completed,,5.836366653442383,0.018245220184326172,300579,1,1357,844,196,5.785102430731058,1785485279.2144034,1785485284.999506,1785485279.2144356,1785485284.994149,1785485284.9991817,5.77971339225769,0.005032999441027641
5,prefix_cache_routing_4ep_1.5b_hitrate,formal,1,1102,18.4 (Ubuntu 18.4-1.pgdg22.04+1),0.8.5,580,1102:request:300580,1102:batch:55,-1,False,endpoint-3:worker:0,0,668555,default,endpoint-3,1,completed,,9.447769403457642,0.002168893814086914,300580,1,364,78,126,9.438233595341444,1785485279.2002077,1785485288.6384404,1785485279.2002707,1785485288.6361752,1785485288.6382895,9.435905408114195,0.002113359048962593
5,prefix_cache_routing_4ep_1.5b_hitrate,formal,1,1102,18.4 (Ubuntu 18.4-1.pgdg22.04+1),0.8.5,581,1102:request:300581,1102:batch:55,-1,False,endpoint-3:worker:0,0,668555,default,endpoint-3,1,completed,,9.457216024398804,0.00734710693359375,300581,1,315,41,167,9.435946241021156,1785485279.2069275,1785485288.6428735,1785485279.206967,1785485288.6396272,1785485288.6427975,9.43266024067998,0.0031704045832157135
5,prefix_cache_routing_4ep_1.5b_hitrate,formal,1,1102,18.4 (Ubuntu 18.4-1.pgdg22.04+1),0.8.5,582,1102:request:300582,1102:batch:55,-1,False,endpoint-3:worker:0,0,668555,default,endpoint-3,1,completed,,7.399012565612793,0.006687641143798828,300582,1,319,161,116,7.386526446789503,1785485279.2079122,1785485286.5944386,1785485279.2079437,1785485286.5929177,1785485286.594156,7.384974272921681,0.0012379549443721771
5,prefix_cache_routing_4ep_1.5b_hitrate,formal,1,1102,18.4 (Ubuntu 18.4-1.pgdg22.04+1),0.8.5,583,1102:request:300583,1102:batch:55,-1,False,endpoint-1:worker:0,0,668554,default,endpoint-1,0,completed,,5.3851401805877686,0.01768779754638672,300583,1,873,553,202,5.361672285944223,1785485279.2221398,1785485284.583812,1785485279.2221756,1785485284.5828016,1785485284.5834496,5.360626731067896,0.0006476361304521561
5,prefix_cache_routing_4ep_1.5b_hitrate,formal,1,1102,18.4 (Ubuntu 18.4-1.pgdg22.04+1),0.8.5,584,1102:request:300584,1102:batch:55,-1,False,endpoint-1:worker:0,0,668554,default,endpoint-1,0,completed,,5.812316179275513,0.014610767364501953,300584,1,1258,855,229,5.78155180066824,1785485279.2234106,1785485285.0049624,1785485279.223438,1785485284.9963899,1785485285.0045571,5.772951873019338,0.008167210966348648
5,prefix_cache_routing_4ep_1.5b_hitrate,formal,1,1102,18.4 (Ubuntu 18.4-1.pgdg22.04+1),0.8.5,585,1102:request:300585,1102:batch:55,-1,False,endpoint-1:worker:0,0,668554,default,endpoint-1,0,completed,,5.818808078765869,0.011628866195678711,300585,1,259,2,180,5.776429519057274,1785485279.2248213,1785485285.0012507,1785485279.2248433,1785485284.99519,1785485285.0011158,5.770346911624074,0.005925815552473068
5,prefix_cache_routing_4ep_1.5b_hitrate,formal,1,1102,18.4 (Ubuntu 18.4-1.pgdg22.04+1),0.8.5,586,1102:request:300586,1102:batch:55,-1,False,endpoint-1:worker:0,0,668554,default,endpoint-1,0,completed,,1.5557401180267334,0.01194143295288086,300586,1,95,27,47,1.5400333236902952,1785485279.2270768,1785485280.76711,1785485279.227115,1785485280.765655,1785485280.766761,1.538540655747056,0.0011055544018745422
5,prefix_cache_routing_4ep_1.5b_hitrate,formal,1,1102,18.4 (Ubuntu 18.4-1.pgdg22.04+1),0.8.5,587,1102:request:300587,1102:batch:55,-1,False,endpoint-2:worker:0,0,668556,default,endpoint-2,1,completed,,5.566194772720337,0.0014908313751220703,300587,1,369,87,201,5.553974632173777,1785485279.218471,1785485284.7724454,1785485279.2185037,1785485284.770128,1785485284.7723126,5.551624344661832,0.002184448763728142
5,prefix_cache_routing_4ep_1.5b_hitrate,formal,1,1102,18.4 (Ubuntu 18.4-1.pgdg22.04+1),0.8.5,588,1102:request:300588,1102:batch:55,-1,False,endpoint-2:worker:0,0,668556,default,endpoint-2,1,completed,,5.712870359420776,0.0009362697601318359,300588,1,559,241,216,5.689646735787392,1785485279.2205102,1785485284.9101567,1785485279.22054,1785485284.9041493,1785485284.9099991,5.6836090963333845,0.005849868059158325
5,prefix_cache_routing_4ep_1.5b_hitrate,formal,1,1102,18.4 (Ubuntu 18.4-1.pgdg22.04+1),0.8.5,589,1102:request:300589,1102:batch:55,-1,False,endpoint-2:worker:0,0,668556,default,endpoint-2,1,completed,,1.6929748058319092,0.000911712646484375,300589,1,546,391,57,1.6901753563433886,1785485279.222851,1785485280.9130263,1785485279.2228827,1785485280.9122133,1785485280.9128268,1.6893308535218239,0.0006132218986749649
5,prefix_cache_routing_4ep_1.5b_hitrate,formal,1,1102,18.4 (Ubuntu 18.4-1.pgdg22.04+1),0.8.5,590,1102:request:300590,1102:batch:55,-1,False,endpoint-2:worker:0,0,668556,default,endpoint-2,1,completed,,3.640324115753174,0.001062631607055664,300590,1,707,429,158,3.6379732619971037,1785485279.2264075,1785485282.8643808,1785485279.226436,1785485282.8634622,1785485282.8641305,3.6370268184691668,0.000668136402964592
5,prefix_cache_routing_4ep_1.5b_hitrate,formal,1,1102,18.4 (Ubuntu 18.4-1.pgdg22.04+1),0.8.5,591,1102:request:300591,1102:batch:55,-1,False,endpoint-1:worker:0,0,668554,default,endpoint-1,0,completed,,5.84525728225708,0.00898122787475586,300591,1,272,12,216,5.766107382252812,1785485279.2367556,1785485285.0028632,1785485279.2367868,1785485284.9958048,1785485285.0027292,5.759017882868648,0.006924552842974663
5,prefix_cache_routing_4ep_1.5b_hitrate,formal,1,1102,18.4 (Ubuntu 18.4-1.pgdg22.04+1),0.8.5,592,1102:request:300592,1102:batch:55,-1,False,endpoint-1:worker:0,0,668554,default,endpoint-1,0,completed,,5.804300546646118,0.010017156600952148,300592,1,538,199,138,5.761784004047513,1785485279.2402782,1785485285.0020623,1785485279.2403135,1785485284.9955087,1785485285.0018523,5.755195135250688,0.006343431770801544
5,prefix_cache_routing_4ep_1.5b_hitrate,formal,1,1102,18.4 (Ubuntu 18.4-1.pgdg22.04+1),0.8.5,593,1102:request:300593,1102:batch:55,-1,False,endpoint-1:worker:0,0,668554,default,endpoint-1,0,completed,,5.840353727340698,0.010214090347290039,300593,1,794,397,115,5.764674246311188,1785485279.2434301,1785485285.0081046,1785485279.2434638,1785485284.997251,1785485285.0078516,5.753787448629737,0.010600520297884941
5,prefix_cache_routing_4ep_1.5b_hitrate,formal,1,1102,18.4 (Ubuntu 18.4-1.pgdg22.04+1),0.8.5,594,1102:request:300594,1102:batch:56,-1,False,endpoint-1:worker:0,0,668554,default,endpoint-1,0,completed,,4.805826187133789,0.007825613021850586,300594,1,1119,611,143,4.795812612399459,1785485279.2499099,1785485284.0457225,1785485279.2499433,1785485284.0445359,1785485284.0454154,4.794593244791031,0.0008789617568254471
5,prefix_cache_routing_4ep_1.5b_hitrate,formal,1,1102,18.4 (Ubuntu 18.4-1.pgdg22.04+1),0.8.5,595,1102:request:300595,1102:batch:56,-1,False,endpoint-2:worker:0,0,668556,default,endpoint-2,1,completed,,5.696565389633179,0.00279998779296875,300595,1,1461,812,145,5.658002739772201,1785485279.2494483,1785485284.9074504,1785485279.2495356,1785485284.9030564,1785485284.907055,5.653520785272121,0.003998450934886932
5,prefix_cache_routing_4ep_1.5b_hitrate,formal,1,1102,18.4 (Ubuntu 18.4-1.pgdg22.04+1),0.8.5,596,1102:request:300596,1102:batch:56,-1,False,endpoint-2:worker:0,0,668556,default,endpoint-2,1,completed,,5.682049512863159,0.0015444755554199219,300596,1,1030,454,132,5.652984082698822,1785485279.2526019,1785485284.9055858,1785485279.2526321,1785485284.902312,1785485284.9053214,5.6496802642941475,0.003009229898452759
5,prefix_cache_routing_4ep_1.5b_hitrate,formal,1,1102,18.4 (Ubuntu 18.4-1.pgdg22.04+1),0.8.5,597,1102:request:300597,1102:batch:56,-1,False,endpoint-1:worker:0,0,668554,default,endpoint-1,0,completed,,5.777183532714844,0.0015993118286132812,300597,1,265,7,175,5.7499887347221375,1785485279.255866,1785485285.0058546,1785485279.2558966,1785485284.9966688,1785485285.0057232,5.740772543475032,0.009054245427250862
5,prefix_cache_routing_4ep_1.5b_hitrate,formal,1,1102,18.4 (Ubuntu 18.4-1.pgdg22.04+1),0.8.5,598,1102:request:300598,1102:batch:56,-1,False,endpoint-0:worker:0,0,668553,default,endpoint-0,0,completed,,5.816344738006592,0.002833127975463867,300598,1,547,241,184,5.7648442555218935,1785485279.2589507,1785485285.0237935,1785485279.2590406,1785485285.0214884,1785485285.0236583,5.762447511777282,0.0021700114011764526
5,prefix_cache_routing_4ep_1.5b_hitrate,formal,1,1102,18.4 (Ubuntu 18.4-1.pgdg22.04+1),0.8.5,599,1102:request:300599,1102:batch:56,-1,False,endpoint-1:worker:0,0,668554,default,endpoint-1,0,completed,,5.786419153213501,0.0012869834899902344,300599,1,846,444,201,5.749253096058965,1785485279.2603624,1785485285.0096157,1785485279.2603931,1785485284.9975395,1785485285.0093114,5.737146403640509,0.011771995574235916
5,prefix_cache_routing_4ep_1.5b_hitrate,formal,1,1102,18.4 (Ubuntu 18.4-1.pgdg22.04+1),0.8.5,600,1102:request:300600,1102:batch:56,-1,False,endpoint-1:worker:0,0,668554,default,endpoint-1,0,completed,,5.788734436035156,0.0012443065643310547,300600,1,1152,658,126,5.748505096882582,1785485279.2646582,1785485285.013163,1785485279.264695,1785485284.9986942,1785485285.012954,5.733999175950885,0.014259867370128632
5,prefix_cache_routing_4ep_1.5b_hitrate,formal,1,1102,18.4 (Ubuntu 18.4-1.pgdg22.04+1),0.8.5,601,1102:request:300601,1102:batch:56,-1,False,endpoint-1:worker:0,0,668554,default,endpoint-1,0,completed,,5.7582848072052,0.0012412071228027344,300601,1,1405,876,222,5.7383394334465265,1785485279.2686977,1785485285.0070372,1785485279.268732,1785485284.9969578,1785485285.0066404,5.72822555154562,0.009682677686214447
5,prefix_cache_routing_4ep_1.5b_hitrate,formal,1,1102,18.4 (Ubuntu 18.4-1.pgdg22.04+1),0.8.5,602,1102:request:300602,1102:batch:56,-1,False,endpoint-0:worker:0,0,668553,default,endpoint-0,0,completed,,5.772042274475098,0.0018603801727294922,300602,1,275,16,154,5.750062508508563,1785485279.2723477,1785485285.0224094,1785485279.2724068,1785485285.0200548,1785485285.0222728,5.7476477306336164,0.002218039706349373
5,prefix_cache_routing_4ep_1.5b_hitrate,formal,1,1102,18.4 (Ubuntu 18.4-1.pgdg22.04+1),0.8.5,603,1102:request:300603,1102:batch:57,-1,False,endpoint-2:worker:0,0,668556,default,endpoint-2,1,completed,,5.658488035202026,0.0020949840545654297,300603,1,671,276,178,5.633912628516555,1785485279.2753515,1785485284.9092636,1785485279.2754445,1785485284.9037845,1785485284.9090705,5.6283398773521185,0.005285967141389847
5,prefix_cache_routing_4ep_1.5b_hitrate,formal,1,1102,18.4 (Ubuntu 18.4-1.pgdg22.04+1),0.8.5,604,1102:request:300604,1102:batch:57,-1,False,endpoint-1:worker:0,0,668554,default,endpoint-1,0,completed,,5.77335000038147,0.001455545425415039,300604,1,266,8,202,5.732501275837421,1785485279.277992,1785485285.010493,1785485279.278021,1785485284.997834,1785485285.0104005,5.7198128793388605,0.012566523626446724
5,prefix_cache_routing_4ep_1.5b_hitrate,formal,1,1102,18.4 (Ubuntu 18.4-1.pgdg22.04+1),0.8.5,605,1102:request:300605,1102:batch:57,-1,False,endpoint-1:worker:0,0,668554,default,endpoint-1,0,completed,,5.752012252807617,0.0012691020965576172,300605,1,305,40,203,5.731213219463825,1785485279.2801142,1785485285.011327,1785485279.2801425,1785485284.9981065,1785485285.0112345,5.717963773757219,0.013128180056810379
5,prefix_cache_routing_4ep_1.5b_hitrate,formal,1,1102,18.4 (Ubuntu 18.4-1.pgdg22.04+1),0.8.5,606,1102:request:300606,1102:batch:57,-1,False,endpoint-2:worker:0,0,668556,default,endpoint-2,1,completed,,5.632363319396973,0.0012836456298828125,300606,1,372,95,217,5.619417026638985,1785485279.2824848,1785485284.9019015,1785485279.282512,1785485284.9009037,1785485284.901734,5.618392042815685,0.0008305627852678299
5,prefix_cache_routing_4ep_1.5b_hitrate,formal,1,1102,18.4 (Ubuntu 18.4-1.pgdg22.04+1),0.8.5,607,1102:request:300607,1102:batch:57,-1,False,endpoint-1:worker:0,0,668554,default,endpoint-1,0,completed,,5.758079767227173,0.001146554946899414,300607,1,775,123,192,5.7151894476264715,1785485279.2848976,1785485285.0000868,1785485279.2849314,1785485284.9945586,1785485284.9999356,5.709627190604806,0.0053773317486047745
5,prefix_cache_routing_4ep_1.5b_hitrate,formal,1,1102,18.4 (Ubuntu 18.4-1.pgdg22.04+1),0.8.5,608,1102:request:300608,1102:batch:57,-1,False,endpoint-1:worker:0,0,668554,default,endpoint-1,0,completed,,3.3083858489990234,0.0011756420135498047,300608,1,1070,166,132,3.30030576325953,1785485279.2881358,1785485282.5884414,1785485279.2881668,1785485282.5874057,1785485282.5881972,3.2992392536252737,0.0007911268621683121
5,prefix_cache_routing_4ep_1.5b_hitrate,formal,1,1102,18.4 (Ubuntu 18.4-1.pgdg22.04+1),0.8.5,609,1102:request:300609,1102:batch:57,-1,False,endpoint-2:worker:0,0,668556,default,endpoint-2,1,completed,,1.4927470684051514,0.0014951229095458984,300609,1,1022,211,45,1.4897019490599632,1785485279.2915225,1785485280.7812243,1785485279.2915606,1785485280.7805076,1785485280.7810478,1.488947233185172,0.0005398094654083252
5,prefix_cache_routing_4ep_1.5b_hitrate,formal,1,1102,18.4 (Ubuntu 18.4-1.pgdg22.04+1),0.8.5,610,1102:request:300610,1102:batch:57,-1,False,endpoint-1:worker:0,0,668554,default,endpoint-1,0,completed,,5.853629112243652,0.0011358261108398438,300610,1,356,89,217,5.838573608547449,1785485279.293355,1785485285.1319287,1785485279.2933826,1785485285.1309557,1785485285.1317725,5.837573664262891,0.0008161589503288269
5,prefix_cache_routing_4ep_1.5b_hitrate,formal,1,1102,18.4 (Ubuntu 18.4-1.pgdg22.04+1),0.8.5,611,1102:request:300611,1102:batch:57,-1,False,endpoint-0:worker:0,0,668553,default,endpoint-0,0,completed,,5.860962390899658,0.02426743507385254,300611,1,607,302,223,5.828621920198202,1785485279.3190746,1785485285.147696,1785485279.319111,1785485285.1408904,1785485285.1475592,5.821779228746891,0.006668763235211372
5,prefix_cache_routing_4ep_1.5b_hitrate,formal,1,1102,18.4 (Ubuntu 18.4-1.pgdg22.04+1),0.8.5,612,1102:request:300612,1102:batch:57,-1,False,endpoint-2:worker:0,0,668556,default,endpoint-2,1,completed,,5.627317905426025,0.0012197494506835938,300612,1,797,475,213,5.612875418737531,1785485279.2982554,1785485284.9111307,1785485279.2982879,1785485284.9045691,1785485284.9109085,5.606281163170934,0.006339464336633682
5,prefix_cache_routing_4ep_1.5b_hitrate,formal,1,1102,18.4 (Ubuntu 18.4-1.pgdg22.04+1),0.8.5,613,1102:request:300613,1102:batch:57,-1,False,endpoint-1:worker:0,0,668554,default,endpoint-1,0,completed,,2.7046120166778564,0.001489877700805664,300613,1,865,647,115,2.700777743011713,1785485279.3009565,1785485282.0017338,1785485279.3010857,1785485281.99973,1785485282.0011957,2.698644980788231,0.0014650095254182816
5,prefix_cache_routing_4ep_1.5b_hitrate,formal,1,1102,18.4 (Ubuntu 18.4-1.pgdg22.04+1),0.8.5,614,1102:request:300614,1102:batch:57,-1,False,endpoint-0:worker:0,0,668553,default,endpoint-0,0,completed,,5.931903123855591,0.020009994506835938,300614,1,319,37,148,5.827483532950282,1785485279.3209767,1785485285.1484601,1785485279.3210084,1785485285.1411848,1785485285.1483727,5.820176400244236,0.007188023999333382
5,prefix_cache_routing_4ep_1.5b_hitrate,formal,1,1102,18.4 (Ubuntu 18.4-1.pgdg22.04+1),0.8.5,615,1102:request:300615,1102:batch:57,-1,False,endpoint-1:worker:0,0,668554,default,endpoint-1,0,completed,,5.90106987953186,0.001338958740234375,300615,1,730,277,135,5.8701131623238325,1785485279.3043277,1785485285.1744406,1785485279.3043706,1785485285.1600602,1785485285.1742978,5.855689523741603,0.014237675815820694
5,prefix_cache_routing_4ep_1.5b_hitrate,formal,1,1102,18.4 (Ubuntu 18.4-1.pgdg22.04+1),0.8.5,616,1102:request:300616,1102:batch:57,-1,False,endpoint-2:worker:0,0,668556,default,endpoint-2,1,completed,,5.612055063247681,0.0015022754669189453,300616,1,910,403,136,5.599746182560921,1785485279.3085866,1785485284.9083326,1785485279.3086221,1785485284.903428,1785485284.908121,5.594806004315615,0.004693012684583664
5,prefix_cache_routing_4ep_1.5b_hitrate,formal,1,1102,18.4 (Ubuntu 18.4-1.pgdg22.04+1),0.8.5,617,1102:request:300617,1102:batch:57,-1,False,endpoint-0:worker:0,0,668553,default,endpoint-0,0,completed,,2.8497023582458496,0.013328313827514648,300617,1,1047,604,106,2.8311442360281944,1785485279.3225102,1785485282.1536546,1785485279.3225355,1785485282.1495817,1785485282.152835,2.8270470313727856,0.0032522697001695633
5,prefix_cache_routing_4ep_1.5b_hitrate,formal,1,1102,18.4 (Ubuntu 18.4-1.pgdg22.04+1),0.8.5,618,1102:request:300618,1102:batch:58,-1,False,endpoint-1:worker:0,0,668554,default,endpoint-1,0,completed,,3.962733030319214,0.01640605926513672,300618,1,1322,783,166,3.945063589140773,1785485279.3275712,1785485283.2726345,1785485279.3276172,1785485283.2706969,1785485283.272,3.943079959601164,0.0013029687106609344
5,prefix_cache_routing_4ep_1.5b_hitrate,formal,1,1102,18.4 (Ubuntu 18.4-1.pgdg22.04+1),0.8.5,619,1102:request:300619,1102:batch:58,-1,False,endpoint-1:worker:0,0,668554,default,endpoint-1,0,completed,,5.884518384933472,0.016716718673706055,300619,1,278,18,189,5.835893677547574,1785485279.3300211,1785485285.1659145,1785485279.3300564,1785485285.1575239,1785485285.1658273,5.827467618510127,0.00830329954624176
5,prefix_cache_routing_4ep_1.5b_hitrate,formal,1,1102,18.4 (Ubuntu 18.4-1.pgdg22.04+1),0.8.5,620,1102:request:300620,1102:batch:58,-1,False,endpoint-1:worker:0,0,668554,default,endpoint-1,0,completed,,5.919358730316162,0.01684093475341797,300620,1,471,173,207,5.8407381772994995,1785485279.3317096,1785485285.1724477,1785485279.3317437,1785485285.1594832,1785485285.172338,5.8277395609766245,0.012854548171162605
5,prefix_cache_routing_4ep_1.5b_hitrate,formal,1,1102,18.4 (Ubuntu 18.4-1.pgdg22.04+1),0.8.5,621,1102:request:300621,1102:batch:58,-1,False,endpoint-0:worker:0,0,668553,default,endpoint-0,0,completed,,5.841782093048096,0.010230064392089844,300621,1,752,406,200,5.818201960995793,1785485279.3273644,1785485285.1455662,1785485279.3274136,1785485285.1399496,1785485285.1454103,5.812536243349314,0.005460519343614578
5,prefix_cache_routing_4ep_1.5b_hitrate,formal,1,1102,18.4 (Ubuntu 18.4-1.pgdg22.04+1),0.8.5,622,1102:request:300622,1102:batch:58,-1,False,endpoint-0:worker:0,0,668553,default,endpoint-0,0,completed,,1.7194950580596924,0.014343976974487305,300622,1,773,583,50,1.7027734480798244,1785485279.3340971,1785485281.0368705,1785485279.3341331,1785485281.0346344,1785485281.0366693,1.700501661747694,0.0020341500639915466
5,prefix_cache_routing_4ep_1.5b_hitrate,formal,1,1102,18.4 (Ubuntu 18.4-1.pgdg22.04+1),0.8.5,623,1102:request:300623,1102:batch:58,-1,False,endpoint-0:worker:0,0,668553,default,endpoint-0,0,completed,,4.234806537628174,0.013618230819702148,300623,1,1207,831,181,4.215251389890909,1785485279.3360362,1785485283.5512881,1785485279.3360765,1785485283.5489938,1785485283.5506136,4.212918259203434,0.0016191229224205017
5,prefix_cache_routing_4ep_1.5b_hitrate,formal,1,1102,18.4 (Ubuntu 18.4-1.pgdg22.04+1),0.8.5,624,1102:request:300624,1102:batch:58,-1,False,endpoint-2:worker:0,0,668556,default,endpoint-2,1,completed,,5.600098133087158,0.0017671585083007812,300624,1,278,16,174,5.579663205891848,1785485279.3267026,1785485284.9063654,1785485279.3267488,1785485284.9027207,1785485284.9062471,5.575971659272909,0.0035263560712337494
5,prefix_cache_routing_4ep_1.5b_hitrate,formal,1,1102,18.4 (Ubuntu 18.4-1.pgdg22.04+1),0.8.5,625,1102:request:300625,1102:batch:58,-1,False,endpoint-1:worker:0,0,668554,default,endpoint-1,0,completed,,5.852471113204956,0.0036470890045166016,300625,1,960,536,207,5.8340184930711985,1785485279.3336542,1785485285.1676726,1785485279.3336866,1785485285.1580944,1785485285.167485,5.824407791718841,0.009390635415911674
5,prefix_cache_routing_4ep_1.5b_hitrate,formal,1,1102,18.4 (Ubuntu 18.4-1.pgdg22.04+1),0.8.5,626,1102:request:300626,1102:batch:58,-1,False,endpoint-0:worker:0,0,668553,default,endpoint-0,0,completed,,5.8823137283325195,0.004329204559326172,300626,1,268,10,191,5.804867444559932,1785485279.3392634,1785485285.1441307,1785485279.3392951,1785485285.1393242,1785485285.1440487,5.800028996542096,0.00472448393702507
5,prefix_cache_routing_4ep_1.5b_hitrate,formal,1,1102,18.4 (Ubuntu 18.4-1.pgdg22.04+1),0.8.5,627,1102:request:300627,1102:batch:58,-1,False,endpoint-0:worker:0,0,668553,default,endpoint-0,0,completed,,5.893746376037598,0.004834651947021484,300627,1,281,20,198,5.805357147008181,1785485279.3415654,1785485285.1469226,1785485279.341597,1785485285.1405702,1785485285.1468413,5.798972953110933,0.006271081045269966
5,prefix_cache_routing_4ep_1.5b_hitrate,formal,1,1102,18.4 (Ubuntu 18.4-1.pgdg22.04+1),0.8.5,628,1102:request:300628,1102:batch:58,-1,False,endpoint-0:worker:0,0,668553,default,endpoint-0,0,completed,,5.81951117515564,0.00461125373840332,300628,1,265,8,168,5.798881214112043,1785485279.3433068,1785485285.1421878,1785485279.3433387,1785485285.1382954,1785485285.1420774,5.794956503435969,0.0037822481244802475
5,prefix_cache_routing_4ep_1.5b_hitrate,formal,1,1102,18.4 (Ubuntu 18.4-1.pgdg22.04+1),0.8.5,629,1102:request:300629,1102:batch:58,-1,False,endpoint-1:worker:0,0,668554,default,endpoint-1,0,completed,,5.84364914894104,0.0014028549194335938,300629,1,560,277,212,5.818184187635779,1785485279.3426914,1785485285.1608753,1785485279.3427372,1785485285.1553197,1785485285.160695,5.812582606449723,0.005375262349843979
5,prefix_cache_routing_4ep_1.5b_hitrate,formal,1,1102,18.4 (Ubuntu 18.4-1.pgdg22.04+1),0.8.5,630,1102:request:300630,1102:batch:59,-1,False,endpoint-1:worker:0,0,668554,default,endpoint-1,0,completed,,5.853299379348755,0.0012969970703125,300630,1,930,602,228,5.820223977789283,1785485279.346552,1785485285.1667757,1785485279.346585,1785485285.1578164,1785485285.1665936,5.811231035739183,0.008777327835559845
5,prefix_cache_routing_4ep_1.5b_hitrate,formal,1,1102,18.4 (Ubuntu 18.4-1.pgdg22.04+1),0.8.5,631,1102:request:300631,1102:batch:59,-1,False,endpoint-0:worker:0,0,668553,default,endpoint-0,0,completed,,5.815204620361328,0.0014913082122802734,300631,1,1306,935,146,5.795716363936663,1785485279.3491576,1785485285.1448736,1785485279.3491945,1785485285.1396472,1785485285.1446407,5.790452627465129,0.004993576556444168
5,prefix_cache_routing_4ep_1.5b_hitrate,formal,1,1102,18.4 (Ubuntu 18.4-1.pgdg22.04+1),0.8.5,632,1102:request:300632,1102:batch:59,-1,False,endpoint-1:worker:0,0,668554,default,endpoint-1,0,completed,,5.860089302062988,0.0012569427490234375,300632,1,680,320,179,5.818992488086224,1785485279.3505251,1785485285.1695175,1785485279.3505614,1785485285.1586494,1785485285.1693745,5.808087868615985,0.010725092142820358
5,prefix_cache_routing_4ep_1.5b_hitrate,formal,1,1102,18.4 (Ubuntu 18.4-1.pgdg22.04+1),0.8.5,633,1102:request:300633,1102:batch:59,-1,False,endpoint-1:worker:0,0,668554,default,endpoint-1,0,completed,,5.833483934402466,0.001214742660522461,300633,1,1147,704,183,5.809366503730416,1785485279.353535,1785485285.1629012,1785485279.3535714,1785485285.1563044,1785485285.1626813,5.802732937037945,0.006377032026648521
5,prefix_cache_routing_4ep_1.5b_hitrate,formal,1,1102,18.4 (Ubuntu 18.4-1.pgdg22.04+1),0.8.5,634,1102:request:300634,1102:batch:59,-1,False,endpoint-1:worker:0,0,668554,default,endpoint-1,0,completed,,5.854456663131714,0.0012364387512207031,300634,1,277,14,167,5.8179727755486965,1785485279.3554285,1785485285.1734009,1785485279.355461,1785485285.1597772,1785485285.173304,5.804316535592079,0.013526763767004013
5,prefix_cache_routing_4ep_1.5b_hitrate,formal,1,1102,18.4 (Ubuntu 18.4-1.pgdg22.04+1),0.8.5,635,1102:request:300635,1102:batch:59,-1,False,endpoint-1:worker:0,0,668554,default,endpoint-1,0,completed,,5.848126173019409,0.0014181137084960938,300635,1,725,379,186,5.813447453081608,1785485279.3580606,1785485285.1715074,1785485279.358112,1785485285.1591938,1785485285.1713462,5.801081847399473,0.012152375653386116
5,prefix_cache_routing_4ep_1.5b_hitrate,formal,1,1102,18.4 (Ubuntu 18.4-1.pgdg22.04+1),0.8.5,636,1102:request:300636,1102:batch:59,-1,False,endpoint-1:worker:0,0,668554,default,endpoint-1,0,completed,,5.859440803527832,0.005750894546508789,300636,1,265,6,213,5.797934738919139,1785485279.3642318,1785485285.1621664,1785485279.364276,1785485285.1560068,1785485285.1620777,5.791730845347047,0.006070731207728386
5,prefix_cache_routing_4ep_1.5b_hitrate,formal,1,1102,18.4 (Ubuntu 18.4-1.pgdg22.04+1),0.8.5,637,1102:request:300637,1102:batch:59,-1,False,endpoint-1:worker:0,0,668554,default,endpoint-1,0,completed,,5.861675262451172,0.007579803466796875,300637,1,419,131,211,5.786313459277153,1785485279.3686004,1785485285.154914,1785485279.3686328,1785485285.1539886,1785485285.1547418,5.7853559125214815,0.0007530823349952698
5,prefix_cache_routing_4ep_1.5b_hitrate,formal,1,1102,18.4 (Ubuntu 18.4-1.pgdg22.04+1),0.8.5,638,1102:request:300638,1102:batch:59,-1,False,endpoint-1:worker:0,0,668554,default,endpoint-1,0,completed,,5.8561036586761475,0.0027108192443847656,300638,1,844,493,223,5.791570423170924,1785485279.370007,1785485285.1615775,1785485279.370046,1785485285.1556883,1785485285.1613796,5.785642273724079,0.0056913867592811584
5,prefix_cache_routing_4ep_1.5b_hitrate,formal,1,1102,18.4 (Ubuntu 18.4-1.pgdg22.04+1),0.8.5,639,1102:request:300639,1102:batch:59,-1,False,endpoint-1:worker:0,0,668554,default,endpoint-1,0,completed,,5.847444772720337,0.002584695816040039,300639,1,289,27,199,5.793510105460882,1785485279.3716726,1785485285.1651824,1785485279.3717077,1785485285.1572037,1785485285.165077,5.785496139898896,0.007873304188251495
5,prefix_cache_routing_4ep_1.5b_hitrate,formal,1,1102,18.4 (Ubuntu 18.4-1.pgdg22.04+1),0.8.5,640,1102:request:300640,1102:batch:59,-1,False,endpoint-0:worker:0,0,668553,default,endpoint-0,0,completed,,5.799511194229126,0.00145721435546875,300640,1,655,350,200,5.769937934353948,1785485279.3736258,1785485285.1435635,1785485279.373661,1785485285.1390061,1785485285.1434171,5.765345273539424,0.004410974681377411
5,prefix_cache_routing_4ep_1.5b_hitrate,formal,1,1102,18.4 (Ubuntu 18.4-1.pgdg22.04+1),0.8.5,641,1102:request:300641,1102:batch:60,-1,False,endpoint-1:worker:0,0,668554,default,endpoint-1,0,completed,,5.845487594604492,0.001233816146850586,300641,1,1091,725,210,5.792543349787593,1785485279.3760803,1785485285.1686234,1785485279.3761213,1785485285.1583729,1785485285.1684113,5.782251637428999,0.010038202628493309
5,prefix_cache_routing_4ep_1.5b_hitrate,formal,1,1102,18.4 (Ubuntu 18.4-1.pgdg22.04+1),0.8.5,642,1102:request:300642,1102:batch:60,-1,False,endpoint-0:worker:0,0,668553,default,endpoint-0,0,completed,,5.850264072418213,0.0012919902801513672,300642,1,1247,569,151,5.770245743915439,1785485279.3791256,1785485285.1493711,1785485279.3791676,1785485285.1414797,1785485285.1491458,5.762312134727836,0.007666395977139473
5,prefix_cache_routing_4ep_1.5b_hitrate,formal,1,1102,18.4 (Ubuntu 18.4-1.pgdg22.04+1),0.8.5,643,1102:request:300643,1102:batch:60,-1,False,endpoint-0:worker:0,0,668553,default,endpoint-0,0,completed,,5.793832063674927,0.0010683536529541016,300643,1,1450,753,212,5.761664796620607,1785485279.3812785,1785485285.142943,1785485279.3813155,1785485285.138676,1785485285.142656,5.757360320538282,0.003979993984103203
5,prefix_cache_routing_4ep_1.5b_hitrate,formal,1,1102,18.4 (Ubuntu 18.4-1.pgdg22.04+1),0.8.5,644,1102:request:300644,1102:batch:60,-1,False,endpoint-1:worker:0,0,668554,default,endpoint-1,0,completed,,5.828571557998657,0.0013196468353271484,300644,1,922,400,145,5.779050687327981,1785485279.3846128,1785485285.1636634,1785485279.3846643,1785485285.1566143,1785485285.1634696,5.771950030699372,0.0068550705909729
5,prefix_cache_routing_4ep_1.5b_hitrate,formal,1,1102,18.4 (Ubuntu 18.4-1.pgdg22.04+1),0.8.5,645,1102:request:300645,1102:batch:60,-1,False,endpoint-1:worker:0,0,668554,default,endpoint-1,0,completed,,5.827537775039673,0.0015718936920166016,300645,1,1214,657,227,5.782346185296774,1785485279.388192,1785485285.170538,1785485279.3882332,1785485285.1589239,1785485285.1703138,5.770690681412816,0.011389780789613724
5,prefix_cache_routing_4ep_1.5b_hitrate,formal,1,1102,18.4 (Ubuntu 18.4-1.pgdg22.04+1),0.8.5,646,1102:request:300646,1102:batch:60,-1,False,endpoint-1:worker:0,0,668554,default,endpoint-1,0,completed,,2.936410665512085,0.0013875961303710938,300646,1,1262,790,127,2.933402806520462,1785485279.3916311,1785485282.325034,1785485279.3916733,1785485282.3237174,1785485282.3245997,2.9320446643978357,0.0008820667862892151
5,prefix_cache_routing_4ep_1.5b_hitrate,formal,1,1102,18.4 (Ubuntu 18.4-1.pgdg22.04+1),0.8.5,647,1102:request:300647,1102:batch:61,-1,False,endpoint-0:worker:0,0,668553,default,endpoint-0,0,completed,,5.75780725479126,0.0020296573638916016,300647,1,1576,973,230,5.742879893630743,1785485279.3950055,1785485285.137885,1785485279.3950696,1785485285.135614,1785485285.1371148,5.740544514730573,0.0015008356422185898
5,prefix_cache_routing_4ep_1.5b_hitrate,formal,1,1102,18.4 (Ubuntu 18.4-1.pgdg22.04+1),0.8.5,648,1102:request:300648,1102:batch:61,-1,False,endpoint-0:worker:0,0,668553,default,endpoint-0,0,completed,,5.838817596435547,0.003913402557373047,300648,1,522,234,226,5.7475837003439665,1785485279.398656,1785485285.1462395,1785485279.3986897,1785485285.1402707,1785485285.1461196,5.741580745205283,0.005849175155162811
5,prefix_cache_routing_4ep_1.5b_hitrate,formal,1,1102,18.4 (Ubuntu 18.4-1.pgdg22.04+1),0.8.5,649,1102:request:300649,1102:batch:61,-1,False,endpoint-1:worker:0,0,668554,default,endpoint-1,0,completed,,5.825686931610107,0.0019257068634033203,300649,1,850,494,169,5.762485597282648,1785485279.4019597,1785485285.164445,1785485279.4020205,1785485285.1569076,1785485285.1642644,5.75488693639636,0.007356828078627586
5,prefix_cache_routing_4ep_1.5b_hitrate,formal,1,1102,18.4 (Ubuntu 18.4-1.pgdg22.04+1),0.8.5,650,1102:request:300650,1102:batch:61,-1,False,endpoint-2:worker:0,0,668556,default,endpoint-2,1,completed,,5.737363815307617,0.0014846324920654297,300650,1,1428,947,208,5.717244429513812,1785485279.4056509,1785485285.1228955,1785485279.4056828,1785485285.120202,1785485285.1224947,5.714519407600164,0.002292502671480179
5,prefix_cache_routing_4ep_1.5b_hitrate,formal,1,1102,18.4 (Ubuntu 18.4-1.pgdg22.04+1),0.8.5,651,1102:request:300651,1102:batch:61,-1,False,endpoint-2:worker:0,0,668556,default,endpoint-2,1,completed,,5.731438636779785,0.0011479854583740234,300651,1,1043,387,226,5.715911505743861,1785485279.4087636,1785485285.124675,1785485279.4087973,1785485285.1210384,1785485285.124422,5.712241118773818,0.0033838190138339996
5,prefix_cache_routing_4ep_1.5b_hitrate,formal,1,1102,18.4 (Ubuntu 18.4-1.pgdg22.04+1),0.8.5,652,1102:request:300652,1102:batch:61,-1,False,endpoint-2:worker:0,0,668556,default,endpoint-2,1,completed,,5.718052625656128,0.001131296157836914,300652,1,1394,711,230,5.707660011947155,1785485279.4121134,1785485285.1197734,1785485279.412148,1785485285.1186273,1785485285.1193655,5.70647987909615,0.0007376763969659805
5,prefix_cache_routing_4ep_1.5b_hitrate,formal,1,1102,18.4 (Ubuntu 18.4-1.pgdg22.04+1),0.8.5,653,1102:request:300653,1102:batch:62,-1,False,endpoint-2:worker:0,0,668556,default,endpoint-2,1,completed,,5.720051527023315,0.0013463497161865234,300653,1,1666,951,194,5.711172858253121,1785485279.415467,1785485285.1266398,1785485279.415503,1785485285.1217968,1785485285.1262798,5.706293981522322,0.0044829100370407104
5,prefix_cache_routing_4ep_1.5b_hitrate,formal,1,1102,18.4 (Ubuntu 18.4-1.pgdg22.04+1),0.8.5,654,1102:request:300654,1102:batch:62,-1,False,endpoint-2:worker:0,0,668556,default,endpoint-2,1,completed,,5.7213356494903564,0.001659393310546875,300654,1,843,413,221,5.705131310969591,1785485279.4186864,1785485285.1238177,1785485279.4187179,1785485285.1206365,1785485285.1235578,5.7019185945391655,0.002921702340245247
5,prefix_cache_routing_4ep_1.5b_hitrate,formal,1,1102,18.4 (Ubuntu 18.4-1.pgdg22.04+1),0.8.5,655,1102:request:300655,1102:batch:62,-1,False,endpoint-2:worker:0,0,668556,default,endpoint-2,1,completed,,5.726661443710327,0.0012691020965576172,300655,1,994,547,213,5.704463291913271,1785485279.4211526,1785485285.1256158,1785485279.4211812,1785485285.1214492,1785485285.1253333,5.700268160551786,0.003883998841047287
5,prefix_cache_routing_4ep_1.5b_hitrate,formal,1,1102,18.4 (Ubuntu 18.4-1.pgdg22.04+1),0.8.5,656,1102:request:300656,1102:batch:62,-1,False,endpoint-0:worker:0,0,668553,default,endpoint-0,0,completed,,5.844980955123901,0.0022735595703125,300656,1,1380,839,165,5.8389131017029285,1785485279.4255557,1785485285.2644684,1785485279.4256325,1785485285.2631543,1785485285.263943,5.837522143498063,0.0007883124053478241
5,prefix_cache_routing_4ep_1.5b_hitrate,formal,1,1102,18.4 (Ubuntu 18.4-1.pgdg22.04+1),0.8.5,657,1102:request:300657,1102:batch:62,-1,False,endpoint-0:worker:0,0,668553,default,endpoint-0,0,completed,,5.846601724624634,0.002801656723022461,300657,1,609,308,204,5.837622364982963,1785485279.428413,1785485285.2660356,1785485279.428446,1785485285.2650225,1785485285.265738,5.83657668158412,0.0007154792547225952
5,prefix_cache_routing_4ep_1.5b_hitrate,formal,1,1102,18.4 (Ubuntu 18.4-1.pgdg22.04+1),0.8.5,658,1102:request:300658,1102:batch:62,-1,False,endpoint-0:worker:0,0,668553,default,endpoint-0,0,completed,,5.939828395843506,0.0017273426055908203,300658,1,1307,639,178,5.909356148913503,1785485279.4701207,1785485285.3794765,1785485279.4701633,1785485285.3741372,1785485285.3792546,5.903973566368222,0.005117364227771759
5,prefix_cache_routing_4ep_1.5b_hitrate,formal,1,1102,18.4 (Ubuntu 18.4-1.pgdg22.04+1),0.8.5,659,1102:request:300659,1102:batch:62,-1,False,endpoint-0:worker:0,0,668553,default,endpoint-0,0,completed,,5.9571239948272705,0.01733994483947754,300659,1,1125,146,195,5.893665188923478,1785485279.489098,1785485285.3827631,1785485279.489126,1785485285.3759112,1785485285.3826203,5.886785503476858,0.006709029898047447
5,prefix_cache_routing_4ep_1.5b_hitrate,formal,1,1102,18.4 (Ubuntu 18.4-1.pgdg22.04+1),0.8.5,660,1102:request:300660,1102:batch:63,-1,False,endpoint-0:worker:0,0,668553,default,endpoint-0,0,completed,,5.944330215454102,0.01874065399169922,300660,1,1325,166,160,5.884320152923465,1785485279.493696,1785485285.3780158,1785485279.4937372,1785485285.3732836,1785485285.3778257,5.879546469077468,0.004542063921689987
5,prefix_cache_routing_4ep_1.5b_hitrate,formal,1,1102,18.4 (Ubuntu 18.4-1.pgdg22.04+1),0.8.5,661,1102:request:300661,1102:batch:63,-1,False,endpoint-0:worker:0,0,668553,default,endpoint-0,0,completed,,5.94319486618042,0.018487930297851562,300661,1,1398,217,191,5.882017252966762,1785485279.4969072,1785485285.3789244,1785485279.4969456,1785485285.3738382,1785485285.378741,5.876892451196909,0.004902983084321022
5,prefix_cache_routing_4ep_1.5b_hitrate,formal,1,1102,18.4 (Ubuntu 18.4-1.pgdg22.04+1),0.8.5,662,1102:request:300662,1102:batch:63,-1,False,endpoint-0:worker:0,0,668553,default,endpoint-0,0,completed,,5.907509088516235,0.0186307430267334,300662,1,883,383,198,5.882101273164153,1785485279.498891,1785485285.3809922,1785485279.4989252,1785485285.3750012,1785485285.380852,5.876075692474842,0.005850927904248238
5,prefix_cache_routing_4ep_1.5b_hitrate,formal,1,1102,18.4 (Ubuntu 18.4-1.pgdg22.04+1),0.8.5,663,1102:request:300663,1102:batch:63,-1,False,endpoint-0:worker:0,0,668553,default,endpoint-0,0,completed,,5.920777797698975,0.01766228675842285,300663,1,1293,677,214,5.876682939007878,1785485279.5004935,1785485285.3771765,1785485279.5005276,1785485285.3718708,1785485285.376944,5.8713434636592865,0.005073089152574539
5,prefix_cache_routing_4ep_1.5b_hitrate,formal,1,1102,18.4 (Ubuntu 18.4-1.pgdg22.04+1),0.8.5,664,1102:request:300664,1102:batch:63,-1,False,endpoint-0:worker:0,0,668553,default,endpoint-0,0,completed,,2.0736963748931885,0.0178220272064209,300664,1,758,272,71,2.0535865034908056,1785485279.5042636,1785485281.5578504,1785485279.5042984,1785485281.5550408,1785485281.5576093,2.0507431738078594,0.0025677867233753204
5,prefix_cache_routing_4ep_1.5b_hitrate,formal,1,1102,18.4 (Ubuntu 18.4-1.pgdg22.04+1),0.8.5,665,1102:request:300665,1102:batch:63,-1,False,endpoint-0:worker:0,0,668553,default,endpoint-0,0,completed,,5.919886827468872,0.014522552490234375,300665,1,947,292,173,5.869208849966526,1785485279.5107505,1785485285.379959,1785485279.5108001,1785485285.3744154,1785485285.3798275,5.863615354523063,0.005412019789218903
5,prefix_cache_routing_4ep_1.5b_hitrate,formal,1,1102,18.4 (Ubuntu 18.4-1.pgdg22.04+1),0.8.5,666,1102:request:300666,1102:batch:63,-1,False,endpoint-0:worker:0,0,668553,default,endpoint-0,0,completed,,5.896979570388794,0.014936685562133789,300666,1,1606,768,175,5.867374517023563,1785485279.5147722,1785485285.3821468,1785485279.5148122,1785485285.3755624,1785485285.38194,5.860750529915094,0.006377285346388817
5,prefix_cache_routing_4ep_1.5b_hitrate,formal,1,1102,18.4 (Ubuntu 18.4-1.pgdg22.04+1),0.8.5,667,1102:request:300667,1102:batch:63,-1,False,endpoint-0:worker:0,0,668553,default,endpoint-0,0,completed,,5.916509389877319,0.019069671630859375,300667,1,336,71,187,5.860366864129901,1785485279.5211267,1785485285.381493,1785485279.5212345,1785485285.3752487,1785485285.381413,5.854014076292515,0.006164243444800377
5,prefix_cache_routing_4ep_1.5b_hitrate,formal,1,1102,18.4 (Ubuntu 18.4-1.pgdg22.04+1),0.8.5,668,1102:request:300668,1102:batch:64,-1,False,endpoint-0:worker:0,0,668553,default,endpoint-0,0,completed,,5.903970956802368,0.02427530288696289,300668,1,485,175,228,5.849720599129796,1785485279.5278268,1785485285.3775468,1785485279.5278685,1785485285.3727183,1785485285.3774443,5.8448501303792,0.004725711420178413
5,prefix_cache_routing_4ep_1.5b_hitrate,formal,1,1102,18.4 (Ubuntu 18.4-1.pgdg22.04+1),0.8.5,669,1102:request:300669,1102:batch:64,-1,False,endpoint-0:worker:0,0,668553,default,endpoint-0,0,completed,,5.908066987991333,0.023800373077392578,300669,1,572,253,201,5.849008742719889,1785485279.5294201,1785485285.3784287,1785485279.52945,1785485285.373554,1785485285.3783214,5.844103982672095,0.004767552018165588
5,prefix_cache_routing_4ep_1.5b_hitrate,formal,1,1102,18.4 (Ubuntu 18.4-1.pgdg22.04+1),0.8.5,670,1102:request:300670,1102:batch:64,-1,False,endpoint-0:worker:0,0,668553,default,endpoint-0,0,completed,,5.87825870513916,0.02682971954345703,300670,1,737,373,215,5.842283770442009,1785485279.5343385,1785485285.376622,1785485279.5343723,1785485285.37001,1785485285.3764286,5.835638223215938,0.006417933851480484
5,prefix_cache_routing_4ep_1.5b_hitrate,formal,1,1102,18.4 (Ubuntu 18.4-1.pgdg22.04+1),0.8.5,671,1102:request:300671,1102:batch:64,-1,False,endpoint-0:worker:0,0,668553,default,endpoint-0,0,completed,,2.9958364963531494,0.0255434513092041,300671,1,734,474,112,2.9678684398531914,1785485279.5361066,1785485282.503975,1785485279.5361397,1785485282.5005984,1785485282.503762,2.964459616690874,0.0031626876443624496
5,prefix_cache_routing_4ep_1.5b_hitrate,formal,1,1102,18.4 (Ubuntu 18.4-1.pgdg22.04+1),0.8.5,672,1102:request:300672,1102:batch:64,-1,False,endpoint-0:worker:0,0,668553,default,endpoint-0,0,completed,,3.562967300415039,0.03175830841064453,300672,1,1035,680,149,3.5297288056463003,1785485279.5438302,1785485283.0735593,1785485279.5438726,1785485283.0717428,1785485283.0729592,3.527871061116457,0.0012161005288362503
5,prefix_cache_routing_4ep_1.5b_hitrate,formal,1,1102,18.4 (Ubuntu 18.4-1.pgdg22.04+1),0.8.5,673,1102:request:300673,1102:batch:64,-1,False,endpoint-0:worker:0,0,668553,default,endpoint-0,0,completed,,5.9140236377716064,0.031115055084228516,300673,1,461,190,205,5.838057041168213,1785485279.5452924,1785485285.3833492,1785485279.5453224,1785485285.3762195,1785485285.383261,5.8308969885110855,0.007041554898023605
5,prefix_cache_routing_4ep_1.5b_hitrate,formal,1,1102,18.4 (Ubuntu 18.4-1.pgdg22.04+1),0.8.5,674,1102:request:300674,1102:batch:64,-1,False,endpoint-0:worker:0,0,668553,default,endpoint-0,0,completed,,5.911726236343384,0.0323328971862793,300674,1,683,388,201,5.832350080832839,1785485279.5481048,1785485285.3804545,1785485279.5481396,1785485285.3746867,1785485285.3803403,5.826547112315893,0.00565362349152565
5,prefix_cache_routing_4ep_1.5b_hitrate,formal,1,1102,18.4 (Ubuntu 18.4-1.pgdg22.04+1),0.8.5,675,1102:request:300675,1102:batch:64,-1,False,endpoint-0:worker:0,0,668553,default,endpoint-0,0,completed,,4.709223985671997,0.031868934631347656,300675,1,822,530,204,4.674106014892459,1785485279.5540802,1785485284.2281864,1785485279.5541186,1785485284.227204,1785485284.227905,4.6730857491493225,0.0007007252424955368
5,prefix_cache_routing_4ep_1.5b_hitrate,formal,1,1102,18.4 (Ubuntu 18.4-1.pgdg22.04+1),0.8.5,676,1102:request:300676,1102:batch:64,-1,False,endpoint-0:worker:0,0,668553,default,endpoint-0,0,completed,,5.51205039024353,0.02819085121154785,300676,1,1017,702,215,5.463753815740347,1785485279.5553372,1785485285.0190911,1785485279.5553658,1785485285.0164704,1785485285.018413,5.461105519905686,0.0019420236349105835
5,prefix_cache_routing_4ep_1.5b_hitrate,formal,1,1102,18.4 (Ubuntu 18.4-1.pgdg22.04+1),0.8.5,677,1102:request:300677,1102:batch:64,-1,False,endpoint-0:worker:0,0,668553,default,endpoint-0,0,completed,,4.451928377151489,0.0024619102478027344,300677,1,1108,791,211,4.44480786845088,1785485279.7848408,1785485284.229648,1785485279.7849052,1785485284.228623,1785485284.2293332,4.443717896938324,0.0007102750241756439
5,prefix_cache_routing_4ep_1.5b_hitrate,formal,1,1102,18.4 (Ubuntu 18.4-1.pgdg22.04+1),0.8.5,678,1102:request:300678,1102:batch:64,-1,False,endpoint-0:worker:0,0,668553,default,endpoint-0,0,completed,,5.262485504150391,0.0018842220306396484,300678,1,1235,899,220,5.235671291127801,1785485279.7874975,1785485285.0231688,1785485279.7875395,1785485285.020915,1785485285.0228996,5.233375417068601,0.0019847191870212555
5,prefix_cache_routing_4ep_1.5b_hitrate,formal,1,1102,18.4 (Ubuntu 18.4-1.pgdg22.04+1),0.8.5,679,1102:request:300679,1102:batch:64,-1,False,endpoint-2:worker:0,0,668556,default,endpoint-2,1,completed,,5.545821905136108,0.0026171207427978516,300679,1,485,202,189,5.539490006864071,1785485279.7897966,1785485285.3292859,1785485279.7898922,1785485285.3284528,1785485285.3290946,5.538560759276152,0.000641699880361557
5,prefix_cache_routing_4ep_1.5b_hitrate,formal,1,1102,18.4 (Ubuntu 18.4-1.pgdg22.04+1),0.8.5,680,1102:request:300680,1102:batch:65,-1,False,endpoint-2:worker:0,0,668556,default,endpoint-2,1,completed,,5.610239267349243,0.0020339488983154297,300680,1,605,309,225,5.604688443243504,1785485280.0692637,1785485285.673952,1785485280.0693042,1785485285.6715033,1785485285.673714,5.602199524641037,0.0022104457020759583
5,prefix_cache_routing_4ep_1.5b_hitrate,formal,1,1102,18.4 (Ubuntu 18.4-1.pgdg22.04+1),0.8.5,681,1102:request:300681,1102:batch:65,-1,False,endpoint-1:worker:0,0,668554,default,endpoint-1,0,completed,,5.743816137313843,0.0025653839111328125,300681,1,916,589,185,5.739110684022307,1785485280.1201284,1785485285.8592389,1785485280.1201754,1785485285.8571692,1785485285.858784,5.736994691193104,0.0016140565276145935
5,prefix_cache_routing_4ep_1.5b_hitrate,formal,1,1102,18.4 (Ubuntu 18.4-1.pgdg22.04+1),0.8.5,682,1102:request:300682,1102:batch:65,-1,False,endpoint-2:worker:0,0,668556,default,endpoint-2,1,completed,,5.713714122772217,0.00334930419921875,300682,1,1162,805,215,5.708165802061558,1785485280.4694011,1785485286.177567,1785485280.4694479,1785485286.1765864,1785485286.1772013,5.707139141857624,0.0006140861660242081
5,prefix_cache_routing_4ep_1.5b_hitrate,formal,1,1102,18.4 (Ubuntu 18.4-1.pgdg22.04+1),0.8.5,683,1102:request:300683,1102:batch:65,-1,False,endpoint-0:worker:0,0,668553,default,endpoint-0,0,completed,,5.6427013874053955,0.002020597457885742,300683,1,612,312,203,5.638356130570173,1785485280.4727957,1785485286.1111515,1785485280.4728482,1785485286.109711,1785485286.1107154,5.636863866820931,0.0010034739971160889
5,prefix_cache_routing_4ep_1.5b_hitrate,formal,1,1102,18.4 (Ubuntu 18.4-1.pgdg22.04+1),0.8.5,684,1102:request:300684,1102:batch:65,-1,False,endpoint-2:worker:0,0,668556,default,endpoint-2,1,completed,,5.707006454467773,0.0021529197692871094,300684,1,978,636,215,5.702355852350593,1785485280.5844462,1785485286.2868018,1785485280.5844862,1785485286.285877,1785485286.2864878,5.701391343027353,0.0006104055792093277
5,prefix_cache_routing_4ep_1.5b_hitrate,formal,1,1102,18.4 (Ubuntu 18.4-1.pgdg22.04+1),0.8.5,685,1102:request:300685,1102:batch:65,-1,False,endpoint-2:worker:0,0,668556,default,endpoint-2,1,completed,,5.724059581756592,0.0020024776458740234,300685,1,1235,859,223,5.7196303922683,1785485280.7872539,1785485286.5068843,1785485280.787285,1785485286.505746,1785485286.5064511,5.718461278825998,0.0007050149142742157
5,prefix_cache_routing_4ep_1.5b_hitrate,formal,1,1102,18.4 (Ubuntu 18.4-1.pgdg22.04+1),0.8.5,686,1102:request:300686,1102:batch:65,-1,False,endpoint-0:worker:0,0,668553,default,endpoint-0,0,completed,,2.319302797317505,0.003983497619628906,300686,1,206,53,109,2.312837991863489,1785485280.7913125,1785485283.1041493,1785485280.791434,1785485283.10315,1785485283.1040225,2.311715954914689,0.0008723214268684387
5,prefix_cache_routing_4ep_1.5b_hitrate,formal,1,1102,18.4 (Ubuntu 18.4-1.pgdg22.04+1),0.8.5,687,1102:request:300687,1102:batch:65,-1,False,endpoint-0:worker:0,0,668553,default,endpoint-0,0,completed,,5.6365580558776855,0.0047512054443359375,300687,1,259,2,165,5.623202167451382,1785485280.793871,1785485286.417073,1785485280.7939095,1785485286.4166718,1785485286.4169984,5.622762268409133,0.00032655708491802216
5,prefix_cache_routing_4ep_1.5b_hitrate,formal,1,1102,18.4 (Ubuntu 18.4-1.pgdg22.04+1),0.8.5,688,1102:request:300688,1102:batch:65,-1,False,endpoint-0:worker:0,0,668553,default,endpoint-0,0,completed,,5.6278908252716064,0.005124092102050781,300688,1,460,125,151,5.620251843705773,1785485280.7959695,1785485286.4162204,1785485280.7960892,1785485286.414887,1785485286.4158976,5.618798181414604,0.0010103676468133926
5,prefix_cache_routing_4ep_1.5b_hitrate,formal,1,1102,18.4 (Ubuntu 18.4-1.pgdg22.04+1),0.8.5,689,1102:request:300689,1102:batch:65,-1,False,endpoint-3:worker:0,0,668555,default,endpoint-3,1,completed,,7.916493892669678,0.002584218978881836,300689,1,655,265,149,7.8727918062359095,1785485280.7965162,1785485288.6693072,1785485280.7965906,1785485288.6620324,1785485288.6691523,7.865441668778658,0.0071197934448719025
5,prefix_cache_routing_4ep_1.5b_hitrate,formal,1,1102,18.4 (Ubuntu 18.4-1.pgdg22.04+1),0.8.5,690,1102:request:300690,1102:batch:65,-1,False,endpoint-3:worker:0,0,668555,default,endpoint-3,1,completed,,7.731516122817993,0.0018186569213867188,300690,1,903,453,152,7.686002233996987,1785485280.9843664,1785485288.6703684,1785485280.9843996,1785485288.6623774,1785485288.6701784,7.677977675572038,0.007800977677106857
5,prefix_cache_routing_4ep_1.5b_hitrate,formal,1,1102,18.4 (Ubuntu 18.4-1.pgdg22.04+1),0.8.5,691,1102:request:300691,1102:batch:65,-1,False,endpoint-1:worker:0,0,668554,default,endpoint-1,0,completed,,5.776559829711914,0.0025634765625,300691,1,267,9,223,5.771324461326003,1785485280.9869761,1785485286.7583,1785485280.9870226,1785485286.756908,1785485286.7581413,5.769885944202542,0.0012326166033744812
5,prefix_cache_routing_4ep_1.5b_hitrate,formal,1,1102,18.4 (Ubuntu 18.4-1.pgdg22.04+1),0.8.5,692,1102:request:300692,1102:batch:65,-1,False,endpoint-1:worker:0,0,668554,default,endpoint-1,0,completed,,5.775496482849121,0.0028924942016601562,300692,1,266,9,196,5.770074982196093,1785485280.989262,1785485286.7593367,1785485280.9893067,1785485286.7586753,1785485286.7592242,5.769368661567569,0.000548703595995903
5,prefix_cache_routing_4ep_1.5b_hitrate,formal,1,1102,18.4 (Ubuntu 18.4-1.pgdg22.04+1),0.8.5,693,1102:request:300693,1102:batch:65,-1,False,endpoint-2:worker:0,0,668556,default,endpoint-2,1,completed,,1.01753830909729,0.0021719932556152344,300693,1,262,166,34,1.0137254521250725,1785485280.9902825,1785485282.0040073,1785485280.9903255,1785485282.0031264,1785485282.0038636,1.0128012485802174,0.0007370747625827789
5,prefix_cache_routing_4ep_1.5b_hitrate,formal,1,1102,18.4 (Ubuntu 18.4-1.pgdg22.04+1),0.8.5,694,1102:request:300694,1102:batch:66,-1,False,endpoint-1:worker:0,0,668554,default,endpoint-1,0,completed,,2.08978533744812,0.0014660358428955078,300694,1,118,7,92,2.0868543554097414,1785485280.9916658,1785485283.0785203,1785485280.9917104,1785485283.0768301,1785485283.078302,2.0851210113614798,0.0014708694070577621
5,prefix_cache_routing_4ep_1.5b_hitrate,formal,1,1102,18.4 (Ubuntu 18.4-1.pgdg22.04+1),0.8.5,695,1102:request:300695,1102:batch:66,-1,False,endpoint-2:worker:0,0,668556,default,endpoint-2,1,completed,,5.739634990692139,0.0015685558319091797,300695,1,270,13,202,5.736486030742526,1785485280.9939072,1785485286.7303932,1785485280.993947,1785485286.7296486,1785485286.7302313,5.735702097415924,0.000582059845328331
5,prefix_cache_routing_4ep_1.5b_hitrate,formal,1,1102,18.4 (Ubuntu 18.4-1.pgdg22.04+1),0.8.5,696,1102:request:300696,1102:batch:66,-1,False,endpoint-3:worker:0,0,668555,default,endpoint-3,1,completed,,7.699765682220459,0.0018115043640136719,300696,1,493,196,204,7.675751170143485,1785485280.9956567,1785485288.6714077,1785485280.9956975,1785485288.6626928,1785485288.6712687,7.6669953390955925,0.008575661107897758
5,prefix_cache_routing_4ep_1.5b_hitrate,formal,1,1102,18.4 (Ubuntu 18.4-1.pgdg22.04+1),0.8.5,697,1102:request:300697,1102:batch:66,-1,False,endpoint-0:worker:0,0,668553,default,endpoint-0,0,completed,,5.709177494049072,0.0017228126525878906,300697,1,929,559,217,5.705285994336009,1785485281.0439656,1785485286.7492518,1785485281.0439951,1785485286.7476826,1785485286.7487142,5.703688038513064,0.0010313652455806732
5,prefix_cache_routing_4ep_1.5b_hitrate,formal,1,1102,18.4 (Ubuntu 18.4-1.pgdg22.04+1),0.8.5,698,1102:request:300698,1102:batch:66,-1,False,endpoint-0:worker:0,0,668553,default,endpoint-0,0,completed,,5.726658582687378,0.0018661022186279297,300698,1,1178,767,212,5.722317161038518,1785485281.0878804,1785485286.8101976,1785485281.0879097,1785485286.809492,1785485286.809942,5.721582969650626,0.00044934824109077454
5,prefix_cache_routing_4ep_1.5b_hitrate,formal,1,1102,18.4 (Ubuntu 18.4-1.pgdg22.04+1),0.8.5,699,1102:request:300699,1102:batch:66,-1,False,endpoint-3:worker:0,0,668555,default,endpoint-3,1,completed,,7.611314296722412,0.002721548080444336,300699,1,480,196,210,7.585382271558046,1785485281.0906086,1785485288.6759906,1785485281.090656,1785485288.6641204,1785485288.6758654,7.573464401066303,0.011744784191250801
5,prefix_cache_routing_4ep_1.5b_hitrate,formal,1,1102,18.4 (Ubuntu 18.4-1.pgdg22.04+1),0.8.5,700,1102:request:300700,1102:batch:66,-1,False,endpoint-3:worker:0,0,668555,default,endpoint-3,1,completed,,5.558322191238403,0.0018391609191894531,300700,1,572,372,103,5.554525941610336,1785485281.1495597,1785485286.7040856,1785485281.1496007,1785485286.7031517,1785485286.7038026,5.553551133722067,0.0006506573408842087
5,prefix_cache_routing_4ep_1.5b_hitrate,formal,1,1102,18.4 (Ubuntu 18.4-1.pgdg22.04+1),0.8.5,701,1102:request:300701,1102:batch:66,-1,False,endpoint-2:worker:0,0,668556,default,endpoint-2,1,completed,,5.752620220184326,0.0021636486053466797,300701,1,927,559,215,5.7484854478389025,1785485281.2262108,1785485286.974696,1785485281.2262647,1785485286.9738257,1785485286.9743981,5.747561354190111,0.0005720611661672592
5,prefix_cache_routing_4ep_1.5b_hitrate,formal,1,1102,18.4 (Ubuntu 18.4-1.pgdg22.04+1),0.8.5,702,1102:request:300702,1102:batch:66,-1,False,endpoint-2:worker:0,0,668556,default,endpoint-2,1,completed,,5.725881099700928,0.001990079879760742,300702,1,1192,776,229,5.722166044637561,1785485281.372895,1785485287.095061,1785485281.372931,1785485287.0942662,1785485287.094736,5.721335241571069,0.000469820573925972
5,prefix_cache_routing_4ep_1.5b_hitrate,formal,1,1102,18.4 (Ubuntu 18.4-1.pgdg22.04+1),0.8.5,703,1102:request:300703,1102:batch:66,-1,False,endpoint-2:worker:0,0,668556,default,endpoint-2,1,completed,,5.769693613052368,0.0022652149200439453,300703,1,1449,965,215,5.763493869453669,1785485281.5422692,1785485287.3057628,1785485281.5423293,1785485287.3044076,1785485287.3053937,5.7620784398168325,0.0009858757257461548
5,prefix_cache_routing_4ep_1.5b_hitrate,formal,1,1102,18.4 (Ubuntu 18.4-1.pgdg22.04+1),0.8.5,704,1102:request:300704,1102:batch:66,-1,False,endpoint-2:worker:0,0,668556,default,endpoint-2,1,completed,,5.765098333358765,0.0015537738800048828,300704,1,283,25,128,5.7602189760655165,1785485281.5448165,1785485287.305035,1785485281.5448596,1785485287.3038807,1785485287.3048859,5.7590213268995285,0.0010046716779470444
5,prefix_cache_routing_4ep_1.5b_hitrate,formal,1,1102,18.4 (Ubuntu 18.4-1.pgdg22.04+1),0.8.5,705,1102:request:300705,1102:batch:67,-1,False,endpoint-3:worker:0,0,668555,default,endpoint-3,1,completed,,7.16093635559082,0.0029120445251464844,300705,1,895,407,135,7.138065360486507,1785485281.5500286,1785485288.688093,1785485281.550126,1785485288.6670222,1785485288.687924,7.116896053776145,0.020901687443256378
5,prefix_cache_routing_4ep_1.5b_hitrate,formal,1,1102,18.4 (Ubuntu 18.4-1.pgdg22.04+1),0.8.5,706,1102:request:300706,1102:batch:67,-1,False,endpoint-1:worker:0,0,668554,default,endpoint-1,0,completed,,5.914596319198608,0.002668619155883789,300706,1,324,59,152,5.9004306979477406,1785485281.5517294,1785485287.4521594,1785485281.5517986,1785485287.4515405,1785485287.452037,5.899741519242525,0.0004966370761394501
5,prefix_cache_routing_4ep_1.5b_hitrate,formal,1,1102,18.4 (Ubuntu 18.4-1.pgdg22.04+1),0.8.5,707,1102:request:300707,1102:batch:67,-1,False,endpoint-1:worker:0,0,668554,default,endpoint-1,0,completed,,5.903245210647583,0.0035071372985839844,300707,1,704,328,162,5.896059511229396,1785485281.5551472,1785485287.4512064,1785485281.5551925,1785485287.4500651,1785485287.4510055,5.894873151555657,0.0009397994726896286
5,prefix_cache_routing_4ep_1.5b_hitrate,formal,1,1102,18.4 (Ubuntu 18.4-1.pgdg22.04+1),0.8.5,708,1102:request:300708,1102:batch:67,-1,False,endpoint-1:worker:0,0,668554,default,endpoint-1,0,completed,,5.9019529819488525,0.0016636848449707031,300708,1,1216,668,165,5.8991018664091825,1785485281.5668766,1785485287.4659784,1785485281.5669174,1785485287.465126,1785485287.465688,5.898208988830447,0.0005617644637823105
5,prefix_cache_routing_4ep_1.5b_hitrate,formal,1,1102,18.4 (Ubuntu 18.4-1.pgdg22.04+1),0.8.5,709,1102:request:300709,1102:batch:67,-1,False,endpoint-2:worker:0,0,668556,default,endpoint-2,1,completed,,4.403958082199097,0.0015673637390136719,300709,1,1402,863,134,4.4006202053278685,1785485281.5937467,1785485285.9943666,1785485281.5937903,1785485285.9933748,1785485285.9940066,4.3995849173516035,0.0006314031779766083
5,prefix_cache_routing_4ep_1.5b_hitrate,formal,1,1102,18.4 (Ubuntu 18.4-1.pgdg22.04+1),0.8.5,710,1102:request:300710,1102:batch:67,-1,False,endpoint-0:worker:0,0,668553,default,endpoint-0,0,completed,,5.762582302093506,0.002638101577758789,300710,1,941,562,197,5.758228806778789,1785485281.5970507,1785485287.3552787,1785485281.597137,1785485287.3545167,1785485287.3550088,5.757379826158285,0.0004915352910757065
5,prefix_cache_routing_4ep_1.5b_hitrate,formal,1,1102,18.4 (Ubuntu 18.4-1.pgdg22.04+1),0.8.5,711,1102:request:300711,1102:batch:67,-1,False,endpoint-3:worker:0,0,668555,default,endpoint-3,1,completed,,6.1905505657196045,0.0017468929290771484,300711,1,1048,687,164,6.187045423313975,1785485281.6341965,1785485287.8212419,1785485281.6342309,1785485287.8203216,1785485287.8209875,6.18609101139009,0.0006657186895608902
5,prefix_cache_routing_4ep_1.5b_hitrate,formal,1,1102,18.4 (Ubuntu 18.4-1.pgdg22.04+1),0.8.5,712,1102:request:300712,1102:batch:67,-1,False,endpoint-3:worker:0,0,668555,default,endpoint-3,1,completed,,6.900079965591431,0.002061128616333008,300712,1,1275,834,204,6.869159342721105,1785485281.791779,1785485288.6609385,1785485281.7918222,1785485288.6587343,1785485288.6604643,6.866912992671132,0.0017293542623519897
5,prefix_cache_routing_4ep_1.5b_hitrate,formal,1,1102,18.4 (Ubuntu 18.4-1.pgdg22.04+1),0.8.5,713,1102:request:300713,1102:batch:68,-1,False,endpoint-2:worker:0,0,668556,default,endpoint-2,1,completed,,5.704133749008179,0.002455472946166992,300713,1,643,317,206,5.700479755178094,1785485281.7940392,1785485287.4945185,1785485281.794094,1785485287.4937787,1785485287.4942706,5.6996849700808525,0.0004913900047540665
5,prefix_cache_routing_4ep_1.5b_hitrate,formal,1,1102,18.4 (Ubuntu 18.4-1.pgdg22.04+1),0.8.5,714,1102:request:300714,1102:batch:68,-1,False,endpoint-1:worker:0,0,668554,default,endpoint-1,0,completed,,5.980395793914795,0.001874685287475586,300714,1,990,579,198,5.976707184687257,1785485281.8006186,1785485287.7773259,1785485281.800654,1785485287.775748,1785485287.7769368,5.9750947542488575,0.0011881180107593536
5,prefix_cache_routing_4ep_1.5b_hitrate,formal,1,1102,18.4 (Ubuntu 18.4-1.pgdg22.04+1),0.8.5,715,1102:request:300715,1102:batch:68,-1,False,endpoint-0:worker:0,0,668553,default,endpoint-0,0,completed,,5.8114893436431885,0.0024154186248779297,300715,1,1192,743,187,5.805786468088627,1785485281.8794267,1785485287.6852129,1785485281.8794787,1785485287.6844966,1785485287.6849608,5.805017685517669,0.00046416744589805603
5,prefix_cache_routing_4ep_1.5b_hitrate,formal,1,1102,18.4 (Ubuntu 18.4-1.pgdg22.04+1),0.8.5,716,1102:request:300716,1102:batch:68,-1,False,endpoint-0:worker:0,0,668553,default,endpoint-0,0,completed,,5.808654308319092,0.002588510513305664,300716,1,451,170,144,5.802638677880168,1785485281.8814983,1785485287.6841369,1785485281.8815284,1785485287.6827216,1785485287.6839416,5.80119426548481,0.0012193303555250168
5,prefix_cache_routing_4ep_1.5b_hitrate,formal,1,1102,18.4 (Ubuntu 18.4-1.pgdg22.04+1),0.8.5,717,1102:request:300717,1102:batch:68,-1,False,endpoint-2:worker:0,0,668556,default,endpoint-2,1,completed,,5.725970983505249,0.0019676685333251953,300717,1,725,405,234,5.721745038405061,1785485281.8826485,1785485287.6043932,1785485281.8827016,1785485287.6036658,1785485287.6041434,5.720964591950178,0.0004770345985889435
5,prefix_cache_routing_4ep_1.5b_hitrate,formal,1,1102,18.4 (Ubuntu 18.4-1.pgdg22.04+1),0.8.5,718,1102:request:300718,1102:batch:68,-1,False,endpoint-1:worker:0,0,668554,default,endpoint-1,0,completed,,5.9754767417907715,0.0024437904357910156,300718,1,1076,710,222,5.971125761047006,1785485282.0367568,1785485288.0078826,1785485282.0368168,1785485288.0061393,1785485288.0072517,5.969322863966227,0.0011121239513158798
5,prefix_cache_routing_4ep_1.5b_hitrate,formal,1,1102,18.4 (Ubuntu 18.4-1.pgdg22.04+1),0.8.5,719,1102:request:300719,1102:batch:68,-1,False,endpoint-3:worker:0,0,668555,default,endpoint-3,1,completed,,6.62226676940918,0.0015401840209960938,300719,1,1395,991,189,6.586182609200478,1785485282.1004133,1785485288.6865957,1785485282.1004608,1785485288.6667266,1785485288.68628,6.566265728324652,0.01955336518585682
5,prefix_cache_routing_4ep_1.5b_hitrate,formal,1,1102,18.4 (Ubuntu 18.4-1.pgdg22.04+1),0.8.5,720,1102:request:300720,1102:batch:68,-1,False,endpoint-1:worker:0,0,668554,default,endpoint-1,0,completed,,5.9366114139556885,0.0017175674438476562,300720,1,469,178,193,5.9329174011945724,1785485282.1025412,1785485288.0354588,1785485282.102585,1785485288.0339751,1785485288.035086,5.931390291079879,0.001110779121518135
5,prefix_cache_routing_4ep_1.5b_hitrate,formal,1,1102,18.4 (Ubuntu 18.4-1.pgdg22.04+1),0.8.5,721,1102:request:300721,1102:batch:68,-1,False,endpoint-0:worker:0,0,668553,default,endpoint-0,0,completed,,5.806450128555298,0.0015971660614013672,300721,1,812,463,211,5.802456509321928,1785485282.162481,1785485287.9649377,1785485282.1625214,1785485287.963589,1785485287.9645512,5.8010683711618185,0.0009615160524845123
5,prefix_cache_routing_4ep_1.5b_hitrate,formal,1,1102,18.4 (Ubuntu 18.4-1.pgdg22.04+1),0.8.5,722,1102:request:300722,1102:batch:69,-1,False,endpoint-2:worker:0,0,668556,default,endpoint-2,1,completed,,5.725802659988403,0.0022666454315185547,300722,1,1191,756,167,5.720180483534932,1785485282.2130542,1785485287.9332345,1785485282.2131035,1785485287.9324017,1785485287.9329138,5.71929813362658,0.0005118809640407562
5,prefix_cache_routing_4ep_1.5b_hitrate,formal,1,1102,18.4 (Ubuntu 18.4-1.pgdg22.04+1),0.8.5,723,1102:request:300723,1102:batch:69,-1,False,endpoint-1:worker:0,0,668554,default,endpoint-1,0,completed,,5.95292329788208,0.0021119117736816406,300723,1,678,332,201,5.948835914954543,1785485282.2155046,1785485288.1643403,1785485282.2155614,1785485288.1633725,1785485288.164079,5.947811394929886,0.0007058456540107727
5,prefix_cache_routing_4ep_1.5b_hitrate,formal,1,1102,18.4 (Ubuntu 18.4-1.pgdg22.04+1),0.8.5,724,1102:request:300724,1102:batch:69,-1,False,endpoint-3:worker:0,0,668555,default,endpoint-3,1,completed,,6.445049047470093,0.0019500255584716797,300724,1,1096,668,192,6.41575413197279,1785485282.2590797,1785485288.6748333,1785485282.2591262,1785485288.6638014,1785485288.6745825,6.4046751987189054,0.010781075805425644
5,prefix_cache_routing_4ep_1.5b_hitrate,formal,1,1102,18.4 (Ubuntu 18.4-1.pgdg22.04+1),0.8.5,725,1102:request:300725,1102:batch:69,-1,False,endpoint-1:worker:0,0,668554,default,endpoint-1,0,completed,,5.990979194641113,0.0016357898712158203,300725,1,1499,972,184,5.987045738846064,1785485282.3304667,1785485288.3175125,1785485282.3305256,1785485288.315596,1785485288.316972,5.985071070492268,0.0013754423707723618
5,prefix_cache_routing_4ep_1.5b_hitrate,formal,1,1102,18.4 (Ubuntu 18.4-1.pgdg22.04+1),0.8.5,726,1102:request:300726,1102:batch:69,-1,False,endpoint-0:worker:0,0,668553,default,endpoint-0,0,completed,,5.81382942199707,0.001772165298461914,300726,1,536,218,168,5.810659013688564,1785485282.3322694,1785485288.142928,1785485282.3323345,1785485288.1414528,1785485288.1426759,5.809118973091245,0.0012225527316331863
5,prefix_cache_routing_4ep_1.5b_hitrate,formal,1,1102,18.4 (Ubuntu 18.4-1.pgdg22.04+1),0.8.5,727,1102:request:300727,1102:batch:69,-1,False,endpoint-2:worker:0,0,668556,default,endpoint-2,1,completed,,3.1542482376098633,0.0018122196197509766,300727,1,117,7,91,3.1499069407582283,1785485282.333734,1785485285.4836404,1785485282.3337886,1785485285.4829226,1785485285.483531,3.1491342522203922,0.0006081201136112213
5,prefix_cache_routing_4ep_1.5b_hitrate,formal,1,1102,18.4 (Ubuntu 18.4-1.pgdg22.04+1),0.8.5,728,1102:request:300728,1102:batch:69,-1,False,endpoint-2:worker:0,0,668556,default,endpoint-2,1,completed,,5.741394281387329,0.0014061927795410156,300728,1,295,32,196,5.735990274697542,1785485282.3360026,1785485288.0719926,1785485282.336047,1785485288.0706925,1785485288.0717359,5.7346461452543736,0.0010431203991174698
5,prefix_cache_routing_4ep_1.5b_hitrate,formal,1,1102,18.4 (Ubuntu 18.4-1.pgdg22.04+1),0.8.5,729,1102:request:300729,1102:batch:69,-1,False,endpoint-2:worker:0,0,668556,default,endpoint-2,1,completed,,5.738031625747681,0.002229928970336914,300729,1,266,9,205,5.73166393302381,1785485282.3382769,1785485288.069941,1785485282.3383105,1785485288.0686653,1785485288.0696669,5.730355404317379,0.0010011270642280579
5,prefix_cache_routing_4ep_1.5b_hitrate,formal,1,1102,18.4 (Ubuntu 18.4-1.pgdg22.04+1),0.8.5,730,1102:request:300730,1102:batch:69,-1,False,endpoint-3:worker:0,0,668555,default,endpoint-3,1,completed,,6.381352186203003,0.0018308162689208984,300730,1,550,253,195,6.3391156159341335,1785485282.3392766,1785485288.6783915,1785485282.3393269,1785485288.6647234,1785485288.6782455,6.325396301224828,0.013522138819098473
5,prefix_cache_routing_4ep_1.5b_hitrate,formal,1,1102,18.4 (Ubuntu 18.4-1.pgdg22.04+1),0.8.5,731,1102:request:300731,1102:batch:69,-1,False,endpoint-1:worker:0,0,668554,default,endpoint-1,0,completed,,5.283901929855347,0.0022721290588378906,300731,1,739,450,181,5.280181111767888,1785485282.3738558,1785485287.6540365,1785485282.373905,1785485287.6532054,1785485287.6537943,5.279300894588232,0.000588560476899147
5,prefix_cache_routing_4ep_1.5b_hitrate,formal,1,1102,18.4 (Ubuntu 18.4-1.pgdg22.04+1),0.8.5,732,1102:request:300732,1102:batch:69,-1,False,endpoint-3:worker:0,0,668555,default,endpoint-3,1,completed,,3.009711503982544,0.002010822296142578,300732,1,854,682,53,3.0059239119291306,1785485282.4760673,1785485285.4819915,1785485282.4761095,1785485285.480472,1785485285.4814773,3.0043630339205265,0.001004934310913086
5,prefix_cache_routing_4ep_1.5b_hitrate,formal,1,1102,18.4 (Ubuntu 18.4-1.pgdg22.04+1),0.8.5,733,1102:request:300733,1102:batch:70,-1,False,endpoint-1:worker:0,0,668554,default,endpoint-1,0,completed,,4.645229816436768,0.002110004425048828,300733,1,1340,986,153,4.641321120783687,1785485282.6007702,1785485287.2420912,1785485282.6008217,1785485287.240528,1785485287.241556,4.639706773683429,0.001027662307024002
5,prefix_cache_routing_4ep_1.5b_hitrate,formal,1,1102,18.4 (Ubuntu 18.4-1.pgdg22.04+1),0.8.5,734,1102:request:300734,1102:batch:70,-1,False,endpoint-0:worker:0,0,668553,default,endpoint-0,0,completed,,5.8322670459747314,0.002117633819580078,300734,1,270,13,171,5.827910698950291,1785485282.6027443,1785485288.4306543,1785485282.6028087,1785485288.4289672,1785485288.4304907,5.826159458607435,0.0015223845839500427
5,prefix_cache_routing_4ep_1.5b_hitrate,formal,1,1102,18.4 (Ubuntu 18.4-1.pgdg22.04+1),0.8.5,735,1102:request:300735,1102:batch:70,-1,False,endpoint-2:worker:0,0,668556,default,endpoint-2,1,completed,,5.7380592823028564,0.0027799606323242188,300735,1,932,461,145,5.7328643053770065,1785485282.6052375,1785485288.3381011,1785485282.6053386,1785485288.3363297,1785485288.3375158,5.7309916485100985,0.001185474917292595
5,prefix_cache_routing_4ep_1.5b_hitrate,formal,1,1102,18.4 (Ubuntu 18.4-1.pgdg22.04+1),0.8.5,736,1102:request:300736,1102:batch:70,-1,False,endpoint-1:worker:0,0,668554,default,endpoint-1,0,completed,,5.966859579086304,0.0015366077423095703,300736,1,1413,747,138,5.963256359100342,1785485282.6064532,1785485288.5697098,1785485282.6065013,1785485288.5676486,1785485288.5689883,5.9611480832099915,0.0013391058892011642
5,prefix_cache_routing_4ep_1.5b_hitrate,formal,1,1102,18.4 (Ubuntu 18.4-1.pgdg22.04+1),0.8.5,737,1102:request:300737,1102:batch:70,-1,False,endpoint-0:worker:0,0,668553,default,endpoint-0,0,completed,,5.892760515213013,0.0014293193817138672,300737,1,347,62,172,5.888945523649454,1785485282.6085916,1785485288.4975371,1785485282.6086419,1785485288.4962335,1785485288.4973745,5.887592164799571,0.0011403709650039673
5,prefix_cache_routing_4ep_1.5b_hitrate,formal,1,1102,18.4 (Ubuntu 18.4-1.pgdg22.04+1),0.8.5,738,1102:request:300738,1102:batch:70,-1,False,endpoint-2:worker:0,0,668556,default,endpoint-2,1,completed,,5.73742151260376,0.0016362667083740234,300738,1,832,348,142,5.7343041598796844,1785485282.6165712,1785485288.350875,1785485282.6166174,1785485288.3502617,1785485288.350682,5.733644405379891,0.00042025186121463776
5,prefix_cache_routing_4ep_1.5b_hitrate,formal,1,1102,18.4 (Ubuntu 18.4-1.pgdg22.04+1),0.8.5,739,1102:request:300739,1102:batch:70,-1,False,endpoint-1:worker:0,0,668554,default,endpoint-1,0,completed,,5.917761325836182,0.0019123554229736328,300739,1,1341,652,176,5.914024971425533,1785485282.860555,1785485288.7745795,1785485282.8606083,1785485288.773115,1785485288.774249,5.912507709115744,0.0011328980326652527
5,prefix_cache_routing_4ep_1.5b_hitrate,formal,1,1102,18.4 (Ubuntu 18.4-1.pgdg22.04+1),0.8.5,740,1102:request:300740,1102:batch:70,-1,False,endpoint-2:worker:0,0,668556,default,endpoint-2,1,completed,,5.763344764709473,0.001699686050415039,300740,1,953,468,201,5.75887743756175,1785485282.8691874,1785485288.6280642,1785485282.869238,1785485288.6268454,1785485288.6277843,5.757608322426677,0.0009378883987665176
5,prefix_cache_routing_4ep_1.5b_hitrate,formal,1,1102,18.4 (Ubuntu 18.4-1.pgdg22.04+1),0.8.5,741,1102:request:300741,1102:batch:70,-1,False,endpoint-1:worker:0,0,668554,default,endpoint-1,0,completed,,5.919713497161865,0.001424551010131836,300741,1,542,237,207,5.917141128331423,1785485282.871322,1785485288.7884629,1785485282.8713675,1785485288.787817,1785485288.788282,5.9164497051388025,0.0004647430032491684
5,prefix_cache_routing_4ep_1.5b_hitrate,formal,1,1102,18.4 (Ubuntu 18.4-1.pgdg22.04+1),0.8.5,742,1102:request:300742,1102:batch:71,-1,False,endpoint-2:worker:0,0,668556,default,endpoint-2,1,completed,,5.759264707565308,0.00191497802734375,300742,1,801,452,210,5.755350794643164,1785485282.9947686,1785485288.7501192,1785485282.994813,1785485288.7491765,1785485288.7498763,5.7543644066900015,0.0006988793611526489
5,prefix_cache_routing_4ep_1.5b_hitrate,formal,1,1102,18.4 (Ubuntu 18.4-1.pgdg22.04+1),0.8.5,743,1102:request:300743,1102:batch:71,-1,False,endpoint-3:worker:0,0,668555,default,endpoint-3,1,completed,,5.705127239227295,0.0019555091857910156,300743,1,330,63,174,5.682558549568057,1785485282.9983559,1785485288.6809142,1785485282.9984043,1785485288.6653254,1785485288.6808176,5.666920891031623,0.015492327511310577
5,prefix_cache_routing_4ep_1.5b_hitrate,formal,1,1102,18.4 (Ubuntu 18.4-1.pgdg22.04+1),0.8.5,744,1102:request:300744,1102:batch:71,-1,False,endpoint-3:worker:0,0,668555,default,endpoint-3,1,completed,,5.717278242111206,0.004264354705810547,300744,1,742,374,135,5.678436063230038,1785485283.0050988,1785485288.683534,1785485283.0052776,1785485288.6659138,1785485288.6833823,5.6606360878795385,0.017468474805355072
5,prefix_cache_routing_4ep_1.5b_hitrate,formal,1,1102,18.4 (Ubuntu 18.4-1.pgdg22.04+1),0.8.5,745,1102:request:300745,1102:batch:71,-1,False,endpoint-0:worker:0,0,668553,default,endpoint-0,0,completed,,5.878825902938843,0.003538370132446289,300745,1,274,13,201,5.87380850315094,1785485283.0090444,1785485288.8828526,1785485283.0090897,1785485288.881278,1785485288.8826644,5.872189287096262,0.0013859402388334274
5,prefix_cache_routing_4ep_1.5b_hitrate,formal,1,1102,18.4 (Ubuntu 18.4-1.pgdg22.04+1),0.8.5,746,1102:request:300746,1102:batch:71,-1,False,endpoint-3:worker:0,0,668555,default,endpoint-3,1,completed,,5.692415714263916,0.0026807785034179688,300746,1,478,176,201,5.664063785225153,1785485283.0130887,1785485288.6771524,1785485283.0131288,1785485288.6644192,1785485288.6770391,5.651290275156498,0.012619983404874802
5,prefix_cache_routing_4ep_1.5b_hitrate,formal,1,1102,18.4 (Ubuntu 18.4-1.pgdg22.04+1),0.8.5,747,1102:request:300747,1102:batch:71,-1,False,endpoint-3:worker:0,0,668555,default,endpoint-3,1,completed,,5.704589605331421,0.0015637874603271484,300747,1,710,365,221,5.6585626769810915,1785485283.0211093,1785485288.6796713,1785485283.0211477,1785485288.6650076,1785485288.6795106,5.643860103562474,0.014502735808491707
5,prefix_cache_routing_4ep_1.5b_hitrate,formal,1,1102,18.4 (Ubuntu 18.4-1.pgdg22.04+1),0.8.5,748,1102:request:300748,1102:batch:71,-1,False,endpoint-3:worker:0,0,668555,default,endpoint-3,1,completed,,5.63642430305481,0.0021860599517822266,300748,1,986,600,211,5.609927363693714,1785485283.0625975,1785485288.6725237,1785485283.0627089,1785485288.6630263,1785485288.672333,5.600317228585482,0.009306563064455986
5,prefix_cache_routing_4ep_1.5b_hitrate,formal,1,1102,18.4 (Ubuntu 18.4-1.pgdg22.04+1),0.8.5,749,1102:request:300749,1102:batch:71,-1,False,endpoint-3:worker:0,0,668555,default,endpoint-3,1,completed,,5.649378061294556,0.0030908584594726562,300749,1,299,38,172,5.601792756468058,1785485283.0664632,1785485288.6682556,1785485283.066491,1785485288.661492,1785485288.6681395,5.595001596957445,0.006647055968642235
5,prefix_cache_routing_4ep_1.5b_hitrate,formal,1,1102,18.4 (Ubuntu 18.4-1.pgdg22.04+1),0.8.5,750,1102:request:300750,1102:batch:71,-1,False,endpoint-3:worker:0,0,668555,default,endpoint-3,1,completed,,5.647712230682373,0.0023572444915771484,300750,1,612,265,171,5.605547746643424,1785485283.0680623,1785485288.6736095,1785485283.0680914,1785485288.663343,1785485288.6734722,5.595251478254795,0.010129360482096672
5,prefix_cache_routing_4ep_1.5b_hitrate,formal,1,1102,18.4 (Ubuntu 18.4-1.pgdg22.04+1),0.8.5,751,1102:request:300751,1102:batch:71,-1,False,endpoint-3:worker:0,0,668555,default,endpoint-3,1,completed,,5.655978441238403,0.0020325183868408203,300751,1,275,17,201,5.612654075026512,1785485283.0695262,1785485288.6821802,1785485283.0695524,1785485288.6656213,1785485288.6820922,5.59606877155602,0.016471024602651596
5,prefix_cache_routing_4ep_1.5b_hitrate,formal,1,1102,18.4 (Ubuntu 18.4-1.pgdg22.04+1),0.8.5,752,1102:request:300752,1102:batch:71,-1,False,endpoint-0:worker:0,0,668553,default,endpoint-0,0,completed,,5.868703842163086,0.0016477108001708984,300752,1,614,306,208,5.86492644995451,1785485283.078775,1785485288.9437013,1785485283.078813,1785485288.9426274,1785485288.9435105,5.86381503008306,0.0008824188262224197
5,prefix_cache_routing_4ep_1.5b_hitrate,formal,1,1102,18.4 (Ubuntu 18.4-1.pgdg22.04+1),0.8.5,753,1102:request:300753,1102:batch:71,-1,False,endpoint-3:worker:0,0,668555,default,endpoint-3,1,completed,,5.570215463638306,0.0016095638275146484,300753,1,1022,644,205,5.55926819331944,1785485283.1257348,1785485288.6850028,1785485283.1257677,1785485288.666432,1785485288.6847925,5.540664317086339,0.018360573798418045
5,prefix_cache_routing_4ep_1.5b_hitrate,formal,1,1102,18.4 (Ubuntu 18.4-1.pgdg22.04+1),0.8.5,754,1102:request:300754,1102:batch:71,-1,False,endpoint-3:worker:0,0,668555,default,endpoint-3,1,completed,,2.7821223735809326,0.0014712810516357422,300754,1,1201,914,46,2.778783366084099,1785485283.1283545,1785485285.9071374,1785485283.1284888,1785485285.9053357,1785485285.9064758,2.7768470998853445,0.0011397600173950195
5,prefix_cache_routing_4ep_1.5b_hitrate,formal,1,1102,18.4 (Ubuntu 18.4-1.pgdg22.04+1),0.8.5,755,1102:request:300755,1102:batch:72,-1,False,endpoint-0:worker:0,0,668553,default,endpoint-0,0,completed,,5.848525285720825,0.002201080322265625,300755,1,373,79,146,5.842851128429174,1785485283.131028,1785485288.9738789,1785485283.1310802,1785485288.9727025,1785485288.97366,5.841622496023774,0.0009571872651576996
5,prefix_cache_routing_4ep_1.5b_hitrate,formal,1,1102,18.4 (Ubuntu 18.4-1.pgdg22.04+1),0.8.5,756,1102:request:300756,1102:batch:72,-1,False,endpoint-3:worker:0,0,668555,default,endpoint-3,1,completed,,4.496866226196289,0.0018820762634277344,300756,1,464,182,160,4.489680975675583,1785485283.132428,1785485287.6221085,1785485283.1324852,1785485287.6212802,1785485287.6219742,4.48879505507648,0.00069388747215271
5,prefix_cache_routing_4ep_1.5b_hitrate,formal,1,1102,18.4 (Ubuntu 18.4-1.pgdg22.04+1),0.8.5,757,1102:request:300757,1102:batch:72,-1,False,endpoint-3:worker:0,0,668555,default,endpoint-3,1,completed,,5.752784013748169,0.0027704238891601562,300757,1,650,289,191,5.714502861723304,1785485283.1349707,1785485288.8494732,1785485283.135009,1785485288.8436165,1785485288.8493316,5.70860743522644,0.005715295672416687
5,prefix_cache_routing_4ep_1.5b_hitrate,formal,1,1102,18.4 (Ubuntu 18.4-1.pgdg22.04+1),0.8.5,758,1102:request:300758,1102:batch:72,-1,False,endpoint-3:worker:0,0,668555,default,endpoint-3,1,completed,,5.741766452789307,0.0019044876098632812,300758,1,796,380,207,5.715029798448086,1785485283.1366816,1785485288.8517113,1785485283.1367197,1785485288.8442273,1785485288.8515542,5.70750779658556,0.007326619699597359
5,prefix_cache_routing_4ep_1.5b_hitrate,formal,1,1102,18.4 (Ubuntu 18.4-1.pgdg22.04+1),0.8.5,759,1102:request:300759,1102:batch:72,-1,False,endpoint-0:worker:0,0,668553,default,endpoint-0,0,completed,,5.839309930801392,0.0016357898712158203,300759,1,303,29,140,5.834008393809199,1785485283.1381829,1785485288.9721913,1785485283.1382215,1785485288.9710665,1785485288.9720132,5.83284530043602,0.000946585088968277
5,prefix_cache_routing_4ep_1.5b_hitrate,formal,1,1102,18.4 (Ubuntu 18.4-1.pgdg22.04+1),0.8.5,760,1102:request:300760,1102:batch:72,-1,False,endpoint-3:worker:0,0,668555,default,endpoint-3,1,completed,,3.92765474319458,0.0014243125915527344,300760,1,349,115,103,3.9248300157487392,1785485283.139863,1785485287.064693,1785485283.139906,1785485287.0639186,1785485287.0645416,3.92401279322803,0.0006229951977729797
5,prefix_cache_routing_4ep_1.5b_hitrate,formal,1,1102,18.4 (Ubuntu 18.4-1.pgdg22.04+1),0.8.5,761,1102:request:300761,1102:batch:72,-1,False,endpoint-1:worker:0,0,668554,default,endpoint-1,0,completed,,4.223640441894531,0.0017406940460205078,300761,1,500,200,106,4.219409290701151,1785485283.1740394,1785485287.3934484,1785485283.1740832,1785485287.3922818,1785485287.39327,4.2181991916149855,0.0009874813258647919
5,prefix_cache_routing_4ep_1.5b_hitrate,formal,1,1102,18.4 (Ubuntu 18.4-1.pgdg22.04+1),0.8.5,762,1102:request:300762,1102:batch:72,-1,False,endpoint-1:worker:0,0,668554,default,endpoint-1,0,completed,,3.643967390060425,0.002385854721069336,300762,1,661,314,85,3.6344448160380125,1785485283.1767726,1785485286.811217,1785485283.1768167,1785485286.8093445,1785485286.8109288,3.632528791204095,0.0015838462859392166
5,prefix_cache_routing_4ep_1.5b_hitrate,formal,1,1102,18.4 (Ubuntu 18.4-1.pgdg22.04+1),0.8.5,763,1102:request:300763,1102:batch:72,-1,False,endpoint-1:worker:0,0,668554,default,endpoint-1,0,completed,,3.637803077697754,0.0018053054809570312,300763,1,863,428,81,3.63430667296052,1785485283.2055752,1785485286.8398821,1785485283.205604,1785485286.8378255,1785485286.8393743,3.632221983745694,0.001548556610941887
5,prefix_cache_routing_4ep_1.5b_hitrate,formal,1,1102,18.4 (Ubuntu 18.4-1.pgdg22.04+1),0.8.5,764,1102:request:300764,1102:batch:72,-1,False,endpoint-3:worker:0,0,668555,default,endpoint-3,1,completed,,3.483828067779541,0.0018908977508544922,300764,1,1093,555,95,3.480125855654478,1785485283.2347689,1785485286.7148945,1785485283.2348182,1785485286.7137856,1785485286.7145467,3.4789670947939157,0.000760931521654129
5,prefix_cache_routing_4ep_1.5b_hitrate,formal,1,1102,18.4 (Ubuntu 18.4-1.pgdg22.04+1),0.8.5,765,1102:request:300765,1102:batch:72,-1,False,endpoint-3:worker:0,0,668555,default,endpoint-3,1,completed,,5.645237922668457,0.002092599868774414,300765,1,1252,865,183,5.6202703304588795,1785485283.2374418,1785485288.8577118,1785485283.2374878,1785485288.845729,1785485288.8574557,5.6082410998642445,0.011726608499884605
5,prefix_cache_routing_4ep_1.5b_hitrate,formal,1,1102,18.4 (Ubuntu 18.4-1.pgdg22.04+1),0.8.5,766,1102:request:300766,1102:batch:72,-1,False,endpoint-3:worker:0,0,668555,default,endpoint-3,1,completed,,5.629919052124023,0.0013074874877929688,300766,1,276,17,181,5.615356273949146,1785485283.2397747,1785485288.8551307,1785485283.2398121,1785485288.8451278,1785485288.855051,5.60531566478312,0.009923212230205536
5,prefix_cache_routing_4ep_1.5b_hitrate,formal,1,1102,18.4 (Ubuntu 18.4-1.pgdg22.04+1),0.8.5,767,1102:request:300767,1102:batch:72,-1,False,endpoint-3:worker:0,0,668555,default,endpoint-3,1,completed,,5.620319366455078,0.0012421607971191406,300767,1,529,195,188,5.599050668999553,1785485283.2422945,1785485288.841345,1785485283.2423327,1785485288.8385272,1785485288.841055,5.5961954314261675,0.0025270991027355194
5,prefix_cache_routing_4ep_1.5b_hitrate,formal,1,1102,18.4 (Ubuntu 18.4-1.pgdg22.04+1),0.8.5,768,1102:request:300768,1102:batch:73,-1,False,endpoint-3:worker:0,0,668555,default,endpoint-3,1,completed,,5.630098819732666,0.0016629695892333984,300768,1,1304,871,156,5.6133149564266205,1785485283.2457867,1785485288.8591015,1785485283.2458274,1785485288.8460183,1785485288.8588555,5.600190976634622,0.012836994603276253
5,prefix_cache_routing_4ep_1.5b_hitrate,formal,1,1102,18.4 (Ubuntu 18.4-1.pgdg22.04+1),0.8.5,769,1102:request:300769,1102:batch:73,-1,False,endpoint-3:worker:0,0,668555,default,endpoint-3,1,completed,,4.987926006317139,0.0018787384033203125,300769,1,299,44,174,4.984208973124623,1785485283.2476583,1785485288.231867,1785485283.2476954,1785485288.2302952,1785485288.231759,4.98260043002665,0.0014632176607847214
5,prefix_cache_routing_4ep_1.5b_hitrate,formal,1,1102,18.4 (Ubuntu 18.4-1.pgdg22.04+1),0.8.5,770,1102:request:300770,1102:batch:73,-1,False,endpoint-3:worker:0,0,668555,default,endpoint-3,1,completed,,5.637117862701416,0.0011780261993408203,300770,1,321,43,157,5.606678923591971,1785485283.2496572,1785485288.856335,1785485283.2497756,1785485288.845415,1785485288.8562465,5.5956392381340265,0.010831337422132492
5,prefix_cache_routing_4ep_1.5b_hitrate,formal,1,1102,18.4 (Ubuntu 18.4-1.pgdg22.04+1),0.8.5,771,1102:request:300771,1102:batch:73,-1,False,endpoint-3:worker:0,0,668555,default,endpoint-3,1,completed,,5.616828680038452,0.0022640228271484375,300771,1,620,233,202,5.594128815457225,1785485283.2531648,1785485288.8472934,1785485283.2532,1785485288.8421896,1785485288.8471189,5.588989429175854,0.004929171875119209
5,prefix_cache_routing_4ep_1.5b_hitrate,formal,1,1102,18.4 (Ubuntu 18.4-1.pgdg22.04+1),0.8.5,772,1102:request:300772,1102:batch:73,-1,False,endpoint-3:worker:0,0,668555,default,endpoint-3,1,completed,,5.60941743850708,0.0010669231414794922,300772,1,710,300,193,5.593414131551981,1785485283.2550032,1785485288.848417,1785485283.255032,1785485288.843121,1785485288.848234,5.58808889426291,0.005112737417221069
5,prefix_cache_routing_4ep_1.5b_hitrate,formal,1,1102,18.4 (Ubuntu 18.4-1.pgdg22.04+1),0.8.5,773,1102:request:300773,1102:batch:73,-1,False,endpoint-3:worker:0,0,668555,default,endpoint-3,1,completed,,5.615357875823975,0.0011353492736816406,300773,1,868,404,159,5.592835053801537,1785485283.2577472,1785485288.8505821,1785485283.2577822,1785485288.8439195,1785485288.850416,5.586137352511287,0.006496243178844452
5,prefix_cache_routing_4ep_1.5b_hitrate,formal,1,1102,18.4 (Ubuntu 18.4-1.pgdg22.04+1),0.8.5,774,1102:request:300774,1102:batch:73,-1,False,endpoint-3:worker:0,0,668555,default,endpoint-3,1,completed,,3.5693743228912354,0.0010623931884765625,300774,1,930,515,97,3.566830288618803,1785485283.2593842,1785485286.826214,1785485283.2594182,1785485286.825439,1785485286.8259876,3.566020879894495,0.0005484446883201599
5,prefix_cache_routing_4ep_1.5b_hitrate,formal,1,1102,18.4 (Ubuntu 18.4-1.pgdg22.04+1),0.8.5,775,1102:request:300775,1102:batch:73,-1,False,endpoint-3:worker:0,0,668555,default,endpoint-3,1,completed,,5.610321998596191,0.0009849071502685547,300775,1,368,86,182,5.590815497562289,1785485283.261973,1785485288.8527882,1785485283.2620003,1785485288.844543,1785485288.8526902,5.582542711868882,0.008147040382027626
5,prefix_cache_routing_4ep_1.5b_hitrate,formal,1,1102,18.4 (Ubuntu 18.4-1.pgdg22.04+1),0.8.5,776,1102:request:300776,1102:batch:73,-1,False,endpoint-3:worker:0,0,668555,default,endpoint-3,1,completed,,5.605631589889526,0.0011391639709472656,300776,1,1073,670,204,5.589477384462953,1785485283.2645257,1785485288.854003,1785485283.2645586,1785485288.8448377,1785485288.8537974,5.580278933048248,0.008959891274571419
5,prefix_cache_routing_4ep_1.5b_hitrate,formal,1,1102,18.4 (Ubuntu 18.4-1.pgdg22.04+1),0.8.5,777,1102:request:300777,1102:batch:73,-1,False,endpoint-2:worker:0,0,668556,default,endpoint-2,1,completed,,5.857600688934326,0.001978158950805664,300777,1,1525,1024,187,5.853105807676911,1785485283.2853148,1785485289.1384208,1785485283.285359,1785485289.1362545,1785485289.1375864,5.850896319374442,0.0013314150273799896
5,prefix_cache_routing_4ep_1.5b_hitrate,formal,1,1102,18.4 (Ubuntu 18.4-1.pgdg22.04+1),0.8.5,778,1102:request:300778,1102:batch:73,-1,False,endpoint-1:worker:0,0,668554,default,endpoint-1,0,completed,,5.928390026092529,0.0022401809692382812,300778,1,646,295,153,5.9245012905448675,1785485283.2879422,1785485289.2124434,1785485283.2880135,1785485289.2106583,1785485289.211961,5.922645293176174,0.0013023149222135544
5,prefix_cache_routing_4ep_1.5b_hitrate,formal,1,1102,18.4 (Ubuntu 18.4-1.pgdg22.04+1),0.8.5,779,1102:request:300779,1102:batch:74,-1,False,endpoint-0:worker:0,0,668553,default,endpoint-0,0,completed,,5.9007227420806885,0.0018515586853027344,300779,1,1066,602,190,5.896306781098247,1785485283.3762867,1785485289.2725937,1785485283.376344,1785485289.2703342,1785485289.2719448,5.893990950658917,0.001610036939382553
5,prefix_cache_routing_4ep_1.5b_hitrate,formal,1,1102,18.4 (Ubuntu 18.4-1.pgdg22.04+1),0.8.5,780,1102:request:300780,1102:batch:74,-1,False,endpoint-3:worker:0,0,668555,default,endpoint-3,1,completed,,5.815671682357788,0.001895904541015625,300780,1,1509,907,187,5.805212244391441,1785485283.3809683,1785485289.1861804,1785485283.3810058,1785485289.184012,1785485289.185777,5.8030074164271355,0.0017637163400650024
5,prefix_cache_routing_4ep_1.5b_hitrate,formal,1,1102,18.4 (Ubuntu 18.4-1.pgdg22.04+1),0.8.5,781,1102:request:300781,1102:batch:74,-1,False,endpoint-2:worker:0,0,668556,default,endpoint-2,1,completed,,5.790760040283203,0.0019457340240478516,300781,1,789,400,171,5.7867815010249615,1785485283.3826702,1785485289.1694512,1785485283.3827267,1785485289.1675558,1785485289.1689484,5.784829329699278,0.001392638310790062
5,prefix_cache_routing_4ep_1.5b_hitrate,formal,1,1102,18.4 (Ubuntu 18.4-1.pgdg22.04+1),0.8.5,782,1102:request:300782,1102:batch:74,-1,False,endpoint-3:worker:0,0,668555,default,endpoint-3,1,completed,,5.817135810852051,0.0013544559478759766,300782,1,1309,791,194,5.806031716987491,1785485283.3853796,1785485289.1914113,1785485283.385418,1785485289.1873145,1785485289.191157,5.801896376535296,0.0038424115628004074
5,prefix_cache_routing_4ep_1.5b_hitrate,formal,1,1102,18.4 (Ubuntu 18.4-1.pgdg22.04+1),0.8.5,783,1102:request:300783,1102:batch:74,-1,False,endpoint-3:worker:0,0,668555,default,endpoint-3,1,completed,,5.811457395553589,0.0010924339294433594,300783,1,765,379,31,5.80106888525188,1785485283.387907,1785485289.1889758,1785485283.3879426,1785485289.186625,1785485289.1888096,5.798682421445847,0.0021844469010829926
5,prefix_cache_routing_4ep_1.5b_hitrate,formal,1,1102,18.4 (Ubuntu 18.4-1.pgdg22.04+1),0.8.5,784,1102:request:300784,1102:batch:74,-1,False,endpoint-3:worker:0,0,668555,default,endpoint-3,1,completed,,5.81289005279541,0.0012340545654296875,300784,1,1324,73,65,5.800466950982809,1785485283.3921497,1785485289.1926167,1785485283.3921795,1785485289.1876357,1785485289.1924577,5.79545621201396,0.004821972921490669
5,prefix_cache_routing_4ep_1.5b_hitrate,formal,1,1102,18.4 (Ubuntu 18.4-1.pgdg22.04+1),0.8.5,785,1102:request:300785,1102:batch:74,-1,False,endpoint-1:worker:0,0,668554,default,endpoint-1,0,completed,,3.701857566833496,0.0024559497833251953,300785,1,682,47,121,3.6973385587334633,1785485283.3950233,1785485287.092362,1785485283.3950794,1785485287.0906277,1785485287.0919938,3.6955485362559557,0.0013660378754138947
5,prefix_cache_routing_4ep_1.5b_hitrate,formal,1,1102,18.4 (Ubuntu 18.4-1.pgdg22.04+1),0.8.5,786,1102:request:300786,1102:batch:74,-1,False,endpoint-3:worker:0,0,668555,default,endpoint-3,1,completed,,1.554305076599121,0.0024809837341308594,300786,1,618,66,11,1.5488554779440165,1785485283.397407,1785485284.9462616,1785485283.3974957,1785485284.9449515,1785485284.945969,1.5474564954638481,0.0010167676955461502
5,prefix_cache_routing_4ep_1.5b_hitrate,formal,1,1102,18.4 (Ubuntu 18.4-1.pgdg22.04+1),0.8.5,787,1102:request:300787,1102:batch:75,-1,False,endpoint-2:worker:0,0,668556,default,endpoint-2,1,completed,,5.805055379867554,0.001983642578125,300787,1,981,165,160,5.801459988579154,1785485283.4296196,1785485289.231079,1785485283.4296613,1785485289.2299685,1785485289.2308033,5.8003081530332565,0.0008340403437614441
5,prefix_cache_routing_4ep_1.5b_hitrate,formal,1,1102,18.4 (Ubuntu 18.4-1.pgdg22.04+1),0.8.5,788,1102:request:300788,1102:batch:75,-1,False,endpoint-1:worker:0,0,668554,default,endpoint-1,0,completed,,5.899612188339233,0.0016748905181884766,300788,1,1287,403,200,5.896549355238676,1785485283.431831,1785485289.3283844,1785485283.4318726,1785485289.3273656,1785485289.328006,5.895493434742093,0.0006401482969522476
5,prefix_cache_routing_4ep_1.5b_hitrate,formal,1,1102,18.4 (Ubuntu 18.4-1.pgdg22.04+1),0.8.5,789,1102:request:300789,1102:batch:75,-1,False,endpoint-0:worker:0,0,668553,default,endpoint-0,0,completed,,5.873244285583496,0.002663135528564453,300789,1,308,47,156,5.867168793454766,1785485283.4344895,1785485289.3016577,1785485283.4345872,1785485289.3005724,1785485289.3014643,5.8659853506833315,0.000891486182808876
5,prefix_cache_routing_4ep_1.5b_hitrate,formal,1,1102,18.4 (Ubuntu 18.4-1.pgdg22.04+1),0.8.5,790,1102:request:300790,1102:batch:75,-1,False,endpoint-3:worker:0,0,668555,default,endpoint-3,1,completed,,5.773861885070801,0.0020148754119873047,300790,1,653,303,184,5.754008861258626,1785485283.4361272,1785485289.1901352,1785485283.4361823,1785485289.1869898,1785485289.189985,5.750807261094451,0.0029951483011245728
5,prefix_cache_routing_4ep_1.5b_hitrate,formal,1,1102,18.4 (Ubuntu 18.4-1.pgdg22.04+1),0.8.5,791,1102:request:300791,1102:batch:75,-1,False,endpoint-2:worker:0,0,668556,default,endpoint-2,1,completed,,4.811782121658325,0.0014829635620117188,300791,1,219,9,161,4.808449223637581,1785485283.437419,1785485288.2458684,1785485283.43746,1785485288.2445347,1785485288.2456064,4.807075327262282,0.0010711923241615295
5,prefix_cache_routing_4ep_1.5b_hitrate,formal,1,1102,18.4 (Ubuntu 18.4-1.pgdg22.04+1),0.8.5,792,1102:request:300792,1102:batch:75,-1,False,endpoint-2:worker:0,0,668556,default,endpoint-2,1,completed,,5.814379930496216,0.0018978118896484375,300792,1,296,33,188,5.810111558064818,1785485283.5582416,1785485289.3683531,1785485283.5582821,1785485289.3666558,1785485289.3680105,5.808374153450131,0.0013541877269744873
5,prefix_cache_routing_4ep_1.5b_hitrate,formal,1,1102,18.4 (Ubuntu 18.4-1.pgdg22.04+1),0.8.5,793,1102:request:300793,1102:batch:75,-1,False,endpoint-0:worker:0,0,668553,default,endpoint-0,0,completed,,4.822264671325684,0.002372264862060547,300793,1,571,310,166,4.81829415820539,1785485283.5612822,1785485288.3795757,1785485283.5613334,1785485288.3788118,1785485288.3793907,4.817478779703379,0.0005782004445791245
5,prefix_cache_routing_4ep_1.5b_hitrate,formal,1,1102,18.4 (Ubuntu 18.4-1.pgdg22.04+1),0.8.5,794,1102:request:300794,1102:batch:75,-1,False,endpoint-2:worker:0,0,668556,default,endpoint-2,1,completed,,5.820826768875122,0.0019271373748779297,300794,1,859,500,1,5.817570056766272,1785485283.5926228,1785485289.4101927,1785485283.5926666,1785485289.4090927,1785485289.4098995,5.81642628274858,0.0008065328001976013
5,prefix_cache_routing_4ep_1.5b_hitrate,formal,1,1102,18.4 (Ubuntu 18.4-1.pgdg22.04+1),0.8.5,795,1102:request:300795,1102:batch:75,-1,False,endpoint-0:worker:0,0,668553,default,endpoint-0,0,completed,,5.983142614364624,0.002475738525390625,300795,1,285,26,170,5.978430552408099,1785485283.5952125,1785485289.5736427,1785485283.5952554,1785485289.572923,1785485289.5735238,5.9776674918830395,0.0006007514894008636
5,prefix_cache_routing_4ep_1.5b_hitrate,formal,1,1102,18.4 (Ubuntu 18.4-1.pgdg22.04+1),0.8.5,796,1102:request:300796,1102:batch:75,-1,False,endpoint-0:worker:0,0,668553,default,endpoint-0,0,completed,,5.980719089508057,0.002834796905517578,300796,1,283,23,199,5.975230218842626,1785485283.5973153,1785485289.5725453,1785485283.5973563,1785485289.5715954,1785485289.5723953,5.974239952862263,0.0007988102734088898
5,prefix_cache_routing_4ep_1.5b_hitrate,formal,1,1102,18.4 (Ubuntu 18.4-1.pgdg22.04+1),0.8.5,797,1102:request:300797,1102:batch:75,-1,False,endpoint-2:worker:0,0,668556,default,endpoint-2,1,completed,,5.449446439743042,0.0015411376953125,300797,1,585,286,209,5.446025740355253,1785485283.5987809,1785485289.0448067,1785485283.5988204,1785485289.0429907,1785485289.044394,5.444171072915196,0.00140276737511158
5,prefix_cache_routing_4ep_1.5b_hitrate,formal,1,1102,18.4 (Ubuntu 18.4-1.pgdg22.04+1),0.8.5,798,1102:request:300798,1102:batch:75,-1,False,endpoint-1:worker:0,0,668554,default,endpoint-1,0,completed,,3.600578784942627,0.0016522407531738281,300798,1,309,146,113,3.59755926951766,1785485283.600569,1785485287.1981285,1785485283.6006017,1785485287.197384,1785485287.1979876,3.5967827159911394,0.0006031394004821777
5,prefix_cache_routing_4ep_1.5b_hitrate,formal,1,1102,18.4 (Ubuntu 18.4-1.pgdg22.04+1),0.8.5,799,1102:request:300799,1102:batch:75,-1,False,endpoint-1:worker:0,0,668554,default,endpoint-1,0,completed,,4.521967172622681,0.0012226104736328125,300799,1,415,189,161,4.518831375986338,1785485283.6025422,1785485288.1213734,1785485283.602579,1785485288.1203046,1785485288.121235,4.517726115882397,0.000929536297917366
5,prefix_cache_routing_4ep_1.5b_hitrate,formal,1,1102,18.4 (Ubuntu 18.4-1.pgdg22.04+1),0.8.5,800,1102:request:300800,1102:batch:75,-1,False,endpoint-1:worker:0,0,668554,default,endpoint-1,0,completed,,5.878934621810913,0.0012524127960205078,300800,1,750,415,218,5.874666238203645,1785485283.604166,1785485289.4788322,1785485283.6042018,1785485289.4775255,1785485289.4785862,5.873324839398265,0.001059873029589653
5,prefix_cache_routing_4ep_1.5b_hitrate,formal,1,1102,18.4 (Ubuntu 18.4-1.pgdg22.04+1),0.8.5,801,1102:request:300801,1102:batch:76,-1,False,endpoint-0:worker:0,0,668553,default,endpoint-0,0,completed,,6.131942272186279,0.0020291805267333984,300801,1,1150,753,211,6.127441508695483,1785485283.6723747,1785485289.799816,1785485283.6724205,1785485289.7980416,1785485289.7994568,6.125622091814876,0.001413961872458458
5,prefix_cache_routing_4ep_1.5b_hitrate,formal,1,1102,18.4 (Ubuntu 18.4-1.pgdg22.04+1),0.8.5,802,1102:request:300802,1102:batch:76,-1,False,endpoint-2:worker:0,0,668556,default,endpoint-2,1,completed,,5.767393350601196,0.0026597976684570312,300802,1,572,201,175,5.7627814989537,1785485283.6748767,1785485289.4376574,1785485283.674967,1785485289.4369361,1785485289.4374917,5.761968841776252,0.0005555730313062668
5,prefix_cache_routing_4ep_1.5b_hitrate,formal,1,1102,18.4 (Ubuntu 18.4-1.pgdg22.04+1),0.8.5,803,1102:request:300803,1102:batch:76,-1,False,endpoint-1:worker:0,0,668554,default,endpoint-1,0,completed,,5.853126287460327,0.002914905548095703,300803,1,833,429,183,5.847309524193406,1785485283.6768909,1785485289.5242,1785485283.6769795,1785485289.5227282,1785485289.5238829,5.845748635008931,0.0011546462774276733
5,prefix_cache_routing_4ep_1.5b_hitrate,formal,1,1102,18.4 (Ubuntu 18.4-1.pgdg22.04+1),0.8.5,804,1102:request:300804,1102:batch:76,-1,False,endpoint-2:worker:0,0,668556,default,endpoint-2,1,completed,,5.80889630317688,0.0019681453704833984,300804,1,505,118,187,5.796706898137927,1785485283.7148108,1785485289.5115178,1785485283.714852,1785485289.5104969,1785485289.5113015,5.79564499296248,0.0008045956492424011
5,prefix_cache_routing_4ep_1.5b_hitrate,formal,1,1102,18.4 (Ubuntu 18.4-1.pgdg22.04+1),0.8.5,805,1102:request:300805,1102:batch:76,-1,False,endpoint-2:worker:0,0,668556,default,endpoint-2,1,completed,,5.798870086669922,0.002545595169067383,300805,1,717,243,172,5.792941354215145,1785485283.7171826,1785485289.510124,1785485283.7172267,1785485289.5088923,1785485289.5099237,5.791666062548757,0.0010307617485523224
5,prefix_cache_routing_4ep_1.5b_hitrate,formal,1,1102,18.4 (Ubuntu 18.4-1.pgdg22.04+1),0.8.5,806,1102:request:300806,1102:batch:76,-1,False,endpoint-3:worker:0,0,668555,default,endpoint-3,1,completed,,5.818195819854736,0.0021266937255859375,300806,1,1085,516,161,5.789911665022373,1785485283.7469094,1785485289.5368207,1785485283.7469585,1785485289.5330443,1785485289.536627,5.786085369065404,0.003582604229450226
5,prefix_cache_routing_4ep_1.5b_hitrate,formal,1,1102,18.4 (Ubuntu 18.4-1.pgdg22.04+1),0.8.5,807,1102:request:300807,1102:batch:76,-1,False,endpoint-3:worker:0,0,668555,default,endpoint-3,1,completed,,5.795652627944946,0.0024673938751220703,300807,1,383,106,226,5.783068183809519,1785485283.7490757,1785485289.5321438,1785485283.7491088,1785485289.5308678,1785485289.531983,5.7817590814083815,0.0011149365454912186
5,prefix_cache_routing_4ep_1.5b_hitrate,formal,1,1102,18.4 (Ubuntu 18.4-1.pgdg22.04+1),0.8.5,808,1102:request:300808,1102:batch:76,-1,False,endpoint-3:worker:0,0,668555,default,endpoint-3,1,completed,,4.005818843841553,0.0019998550415039062,300808,1,204,4,148,4.001194480806589,1785485283.7511082,1785485287.752303,1785485283.7511384,1785485287.750489,1785485287.752016,3.999351216480136,0.0015264302492141724
5,prefix_cache_routing_4ep_1.5b_hitrate,formal,1,1102,18.4 (Ubuntu 18.4-1.pgdg22.04+1),0.8.5,809,1102:request:300809,1102:batch:76,-1,False,endpoint-3:worker:0,0,668555,default,endpoint-3,1,completed,,5.808812379837036,0.0018908977508544922,300809,1,266,9,194,5.786005087196827,1785485283.753494,1785485289.5394988,1785485283.7536075,1785485289.5338213,1785485289.539423,5.780213892459869,0.005601357668638229
5,prefix_cache_routing_4ep_1.5b_hitrate,formal,1,1102,18.4 (Ubuntu 18.4-1.pgdg22.04+1),0.8.5,810,1102:request:300810,1102:batch:76,-1,False,endpoint-3:worker:0,0,668555,default,endpoint-3,1,completed,,5.809032440185547,0.0016930103302001953,300810,1,557,245,216,5.779139943420887,1785485283.7585652,1785485289.537705,1785485283.7586043,1785485289.5333235,1785485289.537598,5.7747192066162825,0.004274539649486542
5,prefix_cache_routing_4ep_1.5b_hitrate,formal,1,1102,18.4 (Ubuntu 18.4-1.pgdg22.04+1),0.8.5,811,1102:request:300811,1102:batch:76,-1,False,endpoint-3:worker:0,0,668555,default,endpoint-3,1,completed,,5.800401926040649,0.0012226104736328125,300811,1,268,10,204,5.7798511274158955,1785485283.7605658,1785485289.5404167,1785485283.7606058,1785485289.5340598,1785485289.5403516,5.77345409616828,0.006291944533586502
5,prefix_cache_routing_4ep_1.5b_hitrate,formal,1,1102,18.4 (Ubuntu 18.4-1.pgdg22.04+1),0.8.5,812,1102:request:300812,1102:batch:76,-1,False,endpoint-3:worker:0,0,668555,default,endpoint-3,1,completed,,5.804014682769775,0.0011074542999267578,300812,1,515,218,205,5.776244059205055,1785485283.7623496,1785485289.5385935,1785485283.7623882,1785485289.5335763,1785485289.5384965,5.771187821403146,0.004920331761240959
5,prefix_cache_routing_4ep_1.5b_hitrate,formal,1,1102,18.4 (Ubuntu 18.4-1.pgdg22.04+1),0.8.5,813,1102:request:300813,1102:batch:76,-1,False,endpoint-3:worker:0,0,668555,default,endpoint-3,1,completed,,5.784748315811157,0.0010218620300292969,300813,1,277,20,152,5.771964652463794,1785485283.763909,1785485289.5358737,1785485283.7639456,1785485289.532764,1785485289.5357976,5.768818370997906,0.003033572807908058
5,prefix_cache_routing_4ep_1.5b_hitrate,formal,1,1102,18.4 (Ubuntu 18.4-1.pgdg22.04+1),0.8.5,814,1102:request:300814,1102:batch:76,-1,False,endpoint-3:worker:0,0,668555,default,endpoint-3,1,completed,,5.8026442527771,0.001188516616821289,300814,1,529,222,213,5.768405102193356,1785485283.7666302,1785485289.5350351,1785485283.7666686,1785485289.5324728,1785485289.534901,5.765804266557097,0.002428116276860237
5,prefix_cache_routing_4ep_1.5b_hitrate,formal,1,1102,18.4 (Ubuntu 18.4-1.pgdg22.04+1),0.8.5,815,1102:request:300815,1102:batch:76,-1,False,endpoint-3:worker:0,0,668555,default,endpoint-3,1,completed,,6.192060947418213,0.0012714862823486328,300815,1,620,295,215,6.189009325578809,1785485283.7683184,1785485289.9573276,1785485283.7683587,1785485289.9541733,1785485289.957024,6.185816092416644,0.0028495900332927704
5,prefix_cache_routing_4ep_1.5b_hitrate,formal,1,1102,18.4 (Ubuntu 18.4-1.pgdg22.04+1),0.8.5,816,1102:request:300816,1102:batch:77,-1,False,endpoint-3:worker:0,0,668555,default,endpoint-3,1,completed,,6.383554458618164,0.0010523796081542969,300816,1,714,371,195,6.36128799431026,1785485283.7711987,1785485290.1324866,1785485283.7712364,1785485290.130103,1785485290.1322343,6.358867265284061,0.002130834385752678
5,prefix_cache_routing_4ep_1.5b_hitrate,formal,1,1102,18.4 (Ubuntu 18.4-1.pgdg22.04+1),0.8.5,817,1102:request:300817,1102:batch:77,-1,False,endpoint-3:worker:0,0,668555,default,endpoint-3,1,completed,,6.5423924922943115,0.0012257099151611328,300817,1,932,534,182,6.538448583334684,1785485283.7737224,1785485290.312171,1785485283.7737608,1785485290.3097072,1785485290.3119037,6.535947386175394,0.0021955128759145737
5,prefix_cache_routing_4ep_1.5b_hitrate,formal,1,1102,18.4 (Ubuntu 18.4-1.pgdg22.04+1),0.8.5,818,1102:request:300818,1102:batch:77,-1,False,endpoint-2:worker:0,0,668556,default,endpoint-2,1,completed,,4.045853137969971,0.0022025108337402344,300818,1,238,58,141,4.041764995083213,1785485283.7769427,1785485287.8187075,1785485283.7769911,1785485287.8180902,1785485287.8185713,4.041099298745394,0.00048061273992061615
5,prefix_cache_routing_4ep_1.5b_hitrate,formal,1,1102,18.4 (Ubuntu 18.4-1.pgdg22.04+1),0.8.5,819,1102:request:300819,1102:batch:77,-1,False,endpoint-2:worker:0,0,668556,default,endpoint-2,1,completed,,2.1911232471466064,0.002325773239135742,300819,1,179,93,54,2.1863546911627054,1785485283.7789302,1785485285.9652846,1785485283.7789693,1785485285.9645393,1785485285.965165,2.185570614412427,0.0006248056888580322
5,prefix_cache_routing_4ep_1.5b_hitrate,formal,1,1102,18.4 (Ubuntu 18.4-1.pgdg22.04+1),0.8.5,820,1102:request:300820,1102:batch:77,-1,False,endpoint-3:worker:0,0,668555,default,endpoint-3,1,completed,,2.3800127506256104,0.0014069080352783203,300820,1,335,189,85,2.376563174650073,1785485283.7823663,1785485286.1589289,1785485283.782413,1785485286.1577914,1785485286.1587856,2.3753790576010942,0.000993199646472931
5,prefix_cache_routing_4ep_1.5b_hitrate,formal,1,1102,18.4 (Ubuntu 18.4-1.pgdg22.04+1),0.8.5,821,1102:request:300821,1102:batch:77,-1,False,endpoint-3:worker:0,0,668555,default,endpoint-3,1,completed,,3.326982259750366,0.0018966197967529297,300821,1,525,334,97,3.3232376109808683,1785485283.7845402,1785485287.107778,1785485283.784578,1785485287.1059597,1785485287.1073508,3.321382310241461,0.0013906564563512802
5,prefix_cache_routing_4ep_1.5b_hitrate,formal,1,1102,18.4 (Ubuntu 18.4-1.pgdg22.04+1),0.8.5,822,1102:request:300822,1102:batch:77,-1,False,endpoint-3:worker:0,0,668555,default,endpoint-3,1,completed,,3.394486427307129,0.0013053417205810547,300822,1,647,421,99,3.3914343398064375,1785485283.7867699,1785485287.1782043,1785485283.7868063,1785485287.1763146,1785485287.1777759,3.3895090613514185,0.001460762694478035
5,prefix_cache_routing_4ep_1.5b_hitrate,formal,1,1102,18.4 (Ubuntu 18.4-1.pgdg22.04+1),0.8.5,823,1102:request:300823,1102:batch:77,-1,False,endpoint-3:worker:0,0,668555,default,endpoint-3,1,completed,,2.30385160446167,0.0012125968933105469,300823,1,795,561,77,2.3003022223711014,1785485283.7882903,1785485286.088593,1785485283.7883265,1785485286.0872524,1785485286.0882123,2.2989268116652966,0.0009591914713382721
5,prefix_cache_routing_4ep_1.5b_hitrate,formal,1,1102,18.4 (Ubuntu 18.4-1.pgdg22.04+1),0.8.5,824,1102:request:300824,1102:batch:77,-1,False,endpoint-0:worker:0,0,668553,default,endpoint-0,0,completed,,6.222977876663208,0.0019006729125976562,300824,1,785,470,203,6.218982806429267,1785485283.798951,1785485290.0179336,1785485283.7989922,1785485290.0157154,1785485290.0174212,6.216724194586277,0.0017054397612810135
5,prefix_cache_routing_4ep_1.5b_hitrate,formal,1,1102,18.4 (Ubuntu 18.4-1.pgdg22.04+1),0.8.5,825,1102:request:300825,1102:batch:77,-1,False,endpoint-1:worker:0,0,668554,default,endpoint-1,0,completed,,5.877566337585449,0.0044269561767578125,300825,1,833,505,217,5.86431622877717,1785485283.8366244,1785485289.7009394,1785485283.8367157,1785485289.70033,1785485289.7007372,5.863613976165652,0.00040718913078308105
5,prefix_cache_routing_4ep_1.5b_hitrate,formal,1,1102,18.4 (Ubuntu 18.4-1.pgdg22.04+1),0.8.5,826,1102:request:300826,1102:batch:77,-1,False,endpoint-1:worker:0,0,668554,default,endpoint-1,0,completed,,5.8689961433410645,0.0045092105865478516,300826,1,992,642,167,5.861523270606995,1785485283.8384936,1785485289.7000172,1785485283.8385592,1785485289.699066,1785485289.6997912,5.8605072274804115,0.0007246341556310654
5,prefix_cache_routing_4ep_1.5b_hitrate,formal,1,1102,18.4 (Ubuntu 18.4-1.pgdg22.04+1),0.8.5,827,1102:request:300827,1102:batch:77,-1,False,endpoint-2:worker:0,0,668556,default,endpoint-2,1,completed,,1.7260217666625977,0.0016987323760986328,300827,1,838,688,28,1.7217349484562874,1785485283.9512386,1785485285.6729734,1785485283.9512823,1785485285.6719735,1785485285.6727004,1.7206913139671087,0.0007270108908414841
5,prefix_cache_routing_4ep_1.5b_hitrate,formal,1,1102,18.4 (Ubuntu 18.4-1.pgdg22.04+1),0.8.5,828,1102:request:300828,1102:batch:78,-1,False,endpoint-1:worker:0,0,668554,default,endpoint-1,0,completed,,5.883730411529541,0.0023429393768310547,300828,1,1156,769,189,5.8794746324419975,1785485283.978352,1785485289.8578262,1785485283.9784088,1785485289.856677,1785485289.857524,5.878268871456385,0.0008461363613605499
5,prefix_cache_routing_4ep_1.5b_hitrate,formal,1,1102,18.4 (Ubuntu 18.4-1.pgdg22.04+1),0.8.5,829,1102:request:300829,1102:batch:78,-1,False,endpoint-2:worker:0,0,668556,default,endpoint-2,1,completed,,5.78851056098938,0.002265453338623047,300829,1,412,127,193,5.782898528501391,1785485283.9804459,1785485289.7633443,1785485283.9804933,1785485289.7624626,1785485289.7632186,5.781969832256436,0.00075569748878479
5,prefix_cache_routing_4ep_1.5b_hitrate,formal,1,1102,18.4 (Ubuntu 18.4-1.pgdg22.04+1),0.8.5,830,1102:request:300830,1102:batch:78,-1,False,endpoint-0:worker:0,0,668553,default,endpoint-0,0,completed,,6.140283823013306,0.002069711685180664,300830,1,678,357,223,6.128782233223319,1785485283.981831,1785485290.110613,1785485283.9818761,1785485290.1095076,1785485290.1104546,6.127631265670061,0.0009469296783208847
5,prefix_cache_routing_4ep_1.5b_hitrate,formal,1,1102,18.4 (Ubuntu 18.4-1.pgdg22.04+1),0.8.5,831,1102:request:300831,1102:batch:78,-1,False,endpoint-3:worker:0,0,668555,default,endpoint-3,1,completed,,7.36456561088562,0.0016341209411621094,300831,1,1130,740,219,7.359944084659219,1785485283.984003,1785485291.343947,1785485283.984051,1785485291.3412535,1785485291.343622,7.357203897088766,0.002367289736866951
5,prefix_cache_routing_4ep_1.5b_hitrate,formal,1,1102,18.4 (Ubuntu 18.4-1.pgdg22.04+1),0.8.5,832,1102:request:300832,1102:batch:78,-1,False,endpoint-3:worker:0,0,668555,default,endpoint-3,1,completed,,7.760900497436523,0.0013234615325927734,300832,1,1365,936,217,7.7570368107408285,1785485283.9871786,1785485291.744215,1785485283.9872212,1785485291.742718,1785485291.743863,7.7554977145046,0.0011439640074968338
5,prefix_cache_routing_4ep_1.5b_hitrate,formal,1,1102,18.4 (Ubuntu 18.4-1.pgdg22.04+1),0.8.5,833,1102:request:300833,1102:batch:78,-1,False,endpoint-2:worker:0,0,668556,default,endpoint-2,1,completed,,5.778074026107788,0.0014483928680419922,300833,1,589,291,211,5.772570991888642,1785485283.9890087,1785485289.76158,1785485283.989053,1785485289.7593613,1785485289.7611184,5.770309602841735,0.0017561670392751694
5,prefix_cache_routing_4ep_1.5b_hitrate,formal,1,1102,18.4 (Ubuntu 18.4-1.pgdg22.04+1),0.8.5,834,1102:request:300834,1102:batch:78,-1,False,endpoint-3:worker:0,0,668555,default,endpoint-3,1,completed,,4.253482341766357,0.0011935234069824219,300834,1,502,366,52,4.250604003667831,1785485283.9914935,1785485288.2420971,1785485283.9915342,1785485288.2413383,1785485288.2419484,4.249804263934493,0.0006099715828895569
5,prefix_cache_routing_4ep_1.5b_hitrate,formal,1,1102,18.4 (Ubuntu 18.4-1.pgdg22.04+1),0.8.5,835,1102:request:300835,1102:batch:78,-1,False,endpoint-3:worker:0,0,668555,default,endpoint-3,1,completed,,8.640495300292969,0.0011754035949707031,300835,1,765,419,234,8.636836525052786,1785485283.9931676,1785485292.630004,1785485283.9932108,1785485292.628692,1785485292.6297612,8.635481972247362,0.0010683517903089523
5,prefix_cache_routing_4ep_1.5b_hitrate,formal,1,1102,18.4 (Ubuntu 18.4-1.pgdg22.04+1),0.8.5,836,1102:request:300836,1102:batch:78,-1,False,endpoint-3:worker:0,0,668555,default,endpoint-3,1,completed,,8.803988218307495,0.0016207695007324219,300836,1,944,573,191,8.80082149617374,1785485283.9960759,1785485292.796897,1785485283.9961185,1785485292.7956314,1785485292.79663,8.799513563513756,0.0009980853646993637
5,prefix_cache_routing_4ep_1.5b_hitrate,formal,1,1102,18.4 (Ubuntu 18.4-1.pgdg22.04+1),0.8.5,837,1102:request:300837,1102:batch:78,-1,False,endpoint-1:worker:0,0,668554,default,endpoint-1,0,completed,,5.880553245544434,0.0021886825561523438,300837,1,640,343,214,5.870527958497405,1785485284.022474,1785485289.8930016,1785485284.0225239,1785485289.8923564,1785485289.8928359,5.8698328118771315,0.00047906115651130676
5,prefix_cache_routing_4ep_1.5b_hitrate,formal,1,1102,18.4 (Ubuntu 18.4-1.pgdg22.04+1),0.8.5,838,1102:request:300838,1102:batch:78,-1,False,endpoint-1:worker:0,0,668554,default,endpoint-1,0,completed,,5.902135133743286,0.002285003662109375,300838,1,695,376,217,5.89683835208416,1785485284.0532784,1785485289.9501166,1785485284.0533183,1785485289.9490802,1785485289.949915,5.8957626316696405,0.0008340887725353241
5,prefix_cache_routing_4ep_1.5b_hitrate,formal,1,1102,18.4 (Ubuntu 18.4-1.pgdg22.04+1),0.8.5,839,1102:request:300839,1102:batch:79,-1,False,endpoint-1:worker:0,0,668554,default,endpoint-1,0,completed,,5.900377511978149,0.0017819404602050781,300839,1,807,472,135,5.895761765539646,1785485284.055313,1785485289.9510746,1785485284.055359,1785485289.9504495,1785485289.9508939,5.895090287551284,0.0004445146769285202
5,prefix_cache_routing_4ep_1.5b_hitrate,formal,1,1102,18.4 (Ubuntu 18.4-1.pgdg22.04+1),0.8.5,840,1102:request:300840,1102:batch:79,-1,False,endpoint-3:worker:0,0,668555,default,endpoint-3,1,completed,,8.845518350601196,0.0019125938415527344,300840,1,272,14,136,8.840794304385781,1785485284.0571702,1785485292.897964,1785485284.0572171,1785485292.8968859,1785485292.8978481,8.839669115841389,0.0009615439921617508
5,prefix_cache_routing_4ep_1.5b_hitrate,formal,1,1102,18.4 (Ubuntu 18.4-1.pgdg22.04+1),0.8.5,841,1102:request:300841,1102:batch:79,-1,False,endpoint-2:worker:0,0,668556,default,endpoint-2,1,completed,,5.749979019165039,0.0024902820587158203,300841,1,744,342,171,5.742096776142716,1785485284.1439993,1785485289.8860958,1785485284.1440527,1785485289.883884,1785485289.8855932,5.739832162857056,0.0017086248844861984
5,prefix_cache_routing_4ep_1.5b_hitrate,formal,1,1102,18.4 (Ubuntu 18.4-1.pgdg22.04+1),0.8.5,842,1102:request:300842,1102:batch:79,-1,False,endpoint-2:worker:0,0,668556,default,endpoint-2,1,completed,,5.751843690872192,0.002794027328491211,300842,1,1029,535,161,5.742474626749754,1785485284.146036,1785485289.8885105,1785485284.1460912,1785485289.8869474,1785485289.8882482,5.740856220945716,0.001300780102610588
5,prefix_cache_routing_4ep_1.5b_hitrate,formal,1,1102,18.4 (Ubuntu 18.4-1.pgdg22.04+1),0.8.5,843,1102:request:300843,1102:batch:79,-1,False,endpoint-1:worker:0,0,668554,default,endpoint-1,0,completed,,5.879374265670776,0.0025985240936279297,300843,1,1283,732,131,5.875191759318113,1785485284.1730871,1785485290.0482788,1785485284.1731262,1785485290.0473282,1785485290.047889,5.874202089384198,0.0005604662001132965
5,prefix_cache_routing_4ep_1.5b_hitrate,formal,1,1102,18.4 (Ubuntu 18.4-1.pgdg22.04+1),0.8.5,844,1102:request:300844,1102:batch:79,-1,False,endpoint-2:worker:0,0,668556,default,endpoint-2,1,completed,,3.763383150100708,0.0022013187408447266,300844,1,461,235,128,3.7575821951031685,1785485284.1744246,1785485287.9320064,1785485284.1744637,1785485287.9312491,1785485287.9318058,3.7567857019603252,0.0005563627928495407
5,prefix_cache_routing_4ep_1.5b_hitrate,formal,1,1102,18.4 (Ubuntu 18.4-1.pgdg22.04+1),0.8.5,845,1102:request:300845,1102:batch:79,-1,False,endpoint-1:worker:0,0,668554,default,endpoint-1,0,completed,,5.879456996917725,0.001766204833984375,300845,1,772,413,167,5.874679058790207,1785485284.2014701,1785485290.0761487,1785485284.201512,1785485290.075399,1785485290.0759075,5.87388676032424,0.0005085263401269913
5,prefix_cache_routing_4ep_1.5b_hitrate,formal,1,1102,18.4 (Ubuntu 18.4-1.pgdg22.04+1),0.8.5,846,1102:request:300846,1102:batch:79,-1,False,endpoint-0:worker:0,0,668553,default,endpoint-0,0,completed,,5.9023895263671875,0.002268552780151367,300846,1,984,598,217,5.8906377125531435,1785485284.2206767,1785485290.1113138,1785485284.2207234,1785485290.1098642,1785485290.1111214,5.889140432700515,0.001257268711924553
5,prefix_cache_routing_4ep_1.5b_hitrate,formal,1,1102,18.4 (Ubuntu 18.4-1.pgdg22.04+1),0.8.5,847,1102:request:300847,1102:batch:79,-1,False,endpoint-0:worker:0,0,668553,default,endpoint-0,0,completed,,5.879624128341675,0.0015325546264648438,300847,1,1113,706,228,5.8741666078567505,1785485284.2349727,1785485290.1091387,1785485284.2350116,1785485290.1077256,1785485290.1088195,5.872714135795832,0.0010931827127933502
5,prefix_cache_routing_4ep_1.5b_hitrate,formal,1,1102,18.4 (Ubuntu 18.4-1.pgdg22.04+1),0.8.5,848,1102:request:300848,1102:batch:79,-1,False,endpoint-0:worker:0,0,668553,default,endpoint-0,0,completed,,5.908648252487183,0.0015330314636230469,300848,1,939,593,189,5.889464410021901,1785485284.2373655,1785485290.1268299,1785485284.237409,1785485290.124799,1785485290.1265817,5.88738975673914,0.001782793551683426
5,prefix_cache_routing_4ep_1.5b_hitrate,formal,1,1102,18.4 (Ubuntu 18.4-1.pgdg22.04+1),0.8.5,849,1102:request:300849,1102:batch:80,-1,False,endpoint-1:worker:0,0,668554,default,endpoint-1,0,completed,,5.9265851974487305,0.002103090286254883,300849,1,1066,689,196,5.916474748402834,1785485284.2868323,1785485290.203307,1785485284.2868807,1785485290.202402,1785485290.2029998,5.91552154161036,0.0005971714854240417
5,prefix_cache_routing_4ep_1.5b_hitrate,formal,1,1102,18.4 (Ubuntu 18.4-1.pgdg22.04+1),0.8.5,850,1102:request:300850,1102:batch:80,-1,False,endpoint-0:worker:0,0,668553,default,endpoint-0,0,completed,,5.819309711456299,0.0017521381378173828,300850,1,864,527,197,5.812172364443541,1785485284.3123136,1785485290.1244857,1785485284.3123465,1785485290.1235604,1785485290.1242347,5.811214029788971,0.0006741490215063095
5,prefix_cache_routing_4ep_1.5b_hitrate,formal,1,1102,18.4 (Ubuntu 18.4-1.pgdg22.04+1),0.8.5,851,1102:request:300851,1102:batch:80,-1,False,endpoint-1:worker:0,0,668554,default,endpoint-1,0,completed,,5.8959009647369385,0.0021398067474365234,300851,1,374,83,205,5.889913456514478,1785485284.3144407,1785485290.2043536,1785485284.314528,1785485290.203707,1785485290.2042139,5.889178819954395,0.0005067791789770126
5,prefix_cache_routing_4ep_1.5b_hitrate,formal,1,1102,18.4 (Ubuntu 18.4-1.pgdg22.04+1),0.8.5,852,1102:request:300852,1102:batch:80,-1,False,endpoint-0:worker:0,0,668553,default,endpoint-0,0,completed,,5.836245536804199,0.0012640953063964844,300852,1,1094,702,209,5.81157348677516,1785485284.316122,1785485290.1276953,1785485284.3161614,1785485290.125143,1785485290.1274645,5.808981703594327,0.002321474254131317
5,prefix_cache_routing_4ep_1.5b_hitrate,formal,1,1102,18.4 (Ubuntu 18.4-1.pgdg22.04+1),0.8.5,853,1102:request:300853,1102:batch:80,-1,False,endpoint-0:worker:0,0,668553,default,endpoint-0,0,completed,,5.816545248031616,0.0014500617980957031,300853,1,860,542,196,5.810580942779779,1785485284.317916,1785485290.128497,1785485284.3179612,1785485290.1254847,1785485290.1283026,5.807523464784026,0.0028177928179502487
5,prefix_cache_routing_4ep_1.5b_hitrate,formal,1,1102,18.4 (Ubuntu 18.4-1.pgdg22.04+1),0.8.5,854,1102:request:300854,1102:batch:80,-1,False,endpoint-2:worker:0,0,668556,default,endpoint-2,1,completed,,5.768410921096802,0.0018799304962158203,300854,1,1025,688,201,5.764375753700733,1785485284.3317215,1785485290.0960968,1785485284.3317642,1785485290.0952067,1785485290.095786,5.763442484661937,0.0005790498107671738
5,prefix_cache_routing_4ep_1.5b_hitrate,formal,1,1102,18.4 (Ubuntu 18.4-1.pgdg22.04+1),0.8.5,855,1102:request:300855,1102:batch:80,-1,False,endpoint-0:worker:0,0,668553,default,endpoint-0,0,completed,,5.816106796264648,0.0017325878143310547,300855,1,1301,928,201,5.81106585636735,1785485284.3631706,1785485290.1742363,1785485284.3632019,1785485290.172446,1785485290.1735904,5.809244353324175,0.0011445302516222
5,prefix_cache_routing_4ep_1.5b_hitrate,formal,1,1102,18.4 (Ubuntu 18.4-1.pgdg22.04+1),0.8.5,856,1102:request:300856,1102:batch:80,-1,False,endpoint-2:worker:0,0,668556,default,endpoint-2,1,completed,,5.8506011962890625,0.0018525123596191406,300856,1,324,54,197,5.82448397949338,1785485284.3649719,1785485290.1894553,1785485284.365014,1785485290.1881773,1785485290.1892967,5.823163701221347,0.0011185500770807266
5,prefix_cache_routing_4ep_1.5b_hitrate,formal,1,1102,18.4 (Ubuntu 18.4-1.pgdg22.04+1),0.8.5,857,1102:request:300857,1102:batch:80,-1,False,endpoint-1:worker:0,0,668554,default,endpoint-1,0,completed,,5.911116361618042,0.0019283294677734375,300857,1,1059,646,206,5.902935275807977,1785485284.3666906,1785485290.2696254,1785485284.366732,1785485290.2689312,1785485290.2693944,5.902199095115066,0.00046346522867679596
5,prefix_cache_routing_4ep_1.5b_hitrate,formal,1,1102,18.4 (Ubuntu 18.4-1.pgdg22.04+1),0.8.5,858,1102:request:300858,1102:batch:81,-1,False,endpoint-0:worker:0,0,668553,default,endpoint-0,0,completed,,5.824547529220581,0.0012545585632324219,300858,1,1005,604,218,5.821057975292206,1785485284.368359,1785485290.189417,1785485284.3683937,1785485290.1886923,1785485290.1892068,5.820298442617059,0.0005145519971847534
5,prefix_cache_routing_4ep_1.5b_hitrate,formal,1,1102,18.4 (Ubuntu 18.4-1.pgdg22.04+1),0.8.5,859,1102:request:300859,1102:batch:81,-1,False,endpoint-2:worker:0,0,668556,default,endpoint-2,1,completed,,5.8315675258636475,0.0015647411346435547,300859,1,698,359,172,5.8204235676676035,1785485284.3702025,1785485290.190626,1785485284.3702474,1785485290.1897943,1785485290.1903627,5.81954643689096,0.0005685891956090927
5,prefix_cache_routing_4ep_1.5b_hitrate,formal,1,1102,18.4 (Ubuntu 18.4-1.pgdg22.04+1),0.8.5,860,1102:request:300860,1102:batch:81,-1,False,endpoint-0:worker:0,0,668553,default,endpoint-0,0,completed,,5.820448160171509,0.0017802715301513672,300860,1,357,69,199,5.8163775485008955,1785485284.37201,1785485290.1883862,1785485284.3721359,1785485290.1877692,1785485290.188261,5.815633196383715,0.0004920829087495804
5,prefix_cache_routing_4ep_1.5b_hitrate,formal,1,1102,18.4 (Ubuntu 18.4-1.pgdg22.04+1),0.8.5,861,1102:request:300861,1102:batch:81,-1,False,endpoint-0:worker:0,0,668553,default,endpoint-0,0,completed,,2.155893087387085,0.0020978450775146484,300861,1,931,722,49,2.1513164322823286,1785485284.4411771,1785485286.5924935,1785485284.44123,1785485286.5909476,1785485286.591959,2.149718102067709,0.0010109078139066696
5,prefix_cache_routing_4ep_1.5b_hitrate,formal,1,1102,18.4 (Ubuntu 18.4-1.pgdg22.04+1),0.8.5,862,1102:request:300862,1102:batch:81,-1,False,endpoint-3:worker:0,0,668555,default,endpoint-3,1,completed,,8.46355938911438,0.0022416114807128906,300862,1,253,3,191,8.454714223742485,1785485284.4442632,1785485292.898977,1785485284.444315,1785485292.8982944,1785485292.898881,8.453979616984725,0.0005864426493644714
5,prefix_cache_routing_4ep_1.5b_hitrate,formal,1,1102,18.4 (Ubuntu 18.4-1.pgdg22.04+1),0.8.5,863,1102:request:300863,1102:batch:81,-1,False,endpoint-3:worker:0,0,668555,default,endpoint-3,1,completed,,8.994026899337769,0.002629518508911133,300863,1,526,204,124,8.989821337163448,1785485284.4463933,1785485293.4362144,1785485284.446426,1785485293.4344118,1785485293.4359365,8.98798712901771,0.0015238802880048752
5,prefix_cache_routing_4ep_1.5b_hitrate,formal,1,1102,18.4 (Ubuntu 18.4-1.pgdg22.04+1),0.8.5,864,1102:request:300864,1102:batch:81,-1,False,endpoint-1:worker:0,0,668554,default,endpoint-1,0,completed,,5.880636692047119,0.001943826675415039,300864,1,829,429,143,5.877404350787401,1785485284.448425,1785485290.3258293,1785485284.4484675,1785485290.3241224,1785485290.325331,5.875655867159367,0.0012079160660505295
5,prefix_cache_routing_4ep_1.5b_hitrate,formal,1,1102,18.4 (Ubuntu 18.4-1.pgdg22.04+1),0.8.5,865,1102:request:300865,1102:batch:81,-1,False,endpoint-2:worker:0,0,668556,default,endpoint-2,1,completed,,5.80522084236145,0.0020780563354492188,300865,1,1154,665,185,5.800197180360556,1785485284.5171306,1785485290.317327,1785485284.5171735,1785485290.3149664,1785485290.3168612,5.797793669626117,0.0018938947468996048
5,prefix_cache_routing_4ep_1.5b_hitrate,formal,1,1102,18.4 (Ubuntu 18.4-1.pgdg22.04+1),0.8.5,866,1102:request:300866,1102:batch:81,-1,False,endpoint-2:worker:0,0,668556,default,endpoint-2,1,completed,,5.80513858795166,0.0016431808471679688,300866,1,1431,879,163,5.79916606657207,1785485284.5191863,1785485290.318352,1785485284.5192354,1785485290.3161573,1785485290.3179314,5.796921908855438,0.0017741955816745758
5,prefix_cache_routing_4ep_1.5b_hitrate,formal,1,1102,18.4 (Ubuntu 18.4-1.pgdg22.04+1),0.8.5,867,1102:request:300867,1102:batch:81,-1,False,endpoint-1:worker:0,0,668554,default,endpoint-1,0,completed,,5.892450332641602,0.0022995471954345703,300867,1,611,311,143,5.865248542279005,1785485284.5214765,1785485290.386725,1785485284.5215127,1785485290.3861537,1785485290.3865328,5.8646410051733255,0.000379074364900589
5,prefix_cache_routing_4ep_1.5b_hitrate,formal,1,1102,18.4 (Ubuntu 18.4-1.pgdg22.04+1),0.8.5,868,1102:request:300868,1102:batch:82,-1,False,endpoint-2:worker:0,0,668556,default,endpoint-2,1,completed,,5.816491603851318,0.0018739700317382812,300868,1,1006,588,156,5.805972555652261,1785485284.536342,1785485290.3423142,1785485284.5363925,1785485290.3394468,1785485290.3419926,5.803054424002767,0.0025457926094532013
5,prefix_cache_routing_4ep_1.5b_hitrate,formal,1,1102,18.4 (Ubuntu 18.4-1.pgdg22.04+1),0.8.5,869,1102:request:300869,1102:batch:82,-1,False,endpoint-2:worker:0,0,668556,default,endpoint-2,1,completed,,5.813258171081543,0.0021605491638183594,300869,1,273,16,193,5.800576593726873,1785485284.5383296,1785485290.338906,1785485284.538365,1785485290.3381228,1785485290.338705,5.7997579500079155,0.000582326203584671
5,prefix_cache_routing_4ep_1.5b_hitrate,formal,1,1102,18.4 (Ubuntu 18.4-1.pgdg22.04+1),0.8.5,870,1102:request:300870,1102:batch:82,-1,False,endpoint-2:worker:0,0,668556,default,endpoint-2,1,completed,,5.832861423492432,0.004557371139526367,300870,1,698,367,134,5.802013248205185,1785485284.543063,1785485290.345076,1785485284.5431323,1785485290.341398,1785485290.34491,5.798265729099512,0.0035115275532007217
5,prefix_cache_routing_4ep_1.5b_hitrate,formal,1,1102,18.4 (Ubuntu 18.4-1.pgdg22.04+1),0.8.5,871,1102:request:300871,1102:batch:82,-1,False,endpoint-2:worker:0,0,668556,default,endpoint-2,1,completed,,5.81481409072876,0.0037734508514404297,300871,1,1325,716,224,5.79913941770792,1785485284.545297,1785485290.3444357,1785485284.5453548,1785485290.340917,1785485290.3442016,5.795562153682113,0.003284405916929245
5,prefix_cache_routing_4ep_1.5b_hitrate,formal,1,1102,18.4 (Ubuntu 18.4-1.pgdg22.04+1),0.8.5,872,1102:request:300872,1102:batch:82,-1,False,endpoint-2:worker:0,0,668556,default,endpoint-2,1,completed,,5.813560724258423,0.0023260116577148438,300872,1,1633,977,149,5.796414863318205,1785485284.5473442,1785485290.3437588,1785485284.547396,1785485290.3404381,1785485290.3434253,5.793042195960879,0.002987198531627655
5,prefix_cache_routing_4ep_1.5b_hitrate,formal,1,1102,18.4 (Ubuntu 18.4-1.pgdg22.04+1),0.8.5,873,1102:request:300873,1102:batch:82,-1,False,endpoint-2:worker:0,0,668556,default,endpoint-2,1,completed,,5.806731939315796,0.0018155574798583984,300873,1,967,482,181,5.793796807527542,1785485284.549182,1785485290.3429787,1785485284.5492227,1785485290.3399694,1785485290.342763,5.790746254846454,0.0027936212718486786
5,prefix_cache_routing_4ep_1.5b_hitrate,formal,1,1102,18.4 (Ubuntu 18.4-1.pgdg22.04+1),0.8.5,874,1102:request:300874,1102:batch:82,-1,False,endpoint-2:worker:0,0,668556,default,endpoint-2,1,completed,,5.834001064300537,0.0052411556243896484,300874,1,263,5,210,5.806265711784363,1785485284.5542717,1785485290.360536,1785485284.5543356,1785485290.3590896,1785485290.3604338,5.804752990603447,0.0013442020863294601
5,prefix_cache_routing_4ep_1.5b_hitrate,formal,1,1102,18.4 (Ubuntu 18.4-1.pgdg22.04+1),0.8.5,875,1102:request:300875,1102:batch:82,-1,False,endpoint-0:worker:0,0,668553,default,endpoint-0,0,completed,,5.784919500350952,0.0018184185028076172,300875,1,800,450,161,5.775056879967451,1785485284.5822265,1785485290.357283,1785485284.58227,1785485290.3564968,1785485290.3570926,5.774226639419794,0.0005956441164016724
5,prefix_cache_routing_4ep_1.5b_hitrate,formal,1,1102,18.4 (Ubuntu 18.4-1.pgdg22.04+1),0.8.5,876,1102:request:300876,1102:batch:83,-1,False,endpoint-2:worker:0,0,668556,default,endpoint-2,1,completed,,5.803431749343872,0.0019021034240722656,300876,1,1462,747,108,5.772478297352791,1785485284.5862973,1785485290.3587754,1785485284.5863347,1785485290.3570323,1785485290.358435,5.77069728076458,0.0014026034623384476
5,prefix_cache_routing_4ep_1.5b_hitrate,formal,1,1102,18.4 (Ubuntu 18.4-1.pgdg22.04+1),0.8.5,877,1102:request:300877,1102:batch:83,-1,False,endpoint-2:worker:0,0,668556,default,endpoint-2,1,completed,,5.846096038818359,0.0013418197631835938,300877,1,1059,325,113,5.772964473813772,1785485284.589081,1785485290.3620453,1785485284.5891228,1785485290.3597794,1785485290.3618543,5.7706564124673605,0.0020748116075992584
5,prefix_cache_routing_4ep_1.5b_hitrate,formal,1,1102,18.4 (Ubuntu 18.4-1.pgdg22.04+1),0.8.5,878,1102:request:300878,1102:batch:83,-1,False,endpoint-1:worker:0,0,668554,default,endpoint-1,0,completed,,5.8574059009552,0.0016460418701171875,300878,1,1550,525,128,5.852979004383087,1785485284.5941567,1785485290.4471354,1785485284.594204,1785485290.4463825,1785485290.4468105,5.852178825065494,0.00042751431465148926
5,prefix_cache_routing_4ep_1.5b_hitrate,formal,1,1102,18.4 (Ubuntu 18.4-1.pgdg22.04+1),0.8.5,879,1102:request:300879,1102:batch:83,-1,False,endpoint-2:worker:0,0,668556,default,endpoint-2,1,completed,,5.7869250774383545,0.0013816356658935547,300879,1,1145,368,114,5.763242833316326,1785485284.5980551,1785485290.3612976,1785485284.5981,1785485290.359453,1785485290.361083,5.761353055015206,0.001629924401640892
5,prefix_cache_routing_4ep_1.5b_hitrate,formal,1,1102,18.4 (Ubuntu 18.4-1.pgdg22.04+1),0.8.5,880,1102:request:300880,1102:batch:83,-1,False,endpoint-1:worker:0,0,668554,default,endpoint-1,0,completed,,5.853062629699707,0.0015892982482910156,300880,1,1582,492,101,5.845948623493314,1785485284.6021924,1785485290.4481409,1785485284.6022446,1785485290.4474888,1785485290.4478858,5.845244185999036,0.0003968719393014908
5,prefix_cache_routing_4ep_1.5b_hitrate,formal,1,1102,18.4 (Ubuntu 18.4-1.pgdg22.04+1),0.8.5,881,1102:request:300881,1102:batch:83,-1,False,endpoint-0:worker:0,0,668553,default,endpoint-0,0,completed,,5.780138254165649,0.0018961429595947266,300881,1,1076,339,96,5.751929439604282,1785485284.6042073,1785485290.356136,1785485284.6042595,1785485290.3552258,1785485290.3558729,5.75096645578742,0.0006465408951044083
5,prefix_cache_routing_4ep_1.5b_hitrate,formal,1,1102,18.4 (Ubuntu 18.4-1.pgdg22.04+1),0.8.5,882,1102:request:300882,1102:batch:84,-1,False,endpoint-2:worker:0,0,668556,default,endpoint-2,1,completed,,5.817609071731567,0.0015666484832763672,300882,1,1597,496,146,5.778501592576504,1785485284.609951,1785485290.3884525,1785485284.6100044,1785485290.380903,1785485290.388051,5.770898327231407,0.007148001343011856
5,prefix_cache_routing_4ep_1.5b_hitrate,formal,1,1102,18.4 (Ubuntu 18.4-1.pgdg22.04+1),0.8.5,883,1102:request:300883,1102:batch:84,-1,False,endpoint-2:worker:0,0,668556,default,endpoint-2,1,completed,,5.813255310058594,0.0021576881408691406,300883,1,290,29,199,5.773857396095991,1785485284.612245,1785485290.3861022,1785485284.6122808,1785485290.3800077,1785485290.3859484,5.767726920545101,0.005940573289990425
5,prefix_cache_routing_4ep_1.5b_hitrate,formal,1,1102,18.4 (Ubuntu 18.4-1.pgdg22.04+1),0.8.5,884,1102:request:300884,1102:batch:84,-1,False,endpoint-1:worker:0,0,668554,default,endpoint-1,0,completed,,5.871210098266602,0.0018382072448730469,300884,1,605,292,222,5.854451987892389,1785485284.6135244,1785485290.467976,1785485284.6135883,1785485290.4672792,1785485290.4677403,5.853691015392542,0.0004611145704984665
5,prefix_cache_routing_4ep_1.5b_hitrate,formal,1,1102,18.4 (Ubuntu 18.4-1.pgdg22.04+1),0.8.5,885,1102:request:300885,1102:batch:84,-1,False,endpoint-2:worker:0,0,668556,default,endpoint-2,1,completed,,5.779377222061157,0.0013165473937988281,300885,1,921,551,215,5.77073746919632,1785485284.6164372,1785485290.3871746,1785485284.6164901,1785485290.3804705,1785485290.3868775,5.763980420306325,0.006406845524907112
5,prefix_cache_routing_4ep_1.5b_hitrate,formal,1,1102,18.4 (Ubuntu 18.4-1.pgdg22.04+1),0.8.5,886,1102:request:300886,1102:batch:84,-1,False,endpoint-2:worker:0,0,668556,default,endpoint-2,1,completed,,5.2681779861450195,0.0016911029815673828,300886,1,1202,800,159,5.245580032467842,1785485284.643729,1785485289.8893087,1785485284.6437676,1785485289.8875906,1785485289.8890724,5.2438228614628315,0.001481868326663971
5,prefix_cache_routing_4ep_1.5b_hitrate,formal,1,1102,18.4 (Ubuntu 18.4-1.pgdg22.04+1),0.8.5,887,1102:request:300887,1102:batch:84,-1,False,endpoint-0:worker:0,0,668553,default,endpoint-0,0,completed,,5.735261678695679,0.0017399787902832031,300887,1,300,39,201,5.72666029073298,1785485284.6462994,1785485290.372959,1785485284.646347,1785485290.3718855,1785485290.3728309,5.725538345053792,0.0009454693645238876
5,prefix_cache_routing_4ep_1.5b_hitrate,formal,1,1102,18.4 (Ubuntu 18.4-1.pgdg22.04+1),0.8.5,888,1102:request:300888,1102:batch:84,-1,False,endpoint-2:worker:0,0,668556,default,endpoint-2,1,completed,,4.245831489562988,0.001451253890991211,300888,1,212,13,165,4.242721576243639,1785485284.6477485,1785485288.8904696,1785485284.6477895,1785485288.889609,1785485288.8903325,4.2418204843997955,0.0007222387939691544
5,prefix_cache_routing_4ep_1.5b_hitrate,formal,1,1102,18.4 (Ubuntu 18.4-1.pgdg22.04+1),0.8.5,889,1102:request:300889,1102:batch:84,-1,False,endpoint-3:worker:0,0,668555,default,endpoint-3,1,completed,,9.095746040344238,0.0032508373260498047,300889,1,440,133,196,9.09002628736198,1785485284.6512926,1785485293.7413185,1785485284.651361,1785485293.7398624,1785485293.741162,9.088501952588558,0.0012988913804292679
5,prefix_cache_routing_4ep_1.5b_hitrate,formal,1,1102,18.4 (Ubuntu 18.4-1.pgdg22.04+1),0.8.5,890,1102:request:300890,1102:batch:84,-1,False,endpoint-3:worker:0,0,668555,default,endpoint-3,1,completed,,9.104875802993774,0.0040285587310791016,300890,1,328,51,168,9.097749164327979,1785485284.653813,1785485293.7515624,1785485284.653846,1785485293.750567,1785485293.7514014,9.096721107140183,0.0008343830704689026
5,prefix_cache_routing_4ep_1.5b_hitrate,formal,1,1102,18.4 (Ubuntu 18.4-1.pgdg22.04+1),0.8.5,891,1102:request:300891,1102:batch:84,-1,False,endpoint-0:worker:0,0,668553,default,endpoint-0,0,completed,,5.723222732543945,0.0019402503967285156,300891,1,1112,518,208,5.7175683956593275,1785485284.6560926,1785485290.3736606,1785485284.656139,1785485290.3722355,1785485290.3734448,5.716096336022019,0.0012091808021068573
5,prefix_cache_routing_4ep_1.5b_hitrate,formal,1,1102,18.4 (Ubuntu 18.4-1.pgdg22.04+1),0.8.5,892,1102:request:300892,1102:batch:85,-1,False,endpoint-1:worker:0,0,668554,default,endpoint-1,0,completed,,4.240920066833496,0.0018429756164550781,300892,1,1314,740,150,4.237737260758877,1785485284.6595213,1785485288.8972583,1785485284.6595824,1785485288.8959823,1785485288.8969545,4.236400095745921,0.0009717755019664764
5,prefix_cache_routing_4ep_1.5b_hitrate,formal,1,1102,18.4 (Ubuntu 18.4-1.pgdg22.04+1),0.8.5,893,1102:request:300893,1102:batch:85,-1,False,endpoint-0:worker:0,0,668553,default,endpoint-0,0,completed,,5.7546563148498535,0.0014104843139648438,300893,1,959,459,150,5.710434513166547,1785485284.6611369,1785485290.3715713,1785485284.661172,1785485290.3704848,1785485290.371315,5.709312712773681,0.0008301641792058945
5,prefix_cache_routing_4ep_1.5b_hitrate,formal,1,1102,18.4 (Ubuntu 18.4-1.pgdg22.04+1),0.8.5,894,1102:request:300894,1102:batch:85,-1,False,endpoint-2:worker:0,0,668556,default,endpoint-2,1,completed,,5.740118026733398,0.0014050006866455078,300894,1,1029,505,169,5.720167722553015,1785485284.6638367,1785485290.384004,1785485284.6638741,1785485290.379109,1785485290.3836899,5.715234784409404,0.004581136628985405
5,prefix_cache_routing_4ep_1.5b_hitrate,formal,1,1102,18.4 (Ubuntu 18.4-1.pgdg22.04+1),0.8.5,895,1102:request:300895,1102:batch:85,-1,False,endpoint-2:worker:0,0,668556,default,endpoint-2,1,completed,,5.734262943267822,0.0014069080352783203,300895,1,1233,621,132,5.718887936323881,1785485284.6662493,1785485290.3851368,1785485284.6662881,1785485290.3795438,1785485290.3847961,5.713255727663636,0.005252275615930557
5,prefix_cache_routing_4ep_1.5b_hitrate,formal,1,1102,18.4 (Ubuntu 18.4-1.pgdg22.04+1),0.8.5,896,1102:request:300896,1102:batch:85,-1,False,endpoint-2:worker:0,0,668556,default,endpoint-2,1,completed,,5.739497661590576,0.0016965866088867188,300896,1,748,417,166,5.712649239227176,1785485284.6692724,1785485290.3819213,1785485284.6693113,1785485290.37825,1785485290.3816986,5.708938676863909,0.0034485235810279846
5,prefix_cache_routing_4ep_1.5b_hitrate,formal,1,1102,18.4 (Ubuntu 18.4-1.pgdg22.04+1),0.8.5,897,1102:request:300897,1102:batch:85,-1,False,endpoint-1:worker:0,0,668554,default,endpoint-1,0,completed,,5.846282720565796,0.0015876293182373047,300897,1,1402,843,192,5.832345487549901,1785485284.6716247,1785485290.5039701,1785485284.6716728,1785485290.5033464,1785485290.503707,5.8316736947745085,0.00036025047302246094
5,prefix_cache_routing_4ep_1.5b_hitrate,formal,1,1102,18.4 (Ubuntu 18.4-1.pgdg22.04+1),0.8.5,898,1102:request:300898,1102:batch:85,-1,False,endpoint-2:worker:0,0,668556,default,endpoint-2,1,completed,,5.721325159072876,0.0014514923095703125,300898,1,582,281,179,5.703991500660777,1785485284.6739426,1785485290.377934,1785485284.673984,1785485290.3771822,1785485290.377759,5.703198295086622,0.0005765333771705627
5,prefix_cache_routing_4ep_1.5b_hitrate,formal,1,1102,18.4 (Ubuntu 18.4-1.pgdg22.04+1),0.8.5,899,1102:request:300899,1102:batch:85,-1,False,endpoint-1:worker:0,0,668554,default,endpoint-1,0,completed,,5.8304808139801025,0.0013837814331054688,300899,1,1024,648,144,5.826711423695087,1785485284.676314,1785485290.5030253,1785485284.6763508,1785485290.502387,1785485290.5027688,5.8260364308953285,0.0003813747316598892
5,prefix_cache_routing_4ep_1.5b_hitrate,formal,1,1102,18.4 (Ubuntu 18.4-1.pgdg22.04+1),0.8.5,900,1102:request:300900,1102:batch:86,-1,False,endpoint-2:worker:0,0,668556,default,endpoint-2,1,completed,,5.738756418228149,0.0015687942504882812,300900,1,1306,893,208,5.703387964516878,1785485284.6795738,1785485290.3829618,1785485284.6796184,1785485290.378669,1785485290.3825727,5.699050707742572,0.0039035025984048843
5,prefix_cache_routing_4ep_1.5b_hitrate,formal,1,1102,18.4 (Ubuntu 18.4-1.pgdg22.04+1),0.8.5,901,1102:request:300901,1102:batch:86,-1,False,endpoint-0:worker:0,0,668553,default,endpoint-0,0,completed,,5.742102861404419,0.001857757568359375,300901,1,695,244,152,5.7065748777240515,1785485284.7466478,1785485290.453222,1785485284.7466874,1785485290.4510884,1785485290.453052,5.704400699585676,0.0019635260105133057
5,prefix_cache_routing_4ep_1.5b_hitrate,formal,1,1102,18.4 (Ubuntu 18.4-1.pgdg22.04+1),0.8.5,902,1102:request:300902,1102:batch:86,-1,False,endpoint-0:worker:0,0,668553,default,endpoint-0,0,completed,,5.715063095092773,0.001390218734741211,300902,1,1001,456,123,5.7006499376147985,1785485284.7487516,1785485290.449402,1785485284.7487893,1785485290.447632,1785485290.448787,5.698843402788043,0.0011546630412340164
5,prefix_cache_routing_4ep_1.5b_hitrate,formal,1,1102,18.4 (Ubuntu 18.4-1.pgdg22.04+1),0.8.5,903,1102:request:300903,1102:batch:86,-1,False,endpoint-0:worker:0,0,668553,default,endpoint-0,0,completed,,5.721408843994141,0.0015690326690673828,300903,1,1424,789,204,5.700364146381617,1785485284.7535214,1785485290.453885,1785485284.7535553,1785485290.4514318,1785485290.4536176,5.6978763323277235,0.002186175435781479
5,prefix_cache_routing_4ep_1.5b_hitrate,formal,1,1102,18.4 (Ubuntu 18.4-1.pgdg22.04+1),0.8.5,904,1102:request:300904,1102:batch:86,-1,False,endpoint-0:worker:0,0,668553,default,endpoint-0,0,completed,,5.730515718460083,0.0014348030090332031,300904,1,659,331,153,5.697407979518175,1785485284.7552683,1785485290.452676,1785485284.7553005,1785485290.45021,1785485290.452514,5.694909729063511,0.0023035425692796707
5,prefix_cache_routing_4ep_1.5b_hitrate,formal,1,1102,18.4 (Ubuntu 18.4-1.pgdg22.04+1),0.8.5,905,1102:request:300905,1102:batch:86,-1,False,endpoint-0:worker:0,0,668553,default,endpoint-0,0,completed,,5.7051801681518555,0.0019741058349609375,300905,1,958,566,226,5.696084558963776,1785485284.7584007,1785485290.454485,1785485284.758437,1785485290.4517338,1785485290.454298,5.693296976387501,0.002564314752817154
5,prefix_cache_routing_4ep_1.5b_hitrate,formal,1,1102,18.4 (Ubuntu 18.4-1.pgdg22.04+1),0.8.5,906,1102:request:300906,1102:batch:86,-1,False,endpoint-2:worker:0,0,668556,default,endpoint-2,1,completed,,5.658807754516602,0.0017344951629638672,300906,1,1359,884,216,5.654669960960746,1785485284.78216,1785485290.4368298,1785485284.7822015,1785485290.4361053,1785485290.4364777,5.653903666883707,0.00037229061126708984
5,prefix_cache_routing_4ep_1.5b_hitrate,formal,1,1102,18.4 (Ubuntu 18.4-1.pgdg22.04+1),0.8.5,907,1102:request:300907,1102:batch:86,-1,False,endpoint-0:worker:0,0,668553,default,endpoint-0,0,completed,,5.70137619972229,0.002185344696044922,300907,1,526,221,183,5.670603832229972,1785485284.7844503,1785485290.4550533,1785485284.7845287,1785485290.4520574,1785485290.4549184,5.667528588324785,0.0028608664870262146
5,prefix_cache_routing_4ep_1.5b_hitrate,formal,1,1102,18.4 (Ubuntu 18.4-1.pgdg22.04+1),0.8.5,908,1102:request:300908,1102:batch:87,-1,False,endpoint-2:worker:0,0,668556,default,endpoint-2,1,completed,,5.658424377441406,0.0014464855194091797,300908,1,741,391,209,5.650844706222415,1785485284.786893,1785485290.4377372,1785485284.7869356,1785485290.437166,1785485290.4375646,5.650230472907424,0.00039851851761341095
5,prefix_cache_routing_4ep_1.5b_hitrate,formal,1,1102,18.4 (Ubuntu 18.4-1.pgdg22.04+1),0.8.5,909,1102:request:300909,1102:batch:87,-1,False,endpoint-0:worker:0,0,668553,default,endpoint-0,0,completed,,5.357051372528076,0.0015010833740234375,300909,1,937,566,219,5.350066818296909,1785485284.8255005,1785485290.1755672,1785485284.8255312,1785485290.174819,1785485290.1753566,5.349287794902921,0.000537654384970665
5,prefix_cache_routing_4ep_1.5b_hitrate,formal,1,1102,18.4 (Ubuntu 18.4-1.pgdg22.04+1),0.8.5,910,1102:request:300910,1102:batch:87,-1,False,endpoint-0:worker:0,0,668553,default,endpoint-0,0,completed,,5.642197608947754,0.0012202262878417969,300910,1,1237,807,202,5.635828357189894,1785485284.8277097,1785485290.4635377,1785485284.8277473,1785485290.4625394,1785485290.4632683,5.634791996330023,0.0007287915796041489
5,prefix_cache_routing_4ep_1.5b_hitrate,formal,1,1102,18.4 (Ubuntu 18.4-1.pgdg22.04+1),0.8.5,911,1102:request:300911,1102:batch:87,-1,False,endpoint-1:worker:0,0,668554,default,endpoint-1,0,completed,,5.772301435470581,0.002084016799926758,300911,1,1357,877,223,5.765740245580673,1785485284.8325384,1785485290.598278,1785485284.8325973,1785485290.5972388,1785485290.597992,5.764641592279077,0.0007530078291893005
5,prefix_cache_routing_4ep_1.5b_hitrate,formal,1,1102,18.4 (Ubuntu 18.4-1.pgdg22.04+1),0.8.5,912,1102:request:300912,1102:batch:87,-1,False,endpoint-2:worker:0,0,668556,default,endpoint-2,1,completed,,4.320392847061157,0.0018856525421142578,300912,1,223,12,168,4.316668268293142,1785485284.8340743,1785485289.1507423,1785485284.834116,1785485289.1499345,1785485289.1506047,4.31581942178309,0.0006694607436656952
5,prefix_cache_routing_4ep_1.5b_hitrate,formal,1,1102,18.4 (Ubuntu 18.4-1.pgdg22.04+1),0.8.5,913,1102:request:300913,1102:batch:87,-1,False,endpoint-1:worker:0,0,668554,default,endpoint-1,0,completed,,4.823371410369873,0.001413583755493164,300913,1,596,308,191,4.81965515576303,1785485284.835294,1785485289.6549494,1785485284.8353298,1785485289.653508,1785485289.6545212,4.818178867921233,0.0010129529982805252
5,prefix_cache_routing_4ep_1.5b_hitrate,formal,1,1102,18.4 (Ubuntu 18.4-1.pgdg22.04+1),0.8.5,914,1102:request:300914,1102:batch:87,-1,False,endpoint-1:worker:0,0,668554,default,endpoint-1,0,completed,,5.767064332962036,0.0013310909271240234,300914,1,1276,834,218,5.759476689621806,1785485284.8393683,1785485290.598845,1785485284.8394163,1785485290.5976145,1785485290.5985844,5.758198404684663,0.0009696111083030701
5,prefix_cache_routing_4ep_1.5b_hitrate,formal,1,1102,18.4 (Ubuntu 18.4-1.pgdg22.04+1),0.8.5,915,1102:request:300915,1102:batch:87,-1,False,endpoint-1:worker:0,0,668554,default,endpoint-1,0,completed,,5.75972580909729,0.0014290809631347656,300915,1,1100,606,182,5.7548032980412245,1785485284.8420346,1785485290.596838,1785485284.8420706,1785485290.596042,1785485290.5965207,5.753971667960286,0.00047837570309638977
5,prefix_cache_routing_4ep_1.5b_hitrate,formal,1,1102,18.4 (Ubuntu 18.4-1.pgdg22.04+1),0.8.5,916,1102:request:300916,1102:batch:88,-1,False,endpoint-0:worker:0,0,668553,default,endpoint-0,0,completed,,5.632991313934326,0.0021538734436035156,300916,1,1514,925,189,5.616683602333069,1785485284.8452373,1785485290.4619205,1785485284.8453171,1785485290.4596264,1785485290.4611382,5.614309944212437,0.0015108194202184677
5,prefix_cache_routing_4ep_1.5b_hitrate,formal,1,1102,18.4 (Ubuntu 18.4-1.pgdg22.04+1),0.8.5,917,1102:request:300917,1102:batch:88,-1,False,endpoint-0:worker:0,0,668553,default,endpoint-0,0,completed,,5.666117191314697,0.0017962455749511719,300917,1,1065,670,214,5.6503809578716755,1785485284.91936,1785485290.5697403,1785485284.9194155,1785485290.568078,1785485290.5695047,5.648662330582738,0.0014265477657318115
5,prefix_cache_routing_4ep_1.5b_hitrate,formal,1,1102,18.4 (Ubuntu 18.4-1.pgdg22.04+1),0.8.5,918,1102:request:300918,1102:batch:88,-1,False,endpoint-2:worker:0,0,668556,default,endpoint-2,1,completed,,5.591936349868774,0.0018537044525146484,300918,1,957,575,208,5.581944247707725,1785485284.9238253,1785485290.505769,1785485284.923864,1785485290.502915,1785485290.5055568,5.5790507681667805,0.0026418883353471756
5,prefix_cache_routing_4ep_1.5b_hitrate,formal,1,1102,18.4 (Ubuntu 18.4-1.pgdg22.04+1),0.8.5,919,1102:request:300919,1102:batch:88,-1,False,endpoint-2:worker:0,0,668556,default,endpoint-2,1,completed,,5.582359313964844,0.0015528202056884766,300919,1,1297,858,198,5.575742222368717,1785485284.9282377,1785485290.5039794,1785485284.9282827,1785485290.5016112,1785485290.5036244,5.573328774422407,0.002013113349676132
5,prefix_cache_routing_4ep_1.5b_hitrate,formal,1,1102,18.4 (Ubuntu 18.4-1.pgdg22.04+1),0.8.5,920,1102:request:300920,1102:batch:88,-1,False,endpoint-0:worker:0,0,668553,default,endpoint-0,0,completed,,5.651158094406128,0.0017461776733398438,300920,1,995,577,201,5.638936860486865,1785485284.9302511,1785485290.5691876,1785485284.9303014,1785485290.567747,1785485290.5689597,5.637445518746972,0.0012125205248594284
5,prefix_cache_routing_4ep_1.5b_hitrate,formal,1,1102,18.4 (Ubuntu 18.4-1.pgdg22.04+1),0.8.5,921,1102:request:300921,1102:batch:88,-1,False,endpoint-0:worker:0,0,668553,default,endpoint-0,0,completed,,5.655096769332886,0.002336263656616211,300921,1,745,348,196,5.635419262573123,1785485284.9332304,1785485290.5686493,1785485284.933287,1785485290.5673656,1785485290.5684602,5.634078543633223,0.001094641163945198
5,prefix_cache_routing_4ep_1.5b_hitrate,formal,1,1102,18.4 (Ubuntu 18.4-1.pgdg22.04+1),0.8.5,922,1102:request:300922,1102:batch:88,-1,False,endpoint-2:worker:0,0,668556,default,endpoint-2,1,completed,,5.586159944534302,0.0013704299926757812,300922,1,1233,695,180,5.570039793848991,1785485284.93632,1785485290.5063593,1785485284.9363692,1785485290.5032163,1785485290.5061297,5.566847153007984,0.002913380041718483
5,prefix_cache_routing_4ep_1.5b_hitrate,formal,1,1102,18.4 (Ubuntu 18.4-1.pgdg22.04+1),0.8.5,923,1102:request:300923,1102:batch:88,-1,False,endpoint-2:worker:0,0,668556,default,endpoint-2,1,completed,,5.571571588516235,0.0015912055969238281,300923,1,275,14,194,5.562935968860984,1785485284.9383266,1785485290.5012624,1785485284.9383676,1785485290.500655,1785485290.501132,5.562287634238601,0.00047699175775051117
5,prefix_cache_routing_4ep_1.5b_hitrate,formal,1,1102,18.4 (Ubuntu 18.4-1.pgdg22.04+1),0.8.5,924,1102:request:300924,1102:batch:89,-1,False,endpoint-2:worker:0,0,668556,default,endpoint-2,1,completed,,0.39309096336364746,0.002710580825805664,300924,1,375,289,1,0.38692587800323963,1785485284.941092,1785485285.3280177,1785485284.9411416,1785485285.3271801,1785485285.3278472,0.3860389869660139,0.0006667505949735641
5,prefix_cache_routing_4ep_1.5b_hitrate,formal,1,1102,18.4 (Ubuntu 18.4-1.pgdg22.04+1),0.8.5,925,1102:request:300925,1102:batch:89,-1,False,endpoint-1:worker:0,0,668554,default,endpoint-1,0,completed,,5.331717014312744,0.0037734508514404297,300925,1,258,10,201,5.324675597250462,1785485284.9437826,1785485290.268458,1785485284.9438696,1785485290.2670057,1785485290.2681797,5.323136482387781,0.0011734385043382645
5,prefix_cache_routing_4ep_1.5b_hitrate,formal,1,1102,18.4 (Ubuntu 18.4-1.pgdg22.04+1),0.8.5,926,1102:request:300926,1102:batch:89,-1,False,endpoint-0:worker:0,0,668553,default,endpoint-0,0,completed,,5.629590034484863,0.0015568733215332031,300926,1,909,528,149,5.623081726953387,1785485284.943926,1785485290.5670075,1785485284.9439728,1785485290.5655894,1785485290.5666013,5.621616959571838,0.001011475920677185
5,prefix_cache_routing_4ep_1.5b_hitrate,formal,1,1102,18.4 (Ubuntu 18.4-1.pgdg22.04+1),0.8.5,927,1102:request:300927,1102:batch:89,-1,False,endpoint-2:worker:0,0,668556,default,endpoint-2,1,completed,,5.583942413330078,0.0013499259948730469,300927,1,353,72,175,5.558887951076031,1785485284.946336,1785485290.5052238,1785485284.9463758,1785485290.5026004,1785485290.5051155,5.556224478408694,0.0025150831788778305
5,prefix_cache_routing_4ep_1.5b_hitrate,formal,1,1102,18.4 (Ubuntu 18.4-1.pgdg22.04+1),0.8.5,928,1102:request:300928,1102:batch:89,-1,False,endpoint-2:worker:0,0,668556,default,endpoint-2,1,completed,,5.573726177215576,0.0015935897827148438,300928,1,289,31,191,5.556543916463852,1785485284.9482653,1785485290.504809,1785485284.9483044,1785485290.5022817,1785485290.504705,5.553977236151695,0.002423180267214775
5,prefix_cache_routing_4ep_1.5b_hitrate,formal,1,1102,18.4 (Ubuntu 18.4-1.pgdg22.04+1),0.8.5,929,1102:request:300929,1102:batch:89,-1,False,endpoint-2:worker:0,0,668556,default,endpoint-2,1,completed,,5.578254222869873,0.0017163753509521484,300929,1,626,331,135,5.554318316280842,1785485284.9501026,1785485290.5044203,1785485284.9501474,1785485290.501962,1785485290.5042715,5.551814403384924,0.0023097191005945206
5,prefix_cache_routing_4ep_1.5b_hitrate,formal,1,1102,18.4 (Ubuntu 18.4-1.pgdg22.04+1),0.8.5,930,1102:request:300930,1102:batch:89,-1,False,endpoint-1:worker:0,0,668554,default,endpoint-1,0,completed,,5.784605503082275,0.0029582977294921875,300930,1,1303,738,150,5.704152626916766,1785485285.0230498,1785485290.727202,1785485285.0230885,1785485290.723342,1785485290.7269542,5.700253484770656,0.003612155094742775
5,prefix_cache_routing_4ep_1.5b_hitrate,formal,1,1102,18.4 (Ubuntu 18.4-1.pgdg22.04+1),0.8.5,931,1102:request:300931,1102:batch:89,-1,False,endpoint-1:worker:0,0,668554,default,endpoint-1,0,completed,,5.807891368865967,0.002281665802001953,300931,1,983,391,152,5.702403651550412,1785485285.0253048,1785485290.7277083,1785485285.0253487,1785485290.7237003,1785485290.7275064,5.69835170917213,0.0038063321262598038
5,prefix_cache_routing_4ep_1.5b_hitrate,formal,1,1102,18.4 (Ubuntu 18.4-1.pgdg22.04+1),0.8.5,932,1102:request:300932,1102:batch:89,-1,False,endpoint-3:worker:0,0,668555,default,endpoint-3,1,completed,,8.929521083831787,0.0017993450164794922,300932,1,787,354,126,8.907505558803678,1785485285.0267122,1785485293.9342172,1785485285.026758,1785485293.9317112,1785485293.9339893,8.904953464865685,0.0022780392318964005
5,prefix_cache_routing_4ep_1.5b_hitrate,formal,1,1102,18.4 (Ubuntu 18.4-1.pgdg22.04+1),0.8.5,933,1102:request:300933,1102:batch:89,-1,False,endpoint-1:worker:0,0,668554,default,endpoint-1,0,completed,,5.779156923294067,0.0011622905731201172,300933,1,1293,715,126,5.702638912945986,1785485285.0297751,1785485290.7324138,1785485285.0298116,1785485290.726066,1785485290.732191,5.696254352107644,0.006124807521700859
5,prefix_cache_routing_4ep_1.5b_hitrate,formal,1,1102,18.4 (Ubuntu 18.4-1.pgdg22.04+1),0.8.5,934,1102:request:300934,1102:batch:90,-1,False,endpoint-1:worker:0,0,668554,default,endpoint-1,0,completed,,5.787135362625122,0.0016257762908935547,300934,1,825,369,177,5.694895353168249,1785485285.0317671,1785485290.7266624,1785485285.0318077,1785485290.7229679,1785485290.7264383,5.691160185262561,0.0034704580903053284
5,prefix_cache_routing_4ep_1.5b_hitrate,formal,1,1102,18.4 (Ubuntu 18.4-1.pgdg22.04+1),0.8.5,935,1102:request:300935,1102:batch:90,-1,False,endpoint-1:worker:0,0,668554,default,endpoint-1,0,completed,,5.700955629348755,0.0014901161193847656,300935,1,1365,787,118,5.686818325892091,1785485285.0353496,1785485290.7221682,1785485285.0353994,1785485290.720356,1785485290.7214115,5.684957483783364,0.0010550282895565033
5,prefix_cache_routing_4ep_1.5b_hitrate,formal,1,1102,18.4 (Ubuntu 18.4-1.pgdg22.04+1),0.8.5,936,1102:request:300936,1102:batch:90,-1,False,endpoint-1:worker:0,0,668554,default,endpoint-1,0,completed,,5.705117464065552,0.0010886192321777344,300936,1,741,279,128,5.690221566706896,1785485285.0379589,1785485290.7281804,1785485285.0379944,1785485290.7240157,1785485290.7280288,5.6860211081802845,0.0040131546556949615
5,prefix_cache_routing_4ep_1.5b_hitrate,formal,1,1102,18.4 (Ubuntu 18.4-1.pgdg22.04+1),0.8.5,937,1102:request:300937,1102:batch:90,-1,False,endpoint-0:worker:0,0,668553,default,endpoint-0,0,completed,,5.546440362930298,0.0026962757110595703,300937,1,1355,592,166,5.538404272869229,1785485285.04718,1785485290.5855837,1785485285.0472577,1785485290.5830774,1785485290.5851521,5.535819748416543,0.0020747333765029907
5,prefix_cache_routing_4ep_1.5b_hitrate,formal,1,1102,18.4 (Ubuntu 18.4-1.pgdg22.04+1),0.8.5,938,1102:request:300938,1102:batch:90,-1,False,endpoint-1:worker:0,0,668554,default,endpoint-1,0,completed,,5.70124363899231,0.0017082691192626953,300938,1,928,374,125,5.681492043659091,1785485285.0489028,1785485290.7303944,1785485285.0489504,1785485290.7251916,1785485290.7302203,5.676241064444184,0.005028586834669113
5,prefix_cache_routing_4ep_1.5b_hitrate,formal,1,1102,18.4 (Ubuntu 18.4-1.pgdg22.04+1),0.8.5,939,1102:request:300939,1102:batch:90,-1,False,endpoint-1:worker:0,0,668554,default,endpoint-1,0,completed,,5.701672077178955,0.0015151500701904297,300939,1,1573,733,114,5.674034960567951,1785485285.0552673,1785485290.729302,1785485285.0553105,1785485290.724624,1785485290.7290401,5.669313495978713,0.004416186362504959
5,prefix_cache_routing_4ep_1.5b_hitrate,formal,1,1102,18.4 (Ubuntu 18.4-1.pgdg22.04+1),0.8.5,940,1102:request:300940,1102:batch:90,-1,False,endpoint-1:worker:0,0,668554,default,endpoint-1,0,completed,,5.729782581329346,0.001356363296508789,300940,1,751,247,113,5.671167584136128,1785485285.0574992,1785485290.7286665,1785485285.0575378,1785485290.7243228,1785485290.7285264,5.666785027831793,0.004203388467431068
5,prefix_cache_routing_4ep_1.5b_hitrate,formal,1,1102,18.4 (Ubuntu 18.4-1.pgdg22.04+1),0.8.5,941,1102:request:300941,1102:batch:90,-1,False,endpoint-1:worker:0,0,668554,default,endpoint-1,0,completed,,5.68909478187561,0.0012392997741699219,300941,1,311,45,173,5.6717591769993305,1785485285.0598965,1785485290.7316554,1785485285.0599358,1785485290.7257836,1785485290.7315493,5.665847808122635,0.005765583366155624
5,prefix_cache_routing_4ep_1.5b_hitrate,formal,1,1102,18.4 (Ubuntu 18.4-1.pgdg22.04+1),0.8.5,942,1102:request:300942,1102:batch:90,-1,False,endpoint-0:worker:0,0,668553,default,endpoint-0,0,completed,,5.533596754074097,0.0019183158874511719,300942,1,363,88,199,5.524058422073722,1785485285.0622993,1785485290.5863569,1785485285.0623465,1785485290.583423,1785485290.5861874,5.521076487377286,0.002764420583844185
5,prefix_cache_routing_4ep_1.5b_hitrate,formal,1,1102,18.4 (Ubuntu 18.4-1.pgdg22.04+1),0.8.5,943,1102:request:300943,1102:batch:91,-1,False,endpoint-0:worker:0,0,668553,default,endpoint-0,0,completed,,5.5262885093688965,0.0025091171264648438,300943,1,695,345,200,5.517608417198062,1785485285.0647888,1785485290.582397,1785485285.0648227,1785485290.5813818,1785485290.5821931,5.516559429466724,0.0008108224719762802
5,prefix_cache_routing_4ep_1.5b_hitrate,formal,1,1102,18.4 (Ubuntu 18.4-1.pgdg22.04+1),0.8.5,944,1102:request:300944,1102:batch:91,-1,False,endpoint-1:worker:0,0,668554,default,endpoint-1,0,completed,,5.673861980438232,0.0013942718505859375,300944,1,305,38,136,5.664301827549934,1785485285.0654893,1785485290.729791,1785485285.0655482,1785485290.7249126,1785485290.729708,5.659364260733128,0.0047951433807611465
5,prefix_cache_routing_4ep_1.5b_hitrate,formal,1,1102,18.4 (Ubuntu 18.4-1.pgdg22.04+1),0.8.5,945,1102:request:300945,1102:batch:91,-1,False,endpoint-2:worker:0,0,668556,default,endpoint-2,1,completed,,5.084540605545044,0.002438783645629883,300945,1,248,2,165,5.074748042970896,1785485285.0683072,1785485290.1430552,1785485285.0683606,1785485290.1415207,1785485290.1427884,5.07316068187356,0.0012676622718572617
5,prefix_cache_routing_4ep_1.5b_hitrate,formal,1,1102,18.4 (Ubuntu 18.4-1.pgdg22.04+1),0.8.5,946,1102:request:300946,1102:batch:91,-1,False,endpoint-3:worker:0,0,668555,default,endpoint-3,1,completed,,8.920979738235474,0.0022459030151367188,300946,1,336,68,223,8.866891548037529,1785485285.0701056,1785485293.9369967,1785485285.0701675,1785485293.9330704,1785485293.9368918,8.862902630120516,0.0038214176893234253
5,prefix_cache_routing_4ep_1.5b_hitrate,formal,1,1102,18.4 (Ubuntu 18.4-1.pgdg22.04+1),0.8.5,947,1102:request:300947,1102:batch:91,-1,False,endpoint-3:worker:0,0,668555,default,endpoint-3,1,completed,,8.869858264923096,0.002707242965698242,300947,1,289,28,135,8.857812678441405,1785485285.073326,1785485293.931138,1785485285.0734265,1785485293.929974,1785485293.930951,8.856548441573977,0.0009763333946466446
5,prefix_cache_routing_4ep_1.5b_hitrate,formal,1,1102,18.4 (Ubuntu 18.4-1.pgdg22.04+1),0.8.5,948,1102:request:300948,1102:batch:91,-1,False,endpoint-1:worker:0,0,668554,default,endpoint-1,0,completed,,5.711588144302368,0.0017673969268798828,300948,1,997,382,141,5.654212139546871,1785485285.076825,1785485290.7310364,1785485285.0768735,1785485290.725486,1785485290.7308607,5.648612603545189,0.005374692380428314
5,prefix_cache_routing_4ep_1.5b_hitrate,formal,1,1102,18.4 (Ubuntu 18.4-1.pgdg22.04+1),0.8.5,949,1102:request:300949,1102:batch:91,-1,False,endpoint-0:worker:0,0,668553,default,endpoint-0,0,completed,,5.517780542373657,0.0018808841705322266,300949,1,418,128,178,5.508419740945101,1785485285.0787354,1785485290.5871549,1785485285.0787895,1785485290.5837393,1785485290.5869653,5.504949988797307,0.0032258369028568268
5,prefix_cache_routing_4ep_1.5b_hitrate,formal,1,1102,18.4 (Ubuntu 18.4-1.pgdg22.04+1),0.8.5,950,1102:request:300950,1102:batch:91,-1,False,endpoint-2:worker:0,0,668556,default,endpoint-2,1,completed,,3.705336093902588,0.0018494129180908203,300950,1,207,11,152,3.70109817199409,1785485285.080295,1785485288.7813928,1785485285.080349,1785485288.7800922,1785485288.7812424,3.699743427336216,0.001150304451584816
5,prefix_cache_routing_4ep_1.5b_hitrate,formal,1,1102,18.4 (Ubuntu 18.4-1.pgdg22.04+1),0.8.5,951,1102:request:300951,1102:batch:91,-1,False,endpoint-0:worker:0,0,668553,default,endpoint-0,0,completed,,5.513392925262451,0.002173900604248047,300951,1,388,90,201,5.502531725913286,1785485285.082071,1785485290.5846026,1785485285.0821085,1785485290.5827298,1785485290.5844166,5.500621467828751,0.0016868319362401962
5,prefix_cache_routing_4ep_1.5b_hitrate,formal,1,1102,18.4 (Ubuntu 18.4-1.pgdg22.04+1),0.8.5,952,1102:request:300952,1102:batch:91,-1,False,endpoint-2:worker:0,0,668556,default,endpoint-2,1,completed,,4.5323402881622314,0.0020918846130371094,300952,1,450,161,180,4.528285561129451,1785485285.1338687,1785485289.6621544,1785485285.1339169,1785485289.660149,1785485289.661755,4.526233220472932,0.001605140045285225
5,prefix_cache_routing_4ep_1.5b_hitrate,formal,1,1102,18.4 (Ubuntu 18.4-1.pgdg22.04+1),0.8.5,953,1102:request:300953,1102:batch:91,-1,False,endpoint-2:worker:0,0,668556,default,endpoint-2,1,completed,,4.935649633407593,0.002443552017211914,300953,1,712,293,168,4.93181929923594,1785485285.1358812,1785485290.0677001,1785485285.1359284,1785485290.0668495,1785485290.0674655,4.930921494960785,0.0006155353039503098
5,prefix_cache_routing_4ep_1.5b_hitrate,formal,1,1102,18.4 (Ubuntu 18.4-1.pgdg22.04+1),0.8.5,954,1102:request:300954,1102:batch:91,-1,False,endpoint-2:worker:0,0,668556,default,endpoint-2,1,completed,,5.6573920249938965,0.002260923385620117,300954,1,1362,673,134,5.626469483599067,1785485285.137863,1785485290.7643323,1785485285.1379173,1785485290.7623026,1785485290.7640789,5.624385418370366,0.0017759967595338821
5,prefix_cache_routing_4ep_1.5b_hitrate,formal,1,1102,18.4 (Ubuntu 18.4-1.pgdg22.04+1),0.8.5,955,1102:request:300955,1102:batch:91,-1,False,endpoint-2:worker:0,0,668556,default,endpoint-2,1,completed,,5.634587049484253,0.0024492740631103516,300955,1,518,181,125,5.623911103233695,1785485285.1398742,1785485290.7637851,1785485285.1399205,1785485290.7619503,1785485290.763643,5.622029980644584,0.0016928408294916153
5,prefix_cache_routing_4ep_1.5b_hitrate,formal,1,1102,18.4 (Ubuntu 18.4-1.pgdg22.04+1),0.8.5,956,1102:request:300956,1102:batch:91,-1,False,endpoint-2:worker:0,0,668556,default,endpoint-2,1,completed,,5.649956464767456,0.006551027297973633,300956,1,990,450,136,5.618022667244077,1785485285.1472332,1785485290.7652557,1785485285.147274,1785485290.7629313,1785485290.765073,5.615657387301326,0.0021415594965219498
5,prefix_cache_routing_4ep_1.5b_hitrate,formal,1,1102,18.4 (Ubuntu 18.4-1.pgdg22.04+1),0.8.5,957,1102:request:300957,1102:batch:92,-1,False,endpoint-2:worker:0,0,668556,default,endpoint-2,1,completed,,5.677825212478638,0.0056154727935791016,300957,1,1742,773,109,5.612902890890837,1785485285.1486826,1785485290.7615855,1785485285.1487322,1785485290.76077,1785485290.7612147,5.612038085237145,0.0004444979131221771
5,prefix_cache_routing_4ep_1.5b_hitrate,formal,1,1102,18.4 (Ubuntu 18.4-1.pgdg22.04+1),0.8.5,958,1102:request:300958,1102:batch:92,-1,False,endpoint-2:worker:0,0,668556,default,endpoint-2,1,completed,,2.6590476036071777,0.0046405792236328125,300958,1,159,20,100,2.652991134673357,1785485285.1496255,1785485287.8026166,1785485285.149672,1785485287.8019516,1785485287.8024948,2.652280429378152,0.0005425717681646347
5,prefix_cache_routing_4ep_1.5b_hitrate,formal,1,1102,18.4 (Ubuntu 18.4-1.pgdg22.04+1),0.8.5,959,1102:request:300959,1102:batch:92,-1,False,endpoint-2:worker:0,0,668556,default,endpoint-2,1,completed,,5.624642848968506,0.005705118179321289,300959,1,518,196,191,5.610982606187463,1785485285.1537728,1785485290.7647552,1785485285.153815,1785485290.7626235,1785485290.7646255,5.608808444812894,0.002002047374844551
5,prefix_cache_routing_4ep_1.5b_hitrate,formal,1,1102,18.4 (Ubuntu 18.4-1.pgdg22.04+1),0.8.5,960,1102:request:300960,1102:batch:92,-1,False,endpoint-2:worker:0,0,668556,default,endpoint-2,1,completed,,5.6526055335998535,0.0054492950439453125,300960,1,716,350,192,5.6105843763798475,1785485285.155172,1785485290.7657561,1785485285.1552248,1785485290.7632282,1785485290.7655897,5.608003228902817,0.002361677587032318
5,prefix_cache_routing_4ep_1.5b_hitrate,formal,1,1102,18.4 (Ubuntu 18.4-1.pgdg22.04+1),0.8.5,961,1102:request:300961,1102:batch:92,-1,False,endpoint-0:worker:0,0,668553,default,endpoint-0,0,completed,,5.613652944564819,0.0019211769104003906,300961,1,932,518,210,5.598515685647726,1785485285.1547284,1785485290.753244,1785485285.1547616,1785485290.7486959,1785485290.7530417,5.593934303149581,0.004345748573541641
5,prefix_cache_routing_4ep_1.5b_hitrate,formal,1,1102,18.4 (Ubuntu 18.4-1.pgdg22.04+1),0.8.5,962,1102:request:300962,1102:batch:92,-1,False,endpoint-0:worker:0,0,668553,default,endpoint-0,0,completed,,5.6452317237854,0.0020818710327148438,300962,1,294,30,219,5.597043788060546,1785485285.1568108,1785485290.7538543,1785485285.156841,1785485290.7490063,1785485290.753766,5.592165408656001,0.00475982204079628
5,prefix_cache_routing_4ep_1.5b_hitrate,formal,1,1102,18.4 (Ubuntu 18.4-1.pgdg22.04+1),0.8.5,963,1102:request:300963,1102:batch:92,-1,False,endpoint-0:worker:0,0,668553,default,endpoint-0,0,completed,,5.618757486343384,0.001256704330444336,300963,1,771,422,209,5.592898393049836,1785485285.1585493,1785485290.7514474,1785485285.1585875,1785485290.7477107,1785485290.7512622,5.589123295620084,0.0035514961928129196
5,prefix_cache_routing_4ep_1.5b_hitrate,formal,1,1102,18.4 (Ubuntu 18.4-1.pgdg22.04+1),0.8.5,964,1102:request:300964,1102:batch:92,-1,False,endpoint-0:worker:0,0,668553,default,endpoint-0,0,completed,,3.013143301010132,0.0011742115020751953,300964,1,928,642,108,3.0101332645863295,1785485285.1616008,1785485288.1717346,1785485285.1616378,1785485288.169983,1785485288.1711667,3.008345451205969,0.0011837556958198547
5,prefix_cache_routing_4ep_1.5b_hitrate,formal,1,1102,18.4 (Ubuntu 18.4-1.pgdg22.04+1),0.8.5,965,1102:request:300965,1102:batch:92,-1,False,endpoint-3:worker:0,0,668555,default,endpoint-3,1,completed,,8.793112754821777,0.0030298233032226562,300965,1,300,38,188,8.770547231659293,1785485285.1650496,1785485293.9355955,1785485285.165139,1785485293.9324458,1785485293.935471,8.767306063324213,0.003025481477379799
5,prefix_cache_routing_4ep_1.5b_hitrate,formal,1,1102,18.4 (Ubuntu 18.4-1.pgdg22.04+1),0.8.5,966,1102:request:300966,1102:batch:92,-1,False,endpoint-0:worker:0,0,668553,default,endpoint-0,0,completed,,5.611001253128052,0.00168609619140625,300966,1,283,25,202,5.586484188213944,1785485285.1660569,1785485290.7525408,1785485285.16609,1785485290.7483547,1785485290.752457,5.582264656201005,0.004102304577827454
5,prefix_cache_routing_4ep_1.5b_hitrate,formal,1,1102,18.4 (Ubuntu 18.4-1.pgdg22.04+1),0.8.5,967,1102:request:300967,1102:batch:92,-1,False,endpoint-0:worker:0,0,668553,default,endpoint-0,0,completed,,5.630959987640381,0.00180816650390625,300967,1,626,272,137,5.577531849965453,1785485285.167822,1785485290.7453535,1785485285.1678567,1785485290.743833,1785485290.7450974,5.5759770926088095,0.0012639649212360382
5,prefix_cache_routing_4ep_1.5b_hitrate,formal,1,1102,18.4 (Ubuntu 18.4-1.pgdg22.04+1),0.8.5,968,1102:request:300968,1102:batch:92,-1,False,endpoint-1:worker:0,0,668554,default,endpoint-1,0,completed,,5.724300146102905,0.010733604431152344,300968,1,358,82,195,5.673332313075662,1785485285.178357,1785485290.8516889,1785485285.1783967,1785485290.84232,1785485290.851557,5.663923010230064,0.00923720933496952
5,prefix_cache_routing_4ep_1.5b_hitrate,formal,1,1102,18.4 (Ubuntu 18.4-1.pgdg22.04+1),0.8.5,969,1102:request:300969,1102:batch:92,-1,False,endpoint-0:worker:0,0,668553,default,endpoint-0,0,completed,,4.449483871459961,0.0010945796966552734,300969,1,338,93,159,4.446052556857467,1785485285.1702874,1785485289.6163402,1785485285.1703167,1785485289.6143982,1785485289.6160135,4.444082086905837,0.0016150865703821182
5,prefix_cache_routing_4ep_1.5b_hitrate,formal,1,1102,18.4 (Ubuntu 18.4-1.pgdg22.04+1),0.8.5,970,1102:request:300970,1102:batch:92,-1,False,endpoint-0:worker:0,0,668553,default,endpoint-0,0,completed,,5.603312015533447,0.0012145042419433594,300970,1,448,136,201,5.574101312085986,1785485285.171956,1785485290.7460573,1785485285.1719882,1785485290.744434,1785485290.7458282,5.572446174919605,0.0013938844203948975
5,prefix_cache_routing_4ep_1.5b_hitrate,formal,1,1102,18.4 (Ubuntu 18.4-1.pgdg22.04+1),0.8.5,971,1102:request:300971,1102:batch:92,-1,False,endpoint-0:worker:0,0,668553,default,endpoint-0,0,completed,,1.929361343383789,0.0010862350463867188,300971,1,389,220,68,1.924093408510089,1785485285.1742659,1785485287.0983596,1785485285.1742983,1785485287.0971742,1785485287.098072,1.9228767920285463,0.0008974038064479828
5,prefix_cache_routing_4ep_1.5b_hitrate,formal,1,1102,18.4 (Ubuntu 18.4-1.pgdg22.04+1),0.8.5,972,1102:request:300972,1102:batch:93,-1,False,endpoint-0:worker:0,0,668553,default,endpoint-0,0,completed,,1.2107892036437988,0.001154184341430664,300972,1,435,286,33,1.2079859655350447,1785485285.1766467,1785485286.3846326,1785485285.1766813,1785485286.3840728,1785485286.3845,1.2073920536786318,0.00042682886123657227
5,prefix_cache_routing_4ep_1.5b_hitrate,formal,1,1102,18.4 (Ubuntu 18.4-1.pgdg22.04+1),0.8.5,973,1102:request:300973,1102:batch:93,-1,False,endpoint-0:worker:0,0,668553,default,endpoint-0,0,completed,,1.2879328727722168,0.0018646717071533203,300973,1,508,337,36,1.2834796458482742,1785485285.1790745,1785485286.4625545,1785485285.1791077,1785485286.4610953,1785485286.462192,1.2819888107478619,0.0010962747037410736
5,prefix_cache_routing_4ep_1.5b_hitrate,formal,1,1102,18.4 (Ubuntu 18.4-1.pgdg22.04+1),0.8.5,974,1102:request:300974,1102:batch:93,-1,False,endpoint-0:worker:0,0,668553,default,endpoint-0,0,completed,,5.590382099151611,0.0016734600067138672,300974,1,283,24,181,5.570972697809339,1785485285.1810148,1785485290.751987,1785485285.1810842,1785485290.7480407,1785485290.7518926,5.566956520080566,0.003851732239127159
5,prefix_cache_routing_4ep_1.5b_hitrate,formal,1,1102,18.4 (Ubuntu 18.4-1.pgdg22.04+1),0.8.5,975,1102:request:300975,1102:batch:93,-1,False,endpoint-0:worker:0,0,668553,default,endpoint-0,0,completed,,5.593271493911743,0.0015048980712890625,300975,1,544,245,211,5.566775584593415,1785485285.1829548,1785485290.7497306,1785485285.1829875,1785485290.7465208,1785485290.7495618,5.5635334104299545,0.003040805459022522
5,prefix_cache_routing_4ep_1.5b_hitrate,formal,1,1102,18.4 (Ubuntu 18.4-1.pgdg22.04+1),0.8.5,976,1102:request:300976,1102:batch:93,-1,False,endpoint-1:worker:0,0,668554,default,endpoint-1,0,completed,,5.70186185836792,0.0017218589782714844,300976,1,839,488,188,5.670480756089091,1785485285.1857505,1785485290.8562312,1785485285.1858013,1785485290.8440027,1785485290.8560545,5.658201418817043,0.012051813304424286
5,prefix_cache_routing_4ep_1.5b_hitrate,formal,1,1102,18.4 (Ubuntu 18.4-1.pgdg22.04+1),0.8.5,977,1102:request:300977,1102:batch:93,-1,False,endpoint-1:worker:0,0,668554,default,endpoint-1,0,completed,,5.681995868682861,0.005106210708618164,300977,1,1218,798,85,5.652283895760775,1785485285.1942751,1785485290.8465579,1785485285.1943758,1785485290.841147,1785485290.8463173,5.6467709839344025,0.005170516669750214
5,prefix_cache_routing_4ep_1.5b_hitrate,formal,1,1102,18.4 (Ubuntu 18.4-1.pgdg22.04+1),0.8.5,978,1102:request:300978,1102:batch:93,-1,False,endpoint-1:worker:0,0,668554,default,endpoint-1,0,completed,,5.6790876388549805,0.004796266555786133,300978,1,263,6,187,5.6546804290264845,1785485285.1991446,1785485290.8538253,1785485285.1991835,1785485290.8431582,1785485290.853738,5.643974928185344,0.010579563677310944
5,prefix_cache_routing_4ep_1.5b_hitrate,formal,1,1102,18.4 (Ubuntu 18.4-1.pgdg22.04+1),0.8.5,979,1102:request:300979,1102:batch:93,-1,False,endpoint-1:worker:0,0,668554,default,endpoint-1,0,completed,,5.692147970199585,0.004889011383056641,300979,1,446,139,214,5.653743840754032,1785485285.2016196,1785485290.8553634,1785485285.201672,1785485290.84373,1785485290.8552496,5.642057791352272,0.011519765481352806
5,prefix_cache_routing_4ep_1.5b_hitrate,formal,1,1102,18.4 (Ubuntu 18.4-1.pgdg22.04+1),0.8.5,980,1102:request:300980,1102:batch:93,-1,False,endpoint-1:worker:0,0,668554,default,endpoint-1,0,completed,,1.4865360260009766,0.00439453125,300980,1,285,163,52,1.4795817993581295,1785485285.2044227,1785485286.6840043,1785485285.2044601,1785485286.6827443,1785485286.6838531,1.4782857596874237,0.0011072810739278793
5,prefix_cache_routing_4ep_1.5b_hitrate,formal,1,1102,18.4 (Ubuntu 18.4-1.pgdg22.04+1),0.8.5,981,1102:request:300981,1102:batch:93,-1,False,endpoint-1:worker:0,0,668554,default,endpoint-1,0,completed,,5.685002326965332,0.0044972896575927734,300981,1,391,107,180,5.638469442725182,1785485285.20608,1785485290.8445494,1785485285.2061195,1785485290.839853,1785485290.844412,5.633733745664358,0.004559164866805077
5,prefix_cache_routing_4ep_1.5b_hitrate,formal,1,1102,18.4 (Ubuntu 18.4-1.pgdg22.04+1),0.8.5,982,1102:request:300982,1102:batch:93,-1,False,endpoint-1:worker:0,0,668554,default,endpoint-1,0,completed,,3.0179407596588135,0.004045963287353516,300982,1,482,267,131,3.0116575937718153,1785485285.2071652,1785485288.2188234,1785485285.2071974,1785485288.2171092,1785485288.2184393,3.0099126510322094,0.0013294275850057602
5,prefix_cache_routing_4ep_1.5b_hitrate,formal,1,1102,18.4 (Ubuntu 18.4-1.pgdg22.04+1),0.8.5,983,1102:request:300983,1102:batch:93,-1,False,endpoint-1:worker:0,0,668554,default,endpoint-1,0,completed,,5.656512975692749,0.009288311004638672,300983,1,833,473,197,5.6305014211684465,1785485285.2154586,1785485290.84596,1785485285.2154973,1785485290.8408415,1785485290.845781,5.625344460830092,0.004939332604408264
5,prefix_cache_routing_4ep_1.5b_hitrate,formal,1,1102,18.4 (Ubuntu 18.4-1.pgdg22.04+1),0.8.5,984,1102:request:300984,1102:batch:93,-1,False,endpoint-1:worker:0,0,668554,default,endpoint-1,0,completed,,5.65566349029541,0.008811473846435547,300984,1,616,276,102,5.638049375265837,1785485285.2165544,1785485290.854604,1785485285.2165866,1785485290.8434517,1785485290.8544548,5.626864932477474,0.0110036451369524
5,prefix_cache_routing_4ep_1.5b_hitrate,formal,1,1102,18.4 (Ubuntu 18.4-1.pgdg22.04+1),0.8.5,985,1102:request:300985,1102:batch:93,-1,False,endpoint-1:worker:0,0,668554,default,endpoint-1,0,completed,,5.678609371185303,0.0066547393798828125,300985,1,921,518,200,5.633413106203079,1785485285.2175982,1785485290.8510113,1785485285.2176313,1785485290.8420205,1785485290.850808,5.624389225617051,0.008787179365754128
5,prefix_cache_routing_4ep_1.5b_hitrate,formal,1,1102,18.4 (Ubuntu 18.4-1.pgdg22.04+1),0.8.5,986,1102:request:300986,1102:batch:94,-1,False,endpoint-1:worker:0,0,668554,default,endpoint-1,0,completed,,5.646117448806763,0.00793147087097168,300986,1,1016,585,166,5.618270833045244,1785485285.221217,1785485290.8394878,1785485285.2212582,1785485290.838684,1785485290.8391721,5.617425952106714,0.00048791617155075073
5,prefix_cache_routing_4ep_1.5b_hitrate,formal,1,1102,18.4 (Ubuntu 18.4-1.pgdg22.04+1),0.8.5,987,1102:request:300987,1102:batch:94,-1,False,endpoint-1:worker:0,0,668554,default,endpoint-1,0,completed,,5.663954496383667,0.009214162826538086,300987,1,1304,809,132,5.622358728200197,1785485285.2248526,1785485290.8472111,1785485285.224892,1785485290.8414385,1785485290.8469517,5.616546614095569,0.0055131614208221436
5,prefix_cache_routing_4ep_1.5b_hitrate,formal,1,1102,18.4 (Ubuntu 18.4-1.pgdg22.04+1),0.8.5,988,1102:request:300988,1102:batch:94,-1,False,endpoint-1:worker:0,0,668554,default,endpoint-1,0,completed,,5.65470814704895,0.006464958190917969,300988,1,467,172,221,5.626477371901274,1785485285.2258976,1785485290.8523748,1785485285.2259285,1785485290.8426,1785485290.8522348,5.616671735420823,0.009634478017687798
5,prefix_cache_routing_4ep_1.5b_hitrate,formal,1,1102,18.4 (Ubuntu 18.4-1.pgdg22.04+1),0.8.5,989,1102:request:300989,1102:batch:94,-1,False,endpoint-1:worker:0,0,668554,default,endpoint-1,0,completed,,5.6601457595825195,0.0060329437255859375,300989,1,852,392,192,5.617166908457875,1785485285.2278574,1785485290.8450246,1785485285.2278998,1785485290.8402143,1785485290.844851,5.6123144049197435,0.004636762663722038
5,prefix_cache_routing_4ep_1.5b_hitrate,formal,1,1102,18.4 (Ubuntu 18.4-1.pgdg22.04+1),0.8.5,990,1102:request:300990,1102:batch:94,-1,False,endpoint-1:worker:0,0,668554,default,endpoint-1,0,completed,,5.651727914810181,0.005112648010253906,300990,1,1059,545,141,5.623197764158249,1785485285.229953,1785485290.8531506,1785485285.2299972,1785485290.8428762,1785485290.8529377,5.6128790732473135,0.010061537846922874
5,prefix_cache_routing_4ep_1.5b_hitrate,formal,1,1102,18.4 (Ubuntu 18.4-1.pgdg22.04+1),0.8.5,991,1102:request:300991,1102:batch:94,-1,False,endpoint-1:worker:0,0,668554,default,endpoint-1,0,completed,,5.636877536773682,0.003978729248046875,300991,1,1430,775,144,5.618981264531612,1785485285.2312,1785485290.8501813,1785485285.2312467,1785485290.8417234,1785485290.849718,5.61047656647861,0.007995106279850006
5,prefix_cache_routing_4ep_1.5b_hitrate,formal,1,1102,18.4 (Ubuntu 18.4-1.pgdg22.04+1),0.8.5,992,1102:request:300992,1102:batch:94,-1,False,endpoint-0:worker:0,0,668553,default,endpoint-0,0,completed,,5.536109685897827,0.0030307769775390625,300992,1,600,264,209,5.517632555216551,1785485285.232646,1785485290.7502775,1785485285.232744,1785485290.746984,1785485290.7501194,5.5142399072647095,0.0031353849917650223
5,prefix_cache_routing_4ep_1.5b_hitrate,formal,1,1102,18.4 (Ubuntu 18.4-1.pgdg22.04+1),0.8.5,993,1102:request:300993,1102:batch:94,-1,False,endpoint-0:worker:0,0,668553,default,endpoint-0,0,completed,,5.575053691864014,0.0035660266876220703,300993,1,992,531,210,5.515298156067729,1785485285.2355614,1785485290.7508595,1785485285.2355993,1785485290.747338,1785485290.7506564,5.511738538742065,0.003318319097161293
5,prefix_cache_routing_4ep_1.5b_hitrate,formal,1,1102,18.4 (Ubuntu 18.4-1.pgdg22.04+1),0.8.5,994,1102:request:300994,1102:batch:95,-1,False,endpoint-0:worker:0,0,668553,default,endpoint-0,0,completed,,5.527938365936279,0.001596689224243164,300994,1,1286,708,155,5.482738180086017,1785485285.2729049,1785485290.755643,1785485285.2729454,1785485290.7543266,1785485290.755352,5.481380809098482,0.0010257009416818619
5,prefix_cache_routing_4ep_1.5b_hitrate,formal,1,1102,18.4 (Ubuntu 18.4-1.pgdg22.04+1),0.8.5,995,1102:request:300995,1102:batch:95,-1,False,endpoint-0:worker:0,0,668553,default,endpoint-0,0,completed,,5.509817361831665,0.0013878345489501953,300995,1,1497,839,139,5.481442196294665,1785485285.2750905,1785485290.7565324,1785485285.2751293,1785485290.7546923,1785485290.75626,5.479562774300575,0.0015675351023674011
5,prefix_cache_routing_4ep_1.5b_hitrate,formal,1,1102,18.4 (Ubuntu 18.4-1.pgdg22.04+1),0.8.5,996,1102:request:300996,1102:batch:95,-1,False,endpoint-0:worker:0,0,668553,default,endpoint-0,0,completed,,5.546057224273682,0.0022058486938476562,300996,1,1687,958,235,5.5295873042196035,1785485285.3929126,1785485290.9224997,1785485285.3929675,1785485290.9177582,1785485290.9221902,5.524790732190013,0.00443192757666111
5,prefix_cache_routing_4ep_1.5b_hitrate,formal,1,1102,18.4 (Ubuntu 18.4-1.pgdg22.04+1),0.8.5,997,1102:request:300997,1102:batch:95,-1,False,endpoint-2:worker:0,0,668556,default,endpoint-2,1,completed,,5.629590034484863,0.0022051334381103516,300997,1,593,260,169,5.623817367479205,1785485285.3946598,1785485291.0184767,1785485285.3947165,1785485291.0170527,1785485291.0181496,5.622337177395821,0.0010959748178720474
5,prefix_cache_routing_4ep_1.5b_hitrate,formal,1,1102,18.4 (Ubuntu 18.4-1.pgdg22.04+1),0.8.5,998,1102:request:300998,1102:batch:95,-1,False,endpoint-3:worker:0,0,668555,default,endpoint-3,1,completed,,8.54774808883667,0.002961874008178711,300998,1,1099,669,207,8.539237324148417,1785485285.3971229,1785485293.936359,1785485285.3972251,1785485293.9327648,1785485293.936109,8.535538900643587,0.003344327211380005
5,prefix_cache_routing_4ep_1.5b_hitrate,formal,1,1102,18.4 (Ubuntu 18.4-1.pgdg22.04+1),0.8.5,999,1102:request:300999,1102:batch:95,-1,False,endpoint-1:worker:0,0,668554,default,endpoint-1,0,completed,,5.48298716545105,0.002801656723022461,300999,1,513,200,172,5.446771843358874,1785485285.3986835,1785485290.8454547,1785485285.3987734,1785485290.8405328,1785485290.84533,5.441758893430233,0.004797367379069328
5,prefix_cache_routing_4ep_1.5b_hitrate,formal,1,1102,18.4 (Ubuntu 18.4-1.pgdg22.04+1),0.8.5,1000,1102:request:301000,1102:batch:95,-1,False,endpoint-0:worker:0,0,668553,default,endpoint-0,0,completed,,5.540855646133423,0.001543283462524414,301000,1,1011,599,167,5.525399696081877,1785485285.3998628,1785485290.9252625,1785485285.3998992,1785485290.9191575,1785485290.9250512,5.519258404150605,0.00589364767074585
5,prefix_cache_routing_4ep_1.5b_hitrate,formal,1,1102,18.4 (Ubuntu 18.4-1.pgdg22.04+1),0.8.5,1001,1102:request:301001,1102:batch:95,-1,False,endpoint-2:worker:0,0,668556,default,endpoint-2,1,completed,,5.625159502029419,0.0017726421356201172,301001,1,272,12,183,5.616667086258531,1785485285.4027686,1785485291.0194352,1785485285.4028168,1785485291.0189314,1785485291.0193179,5.6161147356033325,0.0003864038735628128
5,prefix_cache_routing_4ep_1.5b_hitrate,formal,1,1102,18.4 (Ubuntu 18.4-1.pgdg22.04+1),0.8.5,1002,1102:request:301002,1102:batch:95,-1,False,endpoint-0:worker:0,0,668553,default,endpoint-0,0,completed,,3.937004327774048,0.0012907981872558594,301002,1,398,155,146,3.9263352286070585,1785485285.404003,1785485289.3303378,1785485285.4040346,1785485289.3289795,1785485289.3301983,3.924945281818509,0.0012184139341115952
5,prefix_cache_routing_4ep_1.5b_hitrate,formal,1,1102,18.4 (Ubuntu 18.4-1.pgdg22.04+1),0.8.5,1003,1102:request:301003,1102:batch:96,-1,False,endpoint-0:worker:0,0,668553,default,endpoint-0,0,completed,,5.540360450744629,0.0013356208801269531,301003,1,755,309,211,5.515335073694587,1785485285.4064288,1785485290.921764,1785485285.4064627,1785485290.9173868,1785485290.9216156,5.510924162343144,0.004228729754686356
5,prefix_cache_routing_4ep_1.5b_hitrate,formal,1,1102,18.4 (Ubuntu 18.4-1.pgdg22.04+1),0.8.5,1004,1102:request:301004,1102:batch:96,-1,False,endpoint-0:worker:0,0,668553,default,endpoint-0,0,completed,,5.525170087814331,0.0023801326751708984,301004,1,915,443,193,5.51411054469645,1785485285.4090385,1785485290.9231489,1785485285.4090724,1785485290.9181452,1785485290.9229567,5.509072931483388,0.00481155700981617
5,prefix_cache_routing_4ep_1.5b_hitrate,formal,1,1102,18.4 (Ubuntu 18.4-1.pgdg22.04+1),0.8.5,1005,1102:request:301005,1102:batch:96,-1,False,endpoint-0:worker:0,0,668553,default,endpoint-0,0,completed,,5.543881177902222,0.0012013912200927734,301005,1,1193,677,185,5.513659045100212,1785485285.4108438,1785485290.9245028,1785485285.4108753,1785485290.9188619,1785485290.924295,5.50798643194139,0.0054331254214048386
5,prefix_cache_routing_4ep_1.5b_hitrate,formal,1,1102,18.4 (Ubuntu 18.4-1.pgdg22.04+1),0.8.5,1006,1102:request:301006,1102:batch:96,-1,False,endpoint-0:worker:0,0,668553,default,endpoint-0,0,completed,,5.531872749328613,0.0012733936309814453,301006,1,332,48,201,5.506506452336907,1785485285.4140975,1785485290.9206042,1785485285.414128,1785485290.9166067,1785485290.9205012,5.502478558570147,0.0038946010172367096
5,prefix_cache_routing_4ep_1.5b_hitrate,formal,1,1102,18.4 (Ubuntu 18.4-1.pgdg22.04+1),0.8.5,1007,1102:request:301007,1102:batch:96,-1,False,endpoint-0:worker:0,0,668553,default,endpoint-0,0,completed,,5.5448384284973145,0.0012578964233398438,301007,1,843,466,186,5.503678508102894,1785485285.4164457,1785485290.920124,1785485285.4164782,1785485290.9161782,1785485290.9199233,5.499700210988522,0.0037447456270456314
5,prefix_cache_routing_4ep_1.5b_hitrate,formal,1,1102,18.4 (Ubuntu 18.4-1.pgdg22.04+1),0.8.5,1008,1102:request:301008,1102:batch:96,-1,False,endpoint-0:worker:0,0,668553,default,endpoint-0,0,completed,,2.06569242477417,0.0011432170867919922,301008,1,736,505,79,2.0623109973967075,1785485285.4187703,1785485287.4810815,1785485285.4188035,1785485287.4795353,1785485287.48063,2.0607323851436377,0.0010945070534944534
5,prefix_cache_routing_4ep_1.5b_hitrate,formal,1,1102,18.4 (Ubuntu 18.4-1.pgdg22.04+1),0.8.5,1009,1102:request:301009,1102:batch:96,-1,False,endpoint-0:worker:0,0,668553,default,endpoint-0,0,completed,,5.507141828536987,0.0028526782989501953,301009,1,1106,659,141,5.49214799143374,1785485285.4236128,1785485290.915761,1785485285.423644,1785485290.91447,1785485290.9153912,5.490826236084104,0.0009207222610712051
5,prefix_cache_routing_4ep_1.5b_hitrate,formal,1,1102,18.4 (Ubuntu 18.4-1.pgdg22.04+1),0.8.5,1010,1102:request:301010,1102:batch:96,-1,False,endpoint-0:worker:0,0,668553,default,endpoint-0,0,completed,,5.531195640563965,0.001422882080078125,301010,1,1393,834,160,5.499748231843114,1785485285.426351,1785485290.926099,1785485285.426396,1785485290.9194486,1785485290.9258475,5.493052324280143,0.006399128586053848
5,prefix_cache_routing_4ep_1.5b_hitrate,formal,1,1102,18.4 (Ubuntu 18.4-1.pgdg22.04+1),0.8.5,1011,1102:request:301011,1102:batch:96,-1,False,endpoint-0:worker:0,0,668553,default,endpoint-0,0,completed,,5.507681369781494,0.0013895034790039062,301011,1,446,144,174,5.49575668759644,1785485285.428012,1785485290.9237683,1785485285.428045,1785485290.9185143,1785485290.9236608,5.490469137206674,0.005146723240613937
5,prefix_cache_routing_4ep_1.5b_hitrate,formal,1,1102,18.4 (Ubuntu 18.4-1.pgdg22.04+1),0.8.5,1012,1102:request:301012,1102:batch:97,-1,False,endpoint-0:worker:0,0,668553,default,endpoint-0,0,completed,,5.5174949169158936,0.0011591911315917969,301012,1,1322,681,159,5.489706933498383,1785485285.4315088,1785485290.9212155,1785485285.4315443,1785485290.9170058,1785485290.9209816,5.485461805015802,0.003975706174969673
5,prefix_cache_routing_4ep_1.5b_hitrate,formal,1,1102,18.4 (Ubuntu 18.4-1.pgdg22.04+1),0.8.5,1013,1102:request:301013,1102:batch:97,-1,False,endpoint-3:worker:0,0,668555,default,endpoint-3,1,completed,,8.460170269012451,0.0018315315246582031,301013,1,1104,465,156,8.450611701235175,1785485285.4871433,1785485293.9377546,1785485285.4871879,1785485293.93337,1785485293.937554,8.446182249113917,0.004183413460850716
5,prefix_cache_routing_4ep_1.5b_hitrate,formal,1,1102,18.4 (Ubuntu 18.4-1.pgdg22.04+1),0.8.5,1014,1102:request:301014,1102:batch:97,-1,False,endpoint-2:worker:0,0,668556,default,endpoint-2,1,completed,,5.677331209182739,0.0022420883178710938,301014,1,1521,722,159,5.672630788758397,1785485285.6816885,1785485291.3543189,1785485285.681746,1785485291.3528266,1785485291.3538642,5.671081859618425,0.001036500558257103
5,prefix_cache_routing_4ep_1.5b_hitrate,formal,1,1102,18.4 (Ubuntu 18.4-1.pgdg22.04+1),0.8.5,1015,1102:request:301015,1102:batch:97,-1,False,endpoint-0:worker:0,0,668553,default,endpoint-0,0,completed,,5.405993700027466,0.002597332000732422,301015,1,804,378,152,5.400812536478043,1785485285.6839573,1785485291.0847692,1785485285.683999,1785485291.0837543,1785485291.0844607,5.399755949154496,0.0007058978080749512
5,prefix_cache_routing_4ep_1.5b_hitrate,formal,1,1102,18.4 (Ubuntu 18.4-1.pgdg22.04+1),0.8.5,1016,1102:request:301016,1102:batch:97,-1,False,endpoint-3:worker:0,0,668555,default,endpoint-3,1,completed,,8.043463945388794,0.007082700729370117,301016,1,1455,838,147,8.015545355156064,1785485285.9194396,1785485293.9349794,1785485285.9196007,1785485293.9321022,1785485293.934699,8.012501424178481,0.002596857026219368
5,prefix_cache_routing_4ep_1.5b_hitrate,formal,1,1102,18.4 (Ubuntu 18.4-1.pgdg22.04+1),0.8.5,1017,1102:request:301017,1102:batch:97,-1,False,endpoint-1:worker:0,0,668554,default,endpoint-1,0,completed,,5.667677402496338,0.003322601318359375,301017,1,1055,413,123,5.661293977871537,1785485285.9216044,1785485291.5828972,1785485285.921674,1785485291.5815778,1785485291.5826283,5.659904817119241,0.0010494627058506012
5,prefix_cache_routing_4ep_1.5b_hitrate,formal,1,1102,18.4 (Ubuntu 18.4-1.pgdg22.04+1),0.8.5,1018,1102:request:301018,1102:batch:97,-1,False,endpoint-2:worker:0,0,668556,default,endpoint-2,1,completed,,2.926497459411621,0.0024547576904296875,301018,1,999,445,129,2.922761658206582,1785485286.0008337,1785485288.923595,1785485286.000888,1785485288.9217262,1785485288.923316,2.920840099453926,0.0015879832208156586
5,prefix_cache_routing_4ep_1.5b_hitrate,formal,1,1102,18.4 (Ubuntu 18.4-1.pgdg22.04+1),0.8.5,1019,1102:request:301019,1102:batch:98,-1,False,endpoint-3:worker:0,0,668555,default,endpoint-3,1,completed,,7.892374277114868,0.0024633407592773438,301019,1,1146,487,154,7.866774786263704,1785485286.0965452,1785485293.9633195,1785485286.0965977,1785485293.9573555,1785485293.9631214,7.8607574217021465,0.005765888839960098
5,prefix_cache_routing_4ep_1.5b_hitrate,formal,1,1102,18.4 (Ubuntu 18.4-1.pgdg22.04+1),0.8.5,1020,1102:request:301020,1102:batch:98,-1,False,endpoint-2:worker:0,0,668556,default,endpoint-2,1,completed,,5.625478744506836,0.002153158187866211,301020,1,1485,715,129,5.621455933898687,1785485286.1863801,1785485291.8078353,1785485286.1864333,1785485291.8062055,1785485291.8073943,5.619773311540484,0.0011878032237291336
5,prefix_cache_routing_4ep_1.5b_hitrate,formal,1,1102,18.4 (Ubuntu 18.4-1.pgdg22.04+1),0.8.5,1021,1102:request:301021,1102:batch:98,-1,False,endpoint-2:worker:0,0,668556,default,endpoint-2,1,completed,,5.625262260437012,0.0023162364959716797,301021,1,1055,528,139,5.621528707444668,1785485286.294789,1785485291.9163175,1785485286.2948377,1785485291.915465,1785485291.9160078,5.6206277925521135,0.00054202601313591
5,prefix_cache_routing_4ep_1.5b_hitrate,formal,1,1102,18.4 (Ubuntu 18.4-1.pgdg22.04+1),0.8.5,1022,1102:request:301022,1102:batch:98,-1,False,endpoint-0:worker:0,0,668553,default,endpoint-0,0,completed,,5.4992451667785645,0.002401590347290039,301022,1,1410,805,119,5.493299396708608,1785485286.423436,1785485291.9167352,1785485286.4234667,1785485291.915747,1785485291.9163601,5.492280885577202,0.0006126277148723602
5,prefix_cache_routing_4ep_1.5b_hitrate,formal,1,1102,18.4 (Ubuntu 18.4-1.pgdg22.04+1),0.8.5,1023,1102:request:301023,1102:batch:98,-1,False,endpoint-1:worker:0,0,668554,default,endpoint-1,0,completed,,5.682412147521973,0.002692699432373047,301023,1,263,5,217,5.677642282098532,1785485286.425629,1785485292.10327,1785485286.4256914,1785485292.1024632,1785485292.1031156,5.676772302016616,0.000651579350233078
5,prefix_cache_routing_4ep_1.5b_hitrate,formal,1,1102,18.4 (Ubuntu 18.4-1.pgdg22.04+1),0.8.5,1024,1102:request:301024,1102:batch:98,-1,False,endpoint-2:worker:0,0,668556,default,endpoint-2,1,completed,,5.6321587562561035,0.0021381378173828125,301024,1,356,82,179,5.627850944176316,1785485286.4268734,1785485292.054724,1785485286.4269257,1785485292.053866,1785485292.0545504,5.6269411444664,0.0006839726120233536
5,prefix_cache_routing_4ep_1.5b_hitrate,formal,1,1102,18.4 (Ubuntu 18.4-1.pgdg22.04+1),0.8.5,1025,1102:request:301025,1102:batch:98,-1,False,endpoint-3:worker:0,0,668555,default,endpoint-3,1,completed,,7.525367021560669,0.002147674560546875,301025,1,1395,602,152,7.498046366497874,1785485286.4663115,1785485293.9643571,1785485286.4663594,1785485293.957687,1785485293.964126,7.491327354684472,0.006439208984375
5,prefix_cache_routing_4ep_1.5b_hitrate,formal,1,1102,18.4 (Ubuntu 18.4-1.pgdg22.04+1),0.8.5,1026,1102:request:301026,1102:batch:98,-1,False,endpoint-2:worker:0,0,668556,default,endpoint-2,1,completed,,5.633267164230347,0.0018208026885986328,301026,1,1027,499,144,5.629218854010105,1785485286.5131383,1785485292.142357,1785485286.51317,1785485292.1408393,1785485292.1417825,5.627670243382454,0.0009425245225429535
5,prefix_cache_routing_4ep_1.5b_hitrate,formal,1,1102,18.4 (Ubuntu 18.4-1.pgdg22.04+1),0.8.5,1027,1102:request:301027,1102:batch:99,-1,False,endpoint-0:worker:0,0,668553,default,endpoint-0,0,completed,,5.509874105453491,0.002055644989013672,301027,1,1017,497,178,5.506169702857733,1785485286.6001315,1785485292.106301,1785485286.600165,1785485292.104462,1785485292.105683,5.504297843202949,0.0012206286191940308
5,prefix_cache_routing_4ep_1.5b_hitrate,formal,1,1102,18.4 (Ubuntu 18.4-1.pgdg22.04+1),0.8.5,1028,1102:request:301028,1102:batch:99,-1,False,endpoint-3:worker:0,0,668555,default,endpoint-3,1,completed,,7.260343313217163,0.0031538009643554688,301028,1,1407,612,104,7.245131757110357,1785485286.722374,1785485293.9675055,1785485286.7224245,1785485293.9586422,1785485293.967246,7.236217627301812,0.008603831753134727
5,prefix_cache_routing_4ep_1.5b_hitrate,formal,1,1102,18.4 (Ubuntu 18.4-1.pgdg22.04+1),0.8.5,1029,1102:request:301029,1102:batch:99,-1,False,endpoint-1:worker:0,0,668554,default,endpoint-1,0,completed,,5.711623907089233,0.00298309326171875,301029,1,306,38,211,5.706672735512257,1785485286.72451,1785485292.4311821,1785485286.7246137,1785485292.4294057,1785485292.4308743,5.704792995005846,0.0014678873121738434
5,prefix_cache_routing_4ep_1.5b_hitrate,formal,1,1102,18.4 (Ubuntu 18.4-1.pgdg22.04+1),0.8.5,1030,1102:request:301030,1102:batch:99,-1,False,endpoint-0:worker:0,0,668553,default,endpoint-0,0,completed,,5.507530212402344,0.0027375221252441406,301030,1,806,382,178,5.502211501821876,1785485286.7259653,1785485292.2281766,1785485286.7260554,1785485292.2264545,1785485292.22759,5.500400068238378,0.0011348128318786621
5,prefix_cache_routing_4ep_1.5b_hitrate,formal,1,1102,18.4 (Ubuntu 18.4-1.pgdg22.04+1),0.8.5,1031,1102:request:301031,1102:batch:99,-1,False,endpoint-0:worker:0,0,668553,default,endpoint-0,0,completed,,5.474797010421753,0.0020508766174316406,301031,1,1392,789,163,5.470633890479803,1785485286.8177066,1785485292.2883406,1785485286.8177457,1785485292.286367,1785485292.2875688,5.468622514978051,0.0012011677026748657
5,prefix_cache_routing_4ep_1.5b_hitrate,formal,1,1102,18.4 (Ubuntu 18.4-1.pgdg22.04+1),0.8.5,1032,1102:request:301032,1102:batch:99,-1,False,endpoint-3:worker:0,0,668555,default,endpoint-3,1,completed,,7.159841060638428,0.002879619598388672,301032,1,864,378,125,7.145052690058947,1785485286.8202982,1785485293.96535,1785485286.820399,1785485293.9580045,1785485293.965163,7.137604996562004,0.007158482447266579
5,prefix_cache_routing_4ep_1.5b_hitrate,formal,1,1102,18.4 (Ubuntu 18.4-1.pgdg22.04+1),0.8.5,1033,1102:request:301033,1102:batch:99,-1,False,endpoint-1:worker:0,0,668554,default,endpoint-1,0,completed,,5.715953350067139,0.0026497840881347656,301033,1,1486,812,156,5.700061406940222,1785485286.8470633,1785485292.5471241,1785485286.8471115,1785485292.545431,1785485292.546858,5.698319187387824,0.001426955685019493
5,prefix_cache_routing_4ep_1.5b_hitrate,formal,1,1102,18.4 (Ubuntu 18.4-1.pgdg22.04+1),0.8.5,1034,1102:request:301034,1102:batch:99,-1,False,endpoint-2:worker:0,0,668556,default,endpoint-2,1,completed,,5.651250839233398,0.002828836441040039,301034,1,675,360,181,5.645716451108456,1785485286.8492506,1785485292.494967,1785485286.8493066,1785485292.4933841,1785485292.4944782,5.64407848380506,0.0010935086756944656
5,prefix_cache_routing_4ep_1.5b_hitrate,formal,1,1102,18.4 (Ubuntu 18.4-1.pgdg22.04+1),0.8.5,1035,1102:request:301035,1102:batch:100,-1,False,endpoint-3:worker:0,0,668555,default,endpoint-3,1,completed,,7.113291263580322,0.0024900436401367188,301035,1,978,596,168,7.10365497879684,1785485286.850572,1785485293.9542267,1785485286.8506143,1785485293.9513385,1785485293.953952,7.100724171847105,0.002613307908177376
5,prefix_cache_routing_4ep_1.5b_hitrate,formal,1,1102,18.4 (Ubuntu 18.4-1.pgdg22.04+1),0.8.5,1036,1102:request:301036,1102:batch:100,-1,False,endpoint-3:worker:0,0,668555,default,endpoint-3,1,completed,,7.104157209396362,0.0060977935791015625,301036,1,1161,692,161,7.0676511116325855,1785485286.8938506,1785485293.9615011,1785485286.8940039,1785485293.9567027,1785485293.961254,7.062698485329747,0.004551142454147339
5,prefix_cache_routing_4ep_1.5b_hitrate,formal,1,1102,18.4 (Ubuntu 18.4-1.pgdg22.04+1),0.8.5,1037,1102:request:301037,1102:batch:100,-1,False,endpoint-3:worker:0,0,668555,default,endpoint-3,1,completed,,6.927546739578247,0.0020036697387695312,301037,1,1019,284,80,6.896112211048603,1785485287.07026,1785485293.966372,1785485287.0702968,1785485293.9583213,1785485293.9661815,6.888024685904384,0.007860125973820686
5,prefix_cache_routing_4ep_1.5b_hitrate,formal,1,1102,18.4 (Ubuntu 18.4-1.pgdg22.04+1),0.8.5,1038,1102:request:301038,1102:batch:100,-1,False,endpoint-1:worker:0,0,668554,default,endpoint-1,0,completed,,5.776339769363403,0.002417325973510742,301038,1,266,7,147,5.771471885964274,1785485287.072668,1785485292.844139,1785485287.0727546,1785485292.843366,1785485292.8440108,5.770611105486751,0.0006444714963436127
5,prefix_cache_routing_4ep_1.5b_hitrate,formal,1,1102,18.4 (Ubuntu 18.4-1.pgdg22.04+1),0.8.5,1039,1102:request:301039,1102:batch:100,-1,False,endpoint-2:worker:0,0,668556,default,endpoint-2,1,completed,,5.683990240097046,0.002115011215209961,301039,1,268,10,174,5.679026760160923,1785485287.0742943,1785485292.7533207,1785485287.0743434,1785485292.7521148,1785485292.753113,5.677771480754018,0.0009981822222471237
5,prefix_cache_routing_4ep_1.5b_hitrate,formal,1,1102,18.4 (Ubuntu 18.4-1.pgdg22.04+1),0.8.5,1040,1102:request:301040,1102:batch:100,-1,False,endpoint-1:worker:0,0,668554,default,endpoint-1,0,completed,,5.77482533454895,0.002076864242553711,301040,1,280,23,138,5.769202204421163,1785485287.075969,1785485292.8451712,1785485287.07601,1785485292.8444805,1785485292.84505,5.7684704046696424,0.0005696341395378113
5,prefix_cache_routing_4ep_1.5b_hitrate,formal,1,1102,18.4 (Ubuntu 18.4-1.pgdg22.04+1),0.8.5,1041,1102:request:301041,1102:batch:100,-1,False,endpoint-0:worker:0,0,668553,default,endpoint-0,0,completed,,5.484018325805664,0.002244234085083008,301041,1,262,5,215,5.480188600718975,1785485287.0777397,1785485292.5579278,1785485287.0778072,1785485292.556383,1785485292.5577898,5.4785756673663855,0.0014065690338611603
5,prefix_cache_routing_4ep_1.5b_hitrate,formal,1,1102,18.4 (Ubuntu 18.4-1.pgdg22.04+1),0.8.5,1042,1102:request:301042,1102:batch:100,-1,False,endpoint-2:worker:0,0,668556,default,endpoint-2,1,completed,,5.67809796333313,0.0015103816986083984,301042,1,265,7,164,5.67270084284246,1785485287.0785794,1785485292.7512805,1785485287.0786178,1785485292.7498379,1785485292.7509456,5.671220814809203,0.0011070650070905685
5,prefix_cache_routing_4ep_1.5b_hitrate,formal,1,1102,18.4 (Ubuntu 18.4-1.pgdg22.04+1),0.8.5,1043,1102:request:301043,1102:batch:100,-1,False,endpoint-0:worker:0,0,668553,default,endpoint-0,0,completed,,5.48447585105896,0.0013079643249511719,301043,1,546,206,200,5.476045275107026,1785485287.079898,1785485292.5559435,1785485287.0799332,1785485292.5546658,1785485292.5557332,5.474733142182231,0.0010668616741895676
5,prefix_cache_routing_4ep_1.5b_hitrate,formal,1,1102,18.4 (Ubuntu 18.4-1.pgdg22.04+1),0.8.5,1044,1102:request:301044,1102:batch:100,-1,False,endpoint-2:worker:0,0,668556,default,endpoint-2,1,completed,,5.691256284713745,0.0017421245574951172,301044,1,610,258,174,5.6835139989852905,1785485287.1001089,1785485292.7836237,1785485287.1001534,1785485292.7787051,1785485292.7830567,5.678552467375994,0.004350906237959862
5,prefix_cache_routing_4ep_1.5b_hitrate,formal,1,1102,18.4 (Ubuntu 18.4-1.pgdg22.04+1),0.8.5,1045,1102:request:301045,1102:batch:100,-1,False,endpoint-1:worker:0,0,668554,default,endpoint-1,0,completed,,5.768467903137207,0.001861572265625,301045,1,274,16,182,5.764894271269441,1785485287.10193,1785485292.8668242,1785485287.1019795,1785485292.8650782,1785485292.8665535,5.763099180534482,0.0014753565192222595
5,prefix_cache_routing_4ep_1.5b_hitrate,formal,1,1102,18.4 (Ubuntu 18.4-1.pgdg22.04+1),0.8.5,1046,1102:request:301046,1102:batch:100,-1,False,endpoint-2:worker:0,0,668556,default,endpoint-2,1,completed,,5.690984010696411,0.0024514198303222656,301046,1,836,463,195,5.681475514546037,1785485287.104138,1785485292.785614,1785485287.1041784,1785485292.781125,1785485292.7850237,5.676950599998236,0.0038949567824602127
5,prefix_cache_routing_4ep_1.5b_hitrate,formal,1,1102,18.4 (Ubuntu 18.4-1.pgdg22.04+1),0.8.5,1047,1102:request:301047,1102:batch:100,-1,False,endpoint-3:worker:0,0,668555,default,endpoint-3,1,completed,,6.739261865615845,0.0023636817932128906,301047,1,1279,818,201,6.711008749902248,1785485287.2449825,1785485293.9559906,1785485287.2450397,1785485293.9520984,1785485293.9557455,6.70705826766789,0.0036472566425800323
5,prefix_cache_routing_4ep_1.5b_hitrate,formal,1,1102,18.4 (Ubuntu 18.4-1.pgdg22.04+1),0.8.5,1048,1102:request:301048,1102:batch:100,-1,False,endpoint-1:worker:0,0,668554,default,endpoint-1,0,completed,,5.755911111831665,0.0018601417541503906,301048,1,640,284,159,5.751817485317588,1785485287.2475529,1785485292.9993703,1785485287.2475922,1785485292.9974391,1785485292.9990299,5.749847738072276,0.0015898607671260834
5,prefix_cache_routing_4ep_1.5b_hitrate,formal,1,1102,18.4 (Ubuntu 18.4-1.pgdg22.04+1),0.8.5,1049,1102:request:301049,1102:batch:100,-1,False,endpoint-1:worker:0,0,668554,default,endpoint-1,0,completed,,0.7188632488250732,0.002605915069580078,301049,1,61,26,23,0.7145234551280737,1785485287.250186,1785485287.9647086,1785485287.2502801,1785485287.9637656,1785485287.9645765,0.7134856376796961,0.0008106157183647156
5,prefix_cache_routing_4ep_1.5b_hitrate,formal,1,1102,18.4 (Ubuntu 18.4-1.pgdg22.04+1),0.8.5,1050,1102:request:301050,1102:batch:101,-1,False,endpoint-1:worker:0,0,668554,default,endpoint-1,0,completed,,2.483412027359009,0.002729177474975586,301050,1,185,54,48,2.479481963440776,1785485287.2528436,1785485289.7323253,1785485287.2528825,1785485289.7317965,1785485289.73223,2.4789143074303865,0.0004329811781644821
5,prefix_cache_routing_4ep_1.5b_hitrate,formal,1,1102,18.4 (Ubuntu 18.4-1.pgdg22.04+1),0.8.5,1051,1102:request:301051,1102:batch:101,-1,False,endpoint-1:worker:0,0,668554,default,endpoint-1,0,completed,,2.649007797241211,0.0023050308227539062,301051,1,303,138,98,2.6364790480583906,1785485287.2550826,1785485289.8915617,1785485287.25512,1785485289.890213,1785485289.891231,2.635093577206135,0.0010175947099924088
5,prefix_cache_routing_4ep_1.5b_hitrate,formal,1,1102,18.4 (Ubuntu 18.4-1.pgdg22.04+1),0.8.5,1052,1102:request:301052,1102:batch:101,-1,False,endpoint-1:worker:0,0,668554,default,endpoint-1,0,completed,,5.757903814315796,0.0021619796752929688,301052,1,563,229,200,5.754398176446557,1785485287.256704,1785485293.0111024,1785485287.2567422,1785485293.0100307,1785485293.0108778,5.753289051353931,0.0008469056338071823
5,prefix_cache_routing_4ep_1.5b_hitrate,formal,1,1102,18.4 (Ubuntu 18.4-1.pgdg22.04+1),0.8.5,1053,1102:request:301053,1102:batch:101,-1,False,endpoint-2:worker:0,0,668556,default,endpoint-2,1,completed,,5.687433481216431,0.0019614696502685547,301053,1,698,333,171,5.671752978116274,1785485287.3135188,1785485292.9852712,1785485287.3135688,1785485292.9845433,1785485292.9851089,5.670974420383573,0.0005653910338878632
5,prefix_cache_routing_4ep_1.5b_hitrate,formal,1,1102,18.4 (Ubuntu 18.4-1.pgdg22.04+1),0.8.5,1054,1102:request:301054,1102:batch:101,-1,False,endpoint-2:worker:0,0,668556,default,endpoint-2,1,completed,,5.672850847244263,0.0014438629150390625,301054,1,935,502,102,5.667388355359435,1785485287.3154087,1785485292.9828022,1785485287.315459,1785485292.9804823,1785485292.982222,5.665024299174547,0.0017385352402925491
5,prefix_cache_routing_4ep_1.5b_hitrate,formal,1,1102,18.4 (Ubuntu 18.4-1.pgdg22.04+1),0.8.5,1055,1102:request:301055,1102:batch:101,-1,False,endpoint-0:worker:0,0,668553,default,endpoint-0,0,completed,,5.56509256362915,0.0029113292694091797,301055,1,590,230,179,5.560209140181541,1785485287.3186665,1785485292.8788745,1785485287.3187547,1785485292.877472,1785485292.878405,5.5587180480360985,0.0009325258433818817
5,prefix_cache_routing_4ep_1.5b_hitrate,formal,1,1102,18.4 (Ubuntu 18.4-1.pgdg22.04+1),0.8.5,1056,1102:request:301056,1102:batch:101,-1,False,endpoint-1:worker:0,0,668554,default,endpoint-1,0,completed,,4.739443063735962,0.00191497802734375,301056,1,938,529,162,4.7354919873178005,1785485287.4613647,1785485292.1968563,1785485287.4614086,1785485292.1951306,1785485292.1965895,4.733723301440477,0.001457931473851204
5,prefix_cache_routing_4ep_1.5b_hitrate,formal,1,1102,18.4 (Ubuntu 18.4-1.pgdg22.04+1),0.8.5,1057,1102:request:301057,1102:batch:101,-1,False,endpoint-1:worker:0,0,668554,default,endpoint-1,0,completed,,5.758709192276001,0.0014393329620361328,301057,1,391,58,169,5.754713390022516,1785485287.4640994,1785485293.218813,1785485287.4641364,1785485293.2169578,1785485293.218475,5.75282185152173,0.001516846939921379
5,prefix_cache_routing_4ep_1.5b_hitrate,formal,1,1102,18.4 (Ubuntu 18.4-1.pgdg22.04+1),0.8.5,1058,1102:request:301058,1102:batch:101,-1,False,endpoint-1:worker:0,0,668554,default,endpoint-1,0,completed,,5.770230054855347,0.0016627311706542969,301058,1,1351,508,184,5.763461340218782,1785485287.4713464,1785485293.2348077,1785485287.4714003,1785485293.2339177,1785485293.2345579,5.762517511844635,0.0006402023136615753
5,prefix_cache_routing_4ep_1.5b_hitrate,formal,1,1102,18.4 (Ubuntu 18.4-1.pgdg22.04+1),0.8.5,1059,1102:request:301059,1102:batch:101,-1,False,endpoint-0:worker:0,0,668553,default,endpoint-0,0,completed,,5.537672281265259,0.0018706321716308594,301059,1,1534,660,178,5.534061968326569,1785485287.4899995,1785485293.0240614,1785485287.4900444,1785485293.0224183,1785485293.0232503,5.532374478876591,0.0008319690823554993
5,prefix_cache_routing_4ep_1.5b_hitrate,formal,1,1102,18.4 (Ubuntu 18.4-1.pgdg22.04+1),0.8.5,1060,1102:request:301060,1102:batch:101,-1,False,endpoint-3:worker:0,0,668555,default,endpoint-3,1,completed,,6.486314296722412,0.0016701221466064453,301060,1,630,270,130,6.470449440181255,1785485287.4919195,1785485293.9623687,1785485287.4919636,1785485293.9570334,1785485293.9622257,6.465069694444537,0.005192333832383156
5,prefix_cache_routing_4ep_1.5b_hitrate,formal,1,1102,18.4 (Ubuntu 18.4-1.pgdg22.04+1),0.8.5,1061,1102:request:301061,1102:batch:102,-1,False,endpoint-2:worker:0,0,668556,default,endpoint-2,1,completed,,5.725389003753662,0.0017032623291015625,301061,1,997,518,158,5.719701528549194,1785485287.4995599,1785485293.2192612,1785485287.499605,1785485293.2179196,1785485293.2189996,5.718315066769719,0.001079333946108818
5,prefix_cache_routing_4ep_1.5b_hitrate,formal,1,1102,18.4 (Ubuntu 18.4-1.pgdg22.04+1),0.8.5,1062,1102:request:301062,1102:batch:102,-1,False,endpoint-1:worker:0,0,668554,default,endpoint-1,0,completed,,5.746892690658569,0.0016868114471435547,301062,1,311,42,181,5.744195856153965,1785485287.5022573,1785485293.246453,1785485287.5023088,1785485293.2457433,1785485293.2463176,5.743434427306056,0.0005739312618970871
5,prefix_cache_routing_4ep_1.5b_hitrate,formal,1,1102,18.4 (Ubuntu 18.4-1.pgdg22.04+1),0.8.5,1063,1102:request:301063,1102:batch:102,-1,False,endpoint-2:worker:0,0,668556,default,endpoint-2,1,completed,,5.748678207397461,0.0018150806427001953,301063,1,593,265,201,5.744214812293649,1785485287.6117954,1785485293.3560104,1785485287.6118417,1785485293.3545582,1785485293.3555899,5.742717193439603,0.0010312385857105255
5,prefix_cache_routing_4ep_1.5b_hitrate,formal,1,1102,18.4 (Ubuntu 18.4-1.pgdg22.04+1),0.8.5,1064,1102:request:301064,1102:batch:102,-1,False,endpoint-3:worker:0,0,668555,default,endpoint-3,1,completed,,6.370551824569702,0.0016303062438964844,301064,1,860,474,205,6.345247795805335,1785485287.6152833,1785485293.9605308,1785485287.6153252,1785485293.9563344,1785485293.9602654,6.34100903570652,0.003931077197194099
5,prefix_cache_routing_4ep_1.5b_hitrate,formal,1,1102,18.4 (Ubuntu 18.4-1.pgdg22.04+1),0.8.5,1065,1102:request:301065,1102:batch:102,-1,False,endpoint-3:worker:0,0,668555,default,endpoint-3,1,completed,,6.34395170211792,0.0018570423126220703,301065,1,1148,711,196,6.326815951615572,1785485287.6282837,1785485293.955099,1785485287.6283293,1785485293.9517531,1785485293.9548535,6.323423940688372,0.0031004436314105988
5,prefix_cache_routing_4ep_1.5b_hitrate,formal,1,1102,18.4 (Ubuntu 18.4-1.pgdg22.04+1),0.8.5,1066,1102:request:301066,1102:batch:102,-1,False,endpoint-0:worker:0,0,668553,default,endpoint-0,0,completed,,5.042383193969727,0.0020215511322021484,301066,1,1404,939,166,5.038350524380803,1785485287.692524,1785485292.7308745,1785485287.6925774,1785485292.729077,1785485292.7300434,5.036500588059425,0.0009659603238105774
5,prefix_cache_routing_4ep_1.5b_hitrate,formal,1,1102,18.4 (Ubuntu 18.4-1.pgdg22.04+1),0.8.5,1067,1102:request:301067,1102:batch:102,-1,False,endpoint-1:worker:0,0,668554,default,endpoint-1,0,completed,,5.728281497955322,0.0034220218658447266,301067,1,610,309,208,5.722071837633848,1785485287.6966279,1785485293.418699,1785485287.6967173,1785485293.4177444,1785485293.4184988,5.721026977524161,0.000754036009311676
5,prefix_cache_routing_4ep_1.5b_hitrate,formal,1,1102,18.4 (Ubuntu 18.4-1.pgdg22.04+1),0.8.5,1068,1102:request:301068,1102:batch:102,-1,False,endpoint-3:worker:0,0,668555,default,endpoint-3,1,completed,,6.157164096832275,0.002380847930908203,301068,1,745,433,221,6.152759561315179,1785485287.697368,1785485293.8501267,1785485287.6974614,1785485293.847264,1785485293.849552,6.149803107604384,0.0022880565375089645
5,prefix_cache_routing_4ep_1.5b_hitrate,formal,1,1102,18.4 (Ubuntu 18.4-1.pgdg22.04+1),0.8.5,1069,1102:request:301069,1102:batch:102,-1,False,endpoint-1:worker:0,0,668554,default,endpoint-1,0,completed,,4.767172574996948,0.0021028518676757812,301069,1,1003,702,178,4.762566806748509,1785485287.7837353,1785485292.5463018,1785485287.7837732,1785485292.5450175,1785485292.5460396,4.761244688183069,0.0010215174406766891
5,prefix_cache_routing_4ep_1.5b_hitrate,formal,1,1102,18.4 (Ubuntu 18.4-1.pgdg22.04+1),0.8.5,1070,1102:request:301070,1102:batch:103,-1,False,endpoint-3:worker:0,0,668555,default,endpoint-3,1,completed,,4.026254653930664,0.0018095970153808594,301070,1,1113,882,86,4.0220102071762085,1785485287.827624,1785485291.8496344,1785485287.8276582,1785485291.8481746,1785485291.849338,4.020516956225038,0.0011629313230514526
5,prefix_cache_routing_4ep_1.5b_hitrate,formal,1,1102,18.4 (Ubuntu 18.4-1.pgdg22.04+1),0.8.5,1071,1102:request:301071,1102:batch:103,-1,False,endpoint-2:worker:0,0,668556,default,endpoint-2,1,completed,,4.374227523803711,0.0032958984375,301071,1,1299,983,144,4.36823121830821,1785485287.9419832,1785485292.3102133,1785485287.9421136,1785485292.308376,1785485292.309502,4.366262825205922,0.0011255275458097458
5,prefix_cache_routing_4ep_1.5b_hitrate,formal,1,1102,18.4 (Ubuntu 18.4-1.pgdg22.04+1),0.8.5,1072,1102:request:301072,1102:batch:103,-1,False,endpoint-1:worker:0,0,668554,default,endpoint-1,0,completed,,5.759029865264893,0.004849672317504883,301072,1,295,26,129,5.752746433019638,1785485287.947085,1785485293.6998308,1785485287.9471943,1785485293.6989264,1785485293.6996963,5.751731991767883,0.0007695555686950684
5,prefix_cache_routing_4ep_1.5b_hitrate,formal,1,1102,18.4 (Ubuntu 18.4-1.pgdg22.04+1),0.8.5,1073,1102:request:301073,1102:batch:103,-1,False,endpoint-2:worker:0,0,668556,default,endpoint-2,1,completed,,5.74370551109314,0.001501321792602539,301073,1,272,13,138,5.7380065228790045,1785485287.9511065,1785485293.689113,1785485287.951146,1785485293.688522,1785485293.6890075,5.737375980243087,0.00048565492033958435
5,prefix_cache_routing_4ep_1.5b_hitrate,formal,1,1102,18.4 (Ubuntu 18.4-1.pgdg22.04+1),0.8.5,1074,1102:request:301074,1102:batch:103,-1,False,endpoint-2:worker:0,0,668556,default,endpoint-2,1,completed,,5.7390148639678955,0.0010271072387695312,301074,1,401,121,178,5.735479582101107,1785485287.9526608,1785485293.6881404,1785485287.9526942,1785485293.6873603,1785485293.687955,5.734666360542178,0.0005942899733781815
5,prefix_cache_routing_4ep_1.5b_hitrate,formal,1,1102,18.4 (Ubuntu 18.4-1.pgdg22.04+1),0.8.5,1075,1102:request:301075,1102:batch:103,-1,False,endpoint-0:worker:0,0,668553,default,endpoint-0,0,completed,,5.484023332595825,0.0017290115356445312,301075,1,682,326,145,5.4799721874296665,1785485287.970571,1785485293.4505434,1785485287.9706209,1785485293.4490042,1785485293.4500759,5.478384466841817,0.0010709725320339203
5,prefix_cache_routing_4ep_1.5b_hitrate,formal,1,1102,18.4 (Ubuntu 18.4-1.pgdg22.04+1),0.8.5,1076,1102:request:301076,1102:batch:103,-1,False,endpoint-3:worker:0,0,668555,default,endpoint-3,1,completed,,5.651684045791626,0.0017745494842529297,301076,1,848,454,125,5.648039452731609,1785485287.995407,1785485293.6434462,1785485287.995442,1785485293.6421936,1785485293.6432002,5.646752601489425,0.001005563884973526
5,prefix_cache_routing_4ep_1.5b_hitrate,formal,1,1102,18.4 (Ubuntu 18.4-1.pgdg22.04+1),0.8.5,1077,1102:request:301077,1102:batch:103,-1,False,endpoint-1:worker:0,0,668554,default,endpoint-1,0,completed,,5.5111143589019775,0.0019116401672363281,301077,1,1012,570,178,5.506788177415729,1785485288.0147157,1785485293.5215037,1785485288.0147617,1785485293.520292,1785485293.5212514,5.505531238391995,0.0009584706276655197
5,prefix_cache_routing_4ep_1.5b_hitrate,formal,1,1102,18.4 (Ubuntu 18.4-1.pgdg22.04+1),0.8.5,1078,1102:request:301078,1102:batch:103,-1,False,endpoint-1:worker:0,0,668554,default,endpoint-1,0,completed,,5.2975687980651855,0.002207517623901367,301078,1,1316,761,200,5.291171193122864,1785485288.1288776,1785485293.4200487,1785485288.1289284,1785485293.4190705,1785485293.419759,5.290141824632883,0.000688605010509491
5,prefix_cache_routing_4ep_1.5b_hitrate,formal,1,1102,18.4 (Ubuntu 18.4-1.pgdg22.04+1),0.8.5,1079,1102:request:301079,1102:batch:103,-1,False,endpoint-2:worker:0,0,668556,default,endpoint-2,1,completed,,5.718203783035278,0.0025589466094970703,301079,1,269,10,184,5.71328548155725,1785485288.1337242,1785485293.8470092,1785485288.133805,1785485293.8457205,1785485293.8467345,5.711916068568826,0.0010136514902114868
5,prefix_cache_routing_4ep_1.5b_hitrate,formal,1,1102,18.4 (Ubuntu 18.4-1.pgdg22.04+1),0.8.5,1080,1102:request:301080,1102:batch:103,-1,False,endpoint-3:worker:0,0,668555,default,endpoint-3,1,completed,,6.092987775802612,0.0015938282012939453,301080,1,631,302,213,6.048369467258453,1785485288.1422722,1785485294.1906414,1785485288.1423047,1785485294.1856353,1785485294.1904984,6.043330596759915,0.004863016307353973
5,prefix_cache_routing_4ep_1.5b_hitrate,formal,1,1102,18.4 (Ubuntu 18.4-1.pgdg22.04+1),0.8.5,1081,1102:request:301081,1102:batch:104,-1,False,endpoint-3:worker:0,0,668555,default,endpoint-3,1,completed,,6.0902838706970215,0.0012900829315185547,301081,1,925,544,168,6.040209695696831,1785485288.1439638,1785485294.1841736,1785485288.1439977,1785485294.183012,1785485294.183872,6.039015406742692,0.0008590929210186005
5,prefix_cache_routing_4ep_1.5b_hitrate,formal,1,1102,18.4 (Ubuntu 18.4-1.pgdg22.04+1),0.8.5,1082,1102:request:301082,1102:batch:104,-1,False,endpoint-0:worker:0,0,668553,default,endpoint-0,0,completed,,5.526673078536987,0.002017974853515625,301082,1,1137,711,148,5.520369606092572,1785485288.179568,1785485293.6999373,1785485288.1796122,1785485293.6987586,1785485293.6994612,5.519146693870425,0.000702371820807457
5,prefix_cache_routing_4ep_1.5b_hitrate,formal,1,1102,18.4 (Ubuntu 18.4-1.pgdg22.04+1),0.8.5,1083,1102:request:301083,1102:batch:104,-1,False,endpoint-1:worker:0,0,668554,default,endpoint-1,0,completed,,5.743884563446045,0.001996755599975586,301083,1,871,378,128,5.7330015152692795,1785485288.225815,1785485293.9588168,1785485288.2258797,1785485293.9567888,1785485293.958352,5.730909883975983,0.0015629231929779053
5,prefix_cache_routing_4ep_1.5b_hitrate,formal,1,1102,18.4 (Ubuntu 18.4-1.pgdg22.04+1),0.8.5,1084,1102:request:301084,1102:batch:104,-1,False,endpoint-3:worker:0,0,668555,default,endpoint-3,1,completed,,5.931666851043701,0.002184629440307617,301084,1,1350,618,157,5.907471107318997,1785485288.2869542,1785485294.1944253,1785485288.2869947,1785485294.1871867,1785485294.1941915,5.90019197948277,0.007004695013165474
5,prefix_cache_routing_4ep_1.5b_hitrate,formal,1,1102,18.4 (Ubuntu 18.4-1.pgdg22.04+1),0.8.5,1085,1102:request:301085,1102:batch:104,-1,False,endpoint-1:worker:0,0,668554,default,endpoint-1,0,completed,,5.696325063705444,0.0018868446350097656,301085,1,822,285,108,5.691853392869234,1785485288.3245196,1785485294.0163727,1785485288.32457,1785485294.015439,1785485294.01615,5.690869504585862,0.0007105711847543716
5,prefix_cache_routing_4ep_1.5b_hitrate,formal,1,1102,18.4 (Ubuntu 18.4-1.pgdg22.04+1),0.8.5,1086,1102:request:301086,1102:batch:104,-1,False,endpoint-1:worker:0,0,668554,default,endpoint-1,0,completed,,5.697431802749634,0.0021762847900390625,301086,1,1094,425,138,5.690740901976824,1785485288.326873,1785485294.017614,1785485288.326924,1785485294.0167143,1785485294.017382,5.689790144562721,0.0006677228957414627
5,prefix_cache_routing_4ep_1.5b_hitrate,formal,1,1102,18.4 (Ubuntu 18.4-1.pgdg22.04+1),0.8.5,1087,1102:request:301087,1102:batch:104,-1,False,endpoint-2:worker:0,0,668556,default,endpoint-2,1,completed,,5.788118124008179,0.002200603485107422,301087,1,1353,640,197,5.784117262810469,1785485288.3462296,1785485294.1303468,1785485288.3462844,1785485294.1284919,1785485294.1296585,5.782208051532507,0.0011661164462566376
5,prefix_cache_routing_4ep_1.5b_hitrate,formal,1,1102,18.4 (Ubuntu 18.4-1.pgdg22.04+1),0.8.5,1088,1102:request:301088,1102:batch:105,-1,False,endpoint-2:worker:0,0,668556,default,endpoint-2,1,completed,,5.791593074798584,0.0017871856689453125,301088,1,873,214,91,5.788138676434755,1785485288.3565693,1785485294.144708,1785485288.3566065,1785485294.1433663,1785485294.1445112,5.786760380491614,0.0011444129049777985
5,prefix_cache_routing_4ep_1.5b_hitrate,formal,1,1102,18.4 (Ubuntu 18.4-1.pgdg22.04+1),0.8.5,1089,1102:request:301089,1102:batch:105,-1,False,endpoint-0:worker:0,0,668553,default,endpoint-0,0,completed,,5.580324172973633,0.0015850067138671875,301089,1,1242,479,146,5.567786553874612,1785485288.3849769,1785485293.9527636,1785485288.3850152,1785485293.951221,1785485293.95221,5.566206943243742,0.0009879879653453827
5,prefix_cache_routing_4ep_1.5b_hitrate,formal,1,1102,18.4 (Ubuntu 18.4-1.pgdg22.04+1),0.8.5,1090,1102:request:301090,1102:batch:105,-1,False,endpoint-3:worker:0,0,668555,default,endpoint-3,1,completed,,5.803011417388916,0.0017979145050048828,301090,1,595,246,137,5.777681428939104,1785485288.4175355,1785485294.1952167,1785485288.4175699,1785485294.1874998,1785485294.1950676,5.7699299324303865,0.007567984983325005
5,prefix_cache_routing_4ep_1.5b_hitrate,formal,1,1102,18.4 (Ubuntu 18.4-1.pgdg22.04+1),0.8.5,1091,1102:request:301091,1102:batch:105,-1,False,endpoint-1:worker:0,0,668554,default,endpoint-1,0,completed,,5.794037818908691,0.0022339820861816406,301091,1,961,514,149,5.789532523602247,1785485288.5763118,1785485294.365844,1785485288.5763628,1785485294.3649058,1785485294.3655994,5.788543479517102,0.0006932169198989868
5,prefix_cache_routing_4ep_1.5b_hitrate,formal,1,1102,18.4 (Ubuntu 18.4-1.pgdg22.04+1),0.8.5,1092,1102:request:301092,1102:batch:105,-1,False,endpoint-3:worker:0,0,668555,default,endpoint-3,1,completed,,5.550708770751953,0.0018317699432373047,301092,1,1366,805,192,5.537666730582714,1785485288.6510403,1785485294.1887066,1785485288.651073,1785485294.184589,1785485294.188396,5.5335156209766865,0.0038072634488344193
5,prefix_cache_routing_4ep_1.5b_hitrate,formal,1,1102,18.4 (Ubuntu 18.4-1.pgdg22.04+1),0.8.5,1093,1102:request:301093,1102:batch:105,-1,False,endpoint-0:worker:0,0,668553,default,endpoint-0,0,completed,,5.583787441253662,0.002304553985595703,301093,1,276,16,185,5.555658785626292,1785485288.6546,1785485294.210258,1785485288.65466,1785485294.2091486,1785485294.2100394,5.554489141330123,0.000889994204044342
5,prefix_cache_routing_4ep_1.5b_hitrate,formal,1,1102,18.4 (Ubuntu 18.4-1.pgdg22.04+1),0.8.5,1094,1102:request:301094,1102:batch:105,-1,False,endpoint-2:worker:0,0,668556,default,endpoint-2,1,completed,,5.840274333953857,0.0031249523162841797,301094,1,684,321,213,5.835537772625685,1785485288.6581125,1785485294.4936497,1785485288.6581998,1785485294.4928222,1785485294.4934216,5.834622487425804,0.0005989950150251389
5,prefix_cache_routing_4ep_1.5b_hitrate,formal,1,1102,18.4 (Ubuntu 18.4-1.pgdg22.04+1),0.8.5,1095,1102:request:301095,1102:batch:105,-1,False,endpoint-3:worker:0,0,668555,default,endpoint-3,1,completed,,5.545769691467285,0.03771328926086426,301095,1,1088,660,136,5.4930330365896225,1785485288.6969886,1785485294.190022,1785485288.6970255,1785485294.185307,1785485294.1898115,5.488281486555934,0.0045041367411613464
5,prefix_cache_routing_4ep_1.5b_hitrate,formal,1,1102,18.4 (Ubuntu 18.4-1.pgdg22.04+1),0.8.5,1096,1102:request:301096,1102:batch:105,-1,False,endpoint-0:worker:0,0,668553,default,endpoint-0,0,completed,,5.561673641204834,0.002527952194213867,301096,1,278,14,179,5.546373819932342,1785485288.6651227,1785485294.211496,1785485288.6651607,1785485294.2108428,1785485294.211395,5.545682268217206,0.0005521327257156372
5,prefix_cache_routing_4ep_1.5b_hitrate,formal,1,1102,18.4 (Ubuntu 18.4-1.pgdg22.04+1),0.8.5,1097,1102:request:301097,1102:batch:105,-1,False,endpoint-3:worker:0,0,668555,default,endpoint-3,1,completed,,5.557152509689331,0.03397965431213379,301097,1,601,267,200,5.4941029734909534,1785485288.6986885,1785485294.1927915,1785485288.6987195,1785485294.186554,1785485294.192655,5.487834222614765,0.006101306527853012
5,prefix_cache_routing_4ep_1.5b_hitrate,formal,1,1102,18.4 (Ubuntu 18.4-1.pgdg22.04+1),0.8.5,1098,1102:request:301098,1102:batch:106,-1,False,endpoint-3:worker:0,0,668555,default,endpoint-3,1,completed,,5.55214786529541,0.02772998809814453,301098,1,959,528,194,5.498534113168716,1785485288.6950374,1785485294.193571,1785485288.6950834,1785485294.1868603,1785485294.1933858,5.491777053102851,0.006525514647364616
5,prefix_cache_routing_4ep_1.5b_hitrate,formal,1,1102,18.4 (Ubuntu 18.4-1.pgdg22.04+1),0.8.5,1099,1102:request:301099,1102:batch:106,-1,False,endpoint-3:worker:0,0,668555,default,endpoint-3,1,completed,,5.543917179107666,0.032747745513916016,301099,1,658,257,167,5.489187963306904,1785485288.7029154,1785485294.1921031,1785485288.7029598,1785485294.1862533,1785485294.1919425,5.483293442055583,0.005689116194844246
5,prefix_cache_routing_4ep_1.5b_hitrate,formal,1,1102,18.4 (Ubuntu 18.4-1.pgdg22.04+1),0.8.5,1100,1102:request:301100,1102:batch:106,-1,False,endpoint-3:worker:0,0,668555,default,endpoint-3,1,completed,,5.532325744628906,0.020516395568847656,301100,1,1113,549,173,5.4837713576853275,1785485288.7131665,1785485294.1969373,1785485288.7132583,1785485294.1877985,1785485294.1966414,5.474540026858449,0.008843015879392624
5,prefix_cache_routing_4ep_1.5b_hitrate,formal,1,1102,18.4 (Ubuntu 18.4-1.pgdg22.04+1),0.8.5,1101,1102:request:301101,1102:batch:106,-1,False,endpoint-3:worker:0,0,668555,default,endpoint-3,1,completed,,5.848478555679321,0.022963523864746094,301101,1,1425,804,163,5.8007113710045815,1785485288.7189343,1785485294.5196455,1785485288.7189813,1785485294.5115786,1785485294.5194016,5.792597172781825,0.007822852581739426
5,prefix_cache_routing_4ep_1.5b_hitrate,formal,1,1102,18.4 (Ubuntu 18.4-1.pgdg22.04+1),0.8.5,1102,1102:request:301102,1102:batch:106,-1,False,endpoint-3:worker:0,0,668555,default,endpoint-3,1,completed,,5.878924369812012,0.02457404136657715,301102,1,616,173,101,5.785194847732782,1785485288.7229326,1785485294.5081272,1785485288.7229724,1785485294.5064845,1785485294.5078912,5.783513206988573,0.0014060866087675095
5,prefix_cache_routing_4ep_1.5b_hitrate,formal,1,1102,18.4 (Ubuntu 18.4-1.pgdg22.04+1),0.8.5,1103,1102:request:301103,1102:batch:106,-1,False,endpoint-3:worker:0,0,668555,default,endpoint-3,1,completed,,5.5019471645355225,0.025743484497070312,301103,1,1212,477,117,5.462911622598767,1785485288.7264564,1785485294.1893678,1785485288.726492,1785485294.184964,1785485294.1891494,5.458472020924091,0.004185490310192108
5,prefix_cache_routing_4ep_1.5b_hitrate,formal,1,1102,18.4 (Ubuntu 18.4-1.pgdg22.04+1),0.8.5,1104,1102:request:301104,1102:batch:106,-1,False,endpoint-3:worker:0,0,668555,default,endpoint-3,1,completed,,5.5302653312683105,0.023844242095947266,301104,1,1614,754,86,5.4610696993768215,1785485288.7303448,1785485294.1914144,1785485288.7303805,1785485294.1859467,1785485294.1911411,5.455566126853228,0.005194278433918953
5,prefix_cache_routing_4ep_1.5b_hitrate,formal,1,1102,18.4 (Ubuntu 18.4-1.pgdg22.04+1),0.8.5,1105,1102:request:301105,1102:batch:107,-1,False,endpoint-3:worker:0,0,668555,default,endpoint-3,1,completed,,5.848012924194336,0.02412891387939453,301105,1,899,347,166,5.786805273965001,1785485288.7336724,1785485294.5204778,1785485288.7337062,1785485294.5118706,1785485294.5202954,5.778164502233267,0.008424630388617516
5,prefix_cache_routing_4ep_1.5b_hitrate,formal,1,1102,18.4 (Ubuntu 18.4-1.pgdg22.04+1),0.8.5,1106,1102:request:301106,1102:batch:107,-1,False,endpoint-3:worker:0,0,668555,default,endpoint-3,1,completed,,5.834996461868286,0.0249631404876709,301106,1,964,400,151,5.7803110759705305,1785485288.736868,1785485294.5171788,1785485288.7369092,1785485294.5106928,1785485294.5170074,5.7737836092710495,0.006314488127827644
5,prefix_cache_routing_4ep_1.5b_hitrate,formal,1,1102,18.4 (Ubuntu 18.4-1.pgdg22.04+1),0.8.5,1107,1102:request:301107,1102:batch:107,-1,False,endpoint-3:worker:0,0,668555,default,endpoint-3,1,completed,,5.8424811363220215,0.02274179458618164,301107,1,1422,731,160,5.774935573339462,1785485288.7383928,1785485294.5133283,1785485288.7384205,1785485294.50889,1785485294.513053,5.770469373092055,0.0041631534695625305
5,prefix_cache_routing_4ep_1.5b_hitrate,formal,1,1102,18.4 (Ubuntu 18.4-1.pgdg22.04+1),0.8.5,1108,1102:request:301108,1102:batch:107,-1,False,endpoint-3:worker:0,0,668555,default,endpoint-3,1,completed,,5.835550785064697,0.024013519287109375,301108,1,575,250,155,5.772574024274945,1785485288.7412844,1785485294.5138586,1785485288.7413137,1785485294.5092156,1785485294.513712,5.767901694402099,0.004496335983276367
5,prefix_cache_routing_4ep_1.5b_hitrate,formal,1,1102,18.4 (Ubuntu 18.4-1.pgdg22.04+1),0.8.5,1109,1102:request:301109,1102:batch:107,-1,False,endpoint-3:worker:0,0,668555,default,endpoint-3,1,completed,,5.845294713973999,0.025976896286010742,301109,1,873,447,133,5.768144683912396,1785485288.746303,1785485294.5144477,1785485288.746342,1785485294.5095222,1785485294.5142653,5.763180524110794,0.004743056371808052
5,prefix_cache_routing_4ep_1.5b_hitrate,formal,1,1102,18.4 (Ubuntu 18.4-1.pgdg22.04+1),0.8.5,1110,1102:request:301110,1102:batch:107,-1,False,endpoint-3:worker:0,0,668555,default,endpoint-3,1,completed,,5.806999683380127,0.025063276290893555,301110,1,1240,692,102,5.768118774518371,1785485288.7477114,1785485294.5158303,1785485288.747739,1785485294.5101106,1785485294.5156176,5.76237165927887,0.005506737157702446
5,prefix_cache_routing_4ep_1.5b_hitrate,formal,1,1102,18.4 (Ubuntu 18.4-1.pgdg22.04+1),0.8.5,1111,1102:request:301111,1102:batch:107,-1,False,endpoint-1:worker:0,0,668554,default,endpoint-1,0,completed,,5.7757651805877686,0.002499103546142578,301111,1,1514,876,155,5.7720491997897625,1785485288.782075,1785485294.554124,1785485288.782128,1785485294.5529525,1785485294.5537264,5.770824631676078,0.0007736403495073318
5,prefix_cache_routing_4ep_1.5b_hitrate,formal,1,1102,18.4 (Ubuntu 18.4-1.pgdg22.04+1),0.8.5,1112,1102:request:301112,1102:batch:107,-1,False,endpoint-3:worker:0,0,668555,default,endpoint-3,1,completed,,5.792752027511597,0.004603147506713867,301112,1,831,354,204,5.730620635673404,1785485288.7858634,1785485294.5164838,1785485288.7859063,1785485294.510395,1785485294.5163238,5.724488710984588,0.005928743630647659
5,prefix_cache_routing_4ep_1.5b_hitrate,formal,1,1102,18.4 (Ubuntu 18.4-1.pgdg22.04+1),0.8.5,1113,1102:request:301113,1102:batch:108,-1,False,endpoint-2:worker:0,0,668556,default,endpoint-2,1,completed,,5.8467347621917725,0.0020470619201660156,301113,1,1061,551,159,5.8399901278316975,1785485288.784982,1785485294.624972,1785485288.7850175,1785485294.623848,1785485294.6244206,5.838830698281527,0.00057222880423069
5,prefix_cache_routing_4ep_1.5b_hitrate,formal,1,1102,18.4 (Ubuntu 18.4-1.pgdg22.04+1),0.8.5,1114,1102:request:301114,1102:batch:108,-1,False,endpoint-3:worker:0,0,668555,default,endpoint-3,1,completed,,5.70616602897644,0.001972198486328125,301114,1,1483,860,153,5.651568155735731,1785485288.8672028,1785485294.5187707,1785485288.867245,1785485294.5112786,1785485294.5185082,5.644033344462514,0.00722966343164444
5,prefix_cache_routing_4ep_1.5b_hitrate,formal,1,1102,18.4 (Ubuntu 18.4-1.pgdg22.04+1),0.8.5,1115,1102:request:301115,1102:batch:108,-1,False,endpoint-1:worker:0,0,668554,default,endpoint-1,0,completed,,5.7853333950042725,0.0024843215942382812,301115,1,618,292,196,5.7813559751957655,1785485288.8693666,1785485294.6507215,1785485288.8694553,1785485294.6483216,1785485294.6505134,5.778866790235043,0.002191038802266121
5,prefix_cache_routing_4ep_1.5b_hitrate,formal,1,1102,18.4 (Ubuntu 18.4-1.pgdg22.04+1),0.8.5,1116,1102:request:301116,1102:batch:108,-1,False,endpoint-3:worker:0,0,668555,default,endpoint-3,1,completed,,5.692298650741577,0.0013668537139892578,301116,1,1072,670,122,5.64605482108891,1785485288.871871,1785485294.5179257,1785485288.87191,1785485294.510988,1785485294.5177305,5.639077944681048,0.006742648780345917
5,prefix_cache_routing_4ep_1.5b_hitrate,formal,1,1102,18.4 (Ubuntu 18.4-1.pgdg22.04+1),0.8.5,1117,1102:request:301117,1102:batch:108,-1,False,endpoint-3:worker:0,0,668555,default,endpoint-3,1,completed,,5.662930011749268,0.001312255859375,301117,1,1481,954,207,5.640407923609018,1785485288.8747332,1785485294.5151408,1785485288.8747659,1785485294.5098197,1785485294.514882,5.635053649544716,0.005062336102128029
5,prefix_cache_routing_4ep_1.5b_hitrate,formal,1,1102,18.4 (Ubuntu 18.4-1.pgdg22.04+1),0.8.5,1118,1102:request:301118,1102:batch:108,-1,False,endpoint-3:worker:0,0,668555,default,endpoint-3,1,completed,,5.659399032592773,0.0012617111206054688,301118,1,855,344,114,5.635651616379619,1785485288.8770142,1785485294.5126657,1785485288.8770487,1785485294.5085235,1785485294.5124297,5.6314748134464025,0.0039061661809682846
5,prefix_cache_routing_4ep_1.5b_hitrate,formal,1,1102,18.4 (Ubuntu 18.4-1.pgdg22.04+1),0.8.5,1119,1102:request:301119,1102:batch:108,-1,False,endpoint-3:worker:0,0,668555,default,endpoint-3,1,completed,,6.002802610397339,0.0016303062438964844,301119,1,1287,641,156,5.963999269530177,1785485288.8797808,1785485294.84378,1785485288.8798232,1785485294.842819,1785485294.8434403,5.962996957823634,0.0006205420941114426
5,prefix_cache_routing_4ep_1.5b_hitrate,formal,1,1102,18.4 (Ubuntu 18.4-1.pgdg22.04+1),0.8.5,1120,1102:request:301120,1102:batch:108,-1,False,endpoint-3:worker:0,0,668555,default,endpoint-3,1,completed,,6.726485013961792,0.002340555191040039,301120,1,444,164,197,6.721739636734128,1785485288.8821087,1785485295.6038485,1785485288.8821445,1785485295.6031246,1785485295.6036627,6.7209808602929115,0.0005376562476158142
5,prefix_cache_routing_4ep_1.5b_hitrate,formal,1,1102,18.4 (Ubuntu 18.4-1.pgdg22.04+1),0.8.5,1121,1102:request:301121,1102:batch:109,-1,False,endpoint-3:worker:0,0,668555,default,endpoint-3,1,completed,,7.03917932510376,0.002571582794189453,301121,1,616,315,216,7.03170196339488,1785485288.8845484,1785485295.9162505,1785485288.8845835,1785485295.91515,1785485295.9159403,7.030567055568099,0.000789988785982132
5,prefix_cache_routing_4ep_1.5b_hitrate,formal,1,1102,18.4 (Ubuntu 18.4-1.pgdg22.04+1),0.8.5,1122,1102:request:301122,1102:batch:109,-1,False,endpoint-3:worker:0,0,668555,default,endpoint-3,1,completed,,7.329466104507446,0.0028078556060791016,301122,1,759,440,210,7.323590744286776,1785485288.8863049,1785485296.2098954,1785485288.8863428,1785485296.20913,1785485296.2096565,7.32278767041862,0.0005262754857540131
5,prefix_cache_routing_4ep_1.5b_hitrate,formal,1,1102,18.4 (Ubuntu 18.4-1.pgdg22.04+1),0.8.5,1123,1102:request:301123,1102:batch:109,-1,False,endpoint-3:worker:0,0,668555,default,endpoint-3,1,completed,,7.869129657745361,0.0013110637664794922,301123,1,1053,673,203,7.865616092458367,1785485288.8884053,1785485296.754022,1785485288.8884397,1785485296.7522721,1785485296.753403,7.863833526149392,0.0011301357299089432
5,prefix_cache_routing_4ep_1.5b_hitrate,formal,1,1102,18.4 (Ubuntu 18.4-1.pgdg22.04+1),0.8.5,1124,1102:request:301124,1102:batch:109,-1,False,endpoint-1:worker:0,0,668554,default,endpoint-1,0,completed,,5.992868423461914,0.001840829849243164,301124,1,1089,701,172,5.827415019273758,1785485288.9023857,1785485294.7298002,1785485288.9024227,1785485294.72871,1785485294.7295537,5.826286753639579,0.0008437503129243851
5,prefix_cache_routing_4ep_1.5b_hitrate,formal,1,1102,18.4 (Ubuntu 18.4-1.pgdg22.04+1),0.8.5,1125,1102:request:301125,1102:batch:109,-1,False,endpoint-1:worker:0,0,668554,default,endpoint-1,0,completed,,5.98558783531189,0.0019412040710449219,301125,1,491,155,164,5.8261439781636,1785485288.9042222,1785485294.730366,1785485288.9042587,1785485294.729051,1785485294.730242,5.8247922752052546,0.0011908672749996185
5,prefix_cache_routing_4ep_1.5b_hitrate,formal,1,1102,18.4 (Ubuntu 18.4-1.pgdg22.04+1),0.8.5,1126,1102:request:301126,1102:batch:109,-1,False,endpoint-2:worker:0,0,668556,default,endpoint-2,1,completed,,5.9704859256744385,0.0015697479248046875,301126,1,981,518,200,5.828429970890284,1785485288.9283736,1785485294.756803,1785485288.9284115,1785485294.7555912,1785485294.7564218,5.827180488035083,0.0008301008492708206
5,prefix_cache_routing_4ep_1.5b_hitrate,formal,1,1102,18.4 (Ubuntu 18.4-1.pgdg22.04+1),0.8.5,1127,1102:request:301127,1102:batch:109,-1,False,endpoint-0:worker:0,0,668553,default,endpoint-0,0,completed,,5.661086082458496,0.0023393630981445312,301127,1,1331,805,163,5.655169976875186,1785485288.9812763,1785485294.636446,1785485288.981327,1785485294.635421,1785485294.6360607,5.654094364494085,0.0006391145288944244
5,prefix_cache_routing_4ep_1.5b_hitrate,formal,1,1102,18.4 (Ubuntu 18.4-1.pgdg22.04+1),0.8.5,1128,1102:request:301128,1102:batch:109,-1,False,endpoint-2:worker:0,0,668556,default,endpoint-2,1,completed,,5.854031562805176,0.001926422119140625,301128,1,605,236,105,5.827075501903892,1785485289.0506258,1785485294.8777013,1785485289.0506718,1785485294.876303,1785485294.8773103,5.825631340965629,0.0010072197765111923
5,prefix_cache_routing_4ep_1.5b_hitrate,formal,1,1102,18.4 (Ubuntu 18.4-1.pgdg22.04+1),0.8.5,1129,1102:request:301129,1102:batch:109,-1,False,endpoint-2:worker:0,0,668556,default,endpoint-2,1,completed,,5.887726545333862,0.002435445785522461,301129,1,1159,491,157,5.8828908782452345,1785485289.1468441,1785485295.029735,1785485289.146904,1785485295.0280921,1785485295.029118,5.881188668310642,0.0010252557694911957
5,prefix_cache_routing_4ep_1.5b_hitrate,formal,1,1102,18.4 (Ubuntu 18.4-1.pgdg22.04+1),0.8.5,1130,1102:request:301130,1102:batch:110,-1,False,endpoint-2:worker:0,0,668556,default,endpoint-2,1,completed,,5.888345718383789,0.002180337905883789,301130,1,1391,662,208,5.883996332064271,1785485289.1771436,1785485295.0611393,1785485289.1771944,1785485295.059861,1785485295.0605664,5.8826670460402966,0.0007052123546600342
5,prefix_cache_routing_4ep_1.5b_hitrate,formal,1,1102,18.4 (Ubuntu 18.4-1.pgdg22.04+1),0.8.5,1131,1102:request:301131,1102:batch:110,-1,False,endpoint-3:worker:0,0,668555,default,endpoint-3,1,completed,,7.299405574798584,0.0022754669189453125,301131,1,1363,684,164,7.276328710839152,1785485289.1995764,1785485296.4759054,1785485289.1996152,1785485296.4740179,1785485296.4751744,7.274403581395745,0.0011561010032892227
5,prefix_cache_routing_4ep_1.5b_hitrate,formal,1,1102,18.4 (Ubuntu 18.4-1.pgdg22.04+1),0.8.5,1132,1102:request:301132,1102:batch:110,-1,False,endpoint-3:worker:0,0,668555,default,endpoint-3,1,completed,,8.607268333435059,0.0034258365631103516,301132,1,843,359,153,8.602105651050806,1785485289.2034764,1785485297.8055816,1785485289.203576,1785485297.803912,1785485297.8050916,8.600336164236069,0.0011792127043008804
5,prefix_cache_routing_4ep_1.5b_hitrate,formal,1,1102,18.4 (Ubuntu 18.4-1.pgdg22.04+1),0.8.5,1133,1102:request:301133,1102:batch:110,-1,False,endpoint-3:worker:0,0,668555,default,endpoint-3,1,completed,,8.918184041976929,0.004489898681640625,301133,1,1226,635,152,8.91161559149623,1785485289.2072716,1785485298.1188872,1785485289.2073069,1785485298.1173093,1785485298.1185017,8.910002771764994,0.001192266121506691
5,prefix_cache_routing_4ep_1.5b_hitrate,formal,1,1102,18.4 (Ubuntu 18.4-1.pgdg22.04+1),0.8.5,1134,1102:request:301134,1102:batch:110,-1,False,endpoint-3:worker:0,0,668555,default,endpoint-3,1,completed,,1.5679068565368652,0.003300905227661133,301134,1,561,352,35,1.5525476839393377,1785485289.2087913,1785485290.761339,1785485289.2088232,1785485290.7589502,1785485290.761143,1.550127774477005,0.002191781997680664
5,prefix_cache_routing_4ep_1.5b_hitrate,formal,1,1102,18.4 (Ubuntu 18.4-1.pgdg22.04+1),0.8.5,1135,1102:request:301135,1102:batch:110,-1,False,endpoint-3:worker:0,0,668555,default,endpoint-3,1,completed,,9.11419939994812,0.0036742687225341797,301135,1,795,368,198,9.10913372784853,1785485289.2107842,1785485298.319918,1785485289.2108166,1785485298.3188562,1785485298.3196735,9.10804021731019,0.0008169207721948624
5,prefix_cache_routing_4ep_1.5b_hitrate,formal,1,1102,18.4 (Ubuntu 18.4-1.pgdg22.04+1),0.8.5,1136,1102:request:301136,1102:batch:110,-1,False,endpoint-2:worker:0,0,668556,default,endpoint-2,1,completed,,5.8792502880096436,0.0017387866973876953,301136,1,1107,625,204,5.875660188496113,1785485289.2369049,1785485295.1125648,1785485289.2369487,1785485295.1118903,1785485295.1122894,5.8749419543892145,0.00039871037006378174
5,prefix_cache_routing_4ep_1.5b_hitrate,formal,1,1102,18.4 (Ubuntu 18.4-1.pgdg22.04+1),0.8.5,1137,1102:request:301137,1102:batch:111,-1,False,endpoint-0:worker:0,0,668553,default,endpoint-0,0,completed,,5.683131694793701,0.0023314952850341797,301137,1,1334,819,214,5.678109979256988,1785485289.3107367,1785485294.9888465,1785485289.310793,1785485294.9869182,1785485294.988046,5.67612593434751,0.0011270660907030106
5,prefix_cache_routing_4ep_1.5b_hitrate,formal,1,1102,18.4 (Ubuntu 18.4-1.pgdg22.04+1),0.8.5,1138,1102:request:301138,1102:batch:111,-1,False,endpoint-3:worker:0,0,668555,default,endpoint-3,1,completed,,9.10962176322937,0.0025801658630371094,301138,1,553,257,128,9.10428911447525,1785485289.3163083,1785485298.4205968,1785485289.3164027,1785485298.4187489,1785485298.4201498,9.10234660282731,0.0014004036784172058
5,prefix_cache_routing_4ep_1.5b_hitrate,formal,1,1102,18.4 (Ubuntu 18.4-1.pgdg22.04+1),0.8.5,1139,1102:request:301139,1102:batch:111,-1,False,endpoint-3:worker:0,0,668555,default,endpoint-3,1,completed,,9.12157678604126,0.0035033226013183594,301139,1,271,13,236,9.1161749381572,1785485289.319882,1785485298.4360569,1785485289.3199096,1785485298.4349704,1785485298.4359367,9.115060957148671,0.0009661298245191574
5,prefix_cache_routing_4ep_1.5b_hitrate,formal,1,1102,18.4 (Ubuntu 18.4-1.pgdg22.04+1),0.8.5,1140,1102:request:301140,1102:batch:111,-1,False,endpoint-1:worker:0,0,668554,default,endpoint-1,0,completed,,5.892801761627197,0.0025811195373535156,301140,1,346,65,175,5.88873160071671,1785485289.3221235,1785485295.2108538,1785485289.3222117,1785485295.2098439,1785485295.2107027,5.88763246499002,0.0008579473942518234
5,prefix_cache_routing_4ep_1.5b_hitrate,formal,1,1102,18.4 (Ubuntu 18.4-1.pgdg22.04+1),0.8.5,1141,1102:request:301141,1102:batch:111,-1,False,endpoint-2:worker:0,0,668556,default,endpoint-2,1,completed,,5.880641460418701,0.002458810806274414,301141,1,274,17,145,5.876699196174741,1785485289.3249784,1785485295.201677,1785485289.3250601,1785485295.2012277,1785485295.2015617,5.876167444512248,0.00033365003764629364
5,prefix_cache_routing_4ep_1.5b_hitrate,formal,1,1102,18.4 (Ubuntu 18.4-1.pgdg22.04+1),0.8.5,1142,1102:request:301142,1102:batch:111,-1,False,endpoint-1:worker:0,0,668554,default,endpoint-1,0,completed,,5.8956804275512695,0.0017726421356201172,301142,1,699,289,157,5.890956288203597,1785485289.334079,1785485295.2250352,1785485289.3341138,1785485295.224215,1785485295.224855,5.890101402997971,0.0006398856639862061
5,prefix_cache_routing_4ep_1.5b_hitrate,formal,1,1102,18.4 (Ubuntu 18.4-1.pgdg22.04+1),0.8.5,1143,1102:request:301143,1102:batch:111,-1,False,endpoint-3:worker:0,0,668555,default,endpoint-3,1,completed,,9.145071506500244,0.0015597343444824219,301143,1,299,19,148,9.142031487077475,1785485289.3366742,1785485298.4787056,1785485289.3367121,1785485298.4775655,1785485298.4785001,9.140853555873036,0.000934479758143425
5,prefix_cache_routing_4ep_1.5b_hitrate,formal,1,1102,18.4 (Ubuntu 18.4-1.pgdg22.04+1),0.8.5,1144,1102:request:301144,1102:batch:111,-1,False,endpoint-1:worker:0,0,668554,default,endpoint-1,0,completed,,2.550323247909546,0.002964496612548828,301144,1,218,81,77,2.544918978586793,1785485289.3400493,1785485291.884968,1785485289.3400855,1785485291.8833334,1785485291.8847673,2.5432486087083817,0.0014334097504615784
5,prefix_cache_routing_4ep_1.5b_hitrate,formal,1,1102,18.4 (Ubuntu 18.4-1.pgdg22.04+1),0.8.5,1145,1102:request:301145,1102:batch:111,-1,False,endpoint-1:worker:0,0,668554,default,endpoint-1,0,completed,,5.895173072814941,0.002357006072998047,301145,1,267,10,187,5.884823327884078,1785485289.3411422,1785485295.2259657,1785485289.341182,1785485295.2253222,1785485295.2258675,5.884140234440565,0.0005453210324048996
5,prefix_cache_routing_4ep_1.5b_hitrate,formal,1,1102,18.4 (Ubuntu 18.4-1.pgdg22.04+1),0.8.5,1146,1102:request:301146,1102:batch:111,-1,False,endpoint-0:worker:0,0,668553,default,endpoint-0,0,completed,,5.726622581481934,0.0017859935760498047,301146,1,522,214,168,5.721504343673587,1785485289.3430884,1785485295.0645926,1785485289.343142,1785485295.0636523,1785485295.064303,5.720510337501764,0.000650409609079361
5,prefix_cache_routing_4ep_1.5b_hitrate,formal,1,1102,18.4 (Ubuntu 18.4-1.pgdg22.04+1),0.8.5,1147,1102:request:301147,1102:batch:111,-1,False,endpoint-2:worker:0,0,668556,default,endpoint-2,1,completed,,5.913496017456055,0.0015811920166015625,301147,1,859,481,194,5.909593870863318,1785485289.4149318,1785485295.3245256,1785485289.41497,1785485295.3230693,1785485295.324003,5.908099954947829,0.0009334366768598557
5,prefix_cache_routing_4ep_1.5b_hitrate,formal,1,1102,18.4 (Ubuntu 18.4-1.pgdg22.04+1),0.8.5,1148,1102:request:301148,1102:batch:111,-1,False,endpoint-2:worker:0,0,668556,default,endpoint-2,1,completed,,5.903281211853027,0.0019164085388183594,301148,1,1227,763,194,5.8975882939994335,1785485289.5180757,1785485295.415664,1785485289.518119,1785485295.4140592,1785485295.4149885,5.89594061486423,0.0009289048612117767
5,prefix_cache_routing_4ep_1.5b_hitrate,formal,1,1102,18.4 (Ubuntu 18.4-1.pgdg22.04+1),0.8.5,1149,1102:request:301149,1102:batch:111,-1,False,endpoint-1:worker:0,0,668554,default,endpoint-1,0,completed,,5.932504177093506,0.0023910999298095703,301149,1,278,17,177,5.927709482610226,1785485289.5211027,1785485295.4488115,1785485289.5211515,1785485295.4479356,1785485295.4487257,5.926784031093121,0.0007899459451436996
5,prefix_cache_routing_4ep_1.5b_hitrate,formal,1,1102,18.4 (Ubuntu 18.4-1.pgdg22.04+1),0.8.5,1150,1102:request:301150,1102:batch:111,-1,False,endpoint-1:worker:0,0,668554,default,endpoint-1,0,completed,,5.929678440093994,0.004348039627075195,301150,1,607,270,197,5.922524910420179,1785485289.5248902,1785485295.4474154,1785485289.5249228,1785485295.4460862,1785485295.4471207,5.921163471415639,0.0010342039167881012
5,prefix_cache_routing_4ep_1.5b_hitrate,formal,1,1102,18.4 (Ubuntu 18.4-1.pgdg22.04+1),0.8.5,1151,1102:request:301151,1102:batch:111,-1,False,endpoint-2:worker:0,0,668556,default,endpoint-2,1,completed,,5.901315450668335,0.0015897750854492188,301151,1,393,110,185,5.891601670533419,1785485289.525153,1785485295.4167545,1785485289.5252151,1785485295.4162185,1785485295.4166186,5.891003483906388,0.00039969757199287415
5,prefix_cache_routing_4ep_1.5b_hitrate,formal,1,1102,18.4 (Ubuntu 18.4-1.pgdg22.04+1),0.8.5,1152,1102:request:301152,1102:batch:112,-1,False,endpoint-1:worker:0,0,668554,default,endpoint-1,0,completed,,5.933334589004517,0.0013828277587890625,301152,1,768,383,211,5.930719008669257,1785485289.5303,1785485295.4610188,1785485289.530337,1785485295.460124,1785485295.460802,5.929787017405033,0.000678064301609993
5,prefix_cache_routing_4ep_1.5b_hitrate,formal,1,1102,18.4 (Ubuntu 18.4-1.pgdg22.04+1),0.8.5,1153,1102:request:301153,1102:batch:112,-1,False,endpoint-3:worker:0,0,668555,default,endpoint-3,1,completed,,8.994102001190186,0.0019729137420654297,301153,1,348,51,172,8.989295173436403,1785485289.5463223,1785485298.535618,1785485289.546357,1785485298.5337257,1785485298.5352817,8.987369572743773,0.0015554241836071014
5,prefix_cache_routing_4ep_1.5b_hitrate,formal,1,1102,18.4 (Ubuntu 18.4-1.pgdg22.04+1),0.8.5,1154,1102:request:301154,1102:batch:112,-1,False,endpoint-0:worker:0,0,668553,default,endpoint-0,0,completed,,4.206783771514893,0.002817392349243164,301154,1,219,32,134,4.202087510377169,1785485289.549393,1785485293.7514796,1785485289.5494707,1785485293.7505229,1785485293.7513316,4.2010523322969675,0.0008082389831542969
5,prefix_cache_routing_4ep_1.5b_hitrate,formal,1,1102,18.4 (Ubuntu 18.4-1.pgdg22.04+1),0.8.5,1155,1102:request:301155,1102:batch:112,-1,False,endpoint-3:worker:0,0,668555,default,endpoint-3,1,completed,,8.227512836456299,0.00419163703918457,301155,1,355,112,157,8.221954209730029,1785485289.5550115,1785485297.7769585,1785485289.555094,1785485297.7764225,1785485297.776834,8.221328143030405,0.0004114769399166107
5,prefix_cache_routing_4ep_1.5b_hitrate,formal,1,1102,18.4 (Ubuntu 18.4-1.pgdg22.04+1),0.8.5,1156,1102:request:301156,1102:batch:112,-1,False,endpoint-2:worker:0,0,668556,default,endpoint-2,1,completed,,5.890093088150024,0.0023577213287353516,301156,1,262,5,191,5.885639613494277,1785485289.55736,1785485295.4429994,1785485289.5574062,1785485295.4419005,1785485295.4426959,5.884494824334979,0.0007952526211738586
5,prefix_cache_routing_4ep_1.5b_hitrate,formal,1,1102,18.4 (Ubuntu 18.4-1.pgdg22.04+1),0.8.5,1157,1102:request:301157,1102:batch:112,-1,False,endpoint-3:worker:0,0,668555,default,endpoint-3,1,completed,,9.033917903900146,0.0014204978942871094,301157,1,300,40,210,9.031131895259023,1785485289.560136,1785485298.5912676,1785485289.5601737,1785485298.59056,1785485298.5911458,9.030386352911592,0.0005853958427906036
5,prefix_cache_routing_4ep_1.5b_hitrate,formal,1,1102,18.4 (Ubuntu 18.4-1.pgdg22.04+1),0.8.5,1158,1102:request:301158,1102:batch:112,-1,False,endpoint-3:worker:0,0,668555,default,endpoint-3,1,completed,,9.155635356903076,0.001314401626586914,301158,1,490,170,217,9.151820603758097,1785485289.5634062,1785485298.7152271,1785485289.5634427,1785485298.7132044,1785485298.7148554,9.149762220680714,0.0016507431864738464
5,prefix_cache_routing_4ep_1.5b_hitrate,formal,1,1102,18.4 (Ubuntu 18.4-1.pgdg22.04+1),0.8.5,1159,1102:request:301159,1102:batch:112,-1,False,endpoint-3:worker:0,0,668555,default,endpoint-3,1,completed,,9.297915935516357,0.001722574234008789,301159,1,1097,680,214,9.294218812137842,1785485289.5661523,1785485298.860371,1785485289.566195,1785485298.8590176,1785485298.8600397,9.292823184281588,0.0010216627269983292
5,prefix_cache_routing_4ep_1.5b_hitrate,formal,1,1102,18.4 (Ubuntu 18.4-1.pgdg22.04+1),0.8.5,1160,1102:request:301160,1102:batch:112,-1,False,endpoint-3:worker:0,0,668555,default,endpoint-3,1,completed,,9.328509330749512,0.0013206005096435547,301160,1,1240,800,216,9.322739800438285,1785485289.5686066,1785485298.8913467,1785485289.5686464,1785485298.8889832,1785485298.8907154,9.320337440818548,0.00173189677298069
5,prefix_cache_routing_4ep_1.5b_hitrate,formal,1,1102,18.4 (Ubuntu 18.4-1.pgdg22.04+1),0.8.5,1161,1102:request:301161,1102:batch:112,-1,False,endpoint-0:worker:0,0,668553,default,endpoint-0,0,completed,,5.74210524559021,0.0017094612121582031,301161,1,474,180,222,5.736211832612753,1785485289.579139,1785485295.3153508,1785485289.5791826,1785485295.3141973,1785485295.3151345,5.735015539452434,0.0009363200515508652
5,prefix_cache_routing_4ep_1.5b_hitrate,formal,1,1102,18.4 (Ubuntu 18.4-1.pgdg22.04+1),0.8.5,1162,1102:request:301162,1102:batch:112,-1,False,endpoint-1:worker:0,0,668554,default,endpoint-1,0,completed,,5.187234401702881,0.0024924278259277344,301162,1,673,383,176,5.020464127883315,1785485289.70791,1785485294.728374,1785485289.707956,1785485294.7269762,1785485294.7280726,5.019020397216082,0.0010963082313537598
5,prefix_cache_routing_4ep_1.5b_hitrate,formal,1,1102,18.4 (Ubuntu 18.4-1.pgdg22.04+1),0.8.5,1163,1102:request:301163,1102:batch:112,-1,False,endpoint-1:worker:0,0,668554,default,endpoint-1,0,completed,,3.7221603393554688,0.001865386962890625,301163,1,836,566,118,3.717404570430517,1785485289.7107449,1785485293.428149,1785485289.7107933,1785485293.4269695,1785485293.4279337,3.716176211833954,0.0009640362113714218
5,prefix_cache_routing_4ep_1.5b_hitrate,formal,1,1102,18.4 (Ubuntu 18.4-1.pgdg22.04+1),0.8.5,1164,1102:request:301164,1102:batch:112,-1,False,endpoint-2:worker:0,0,668556,default,endpoint-2,1,completed,,5.867868900299072,0.0021944046020507812,301164,1,1193,769,209,5.863466182723641,1785485289.7709537,1785485295.6344197,1785485289.7710145,1785485295.6326761,1785485295.6336994,5.861661899834871,0.0010230764746665955
5,prefix_cache_routing_4ep_1.5b_hitrate,formal,1,1102,18.4 (Ubuntu 18.4-1.pgdg22.04+1),0.8.5,1165,1102:request:301165,1102:batch:112,-1,False,endpoint-1:worker:0,0,668554,default,endpoint-1,0,completed,,5.903729438781738,0.0027883052825927734,301165,1,503,201,193,5.898516304790974,1785485289.7734833,1785485295.6719985,1785485289.7735708,1785485295.6700308,1785485295.671762,5.896461063995957,0.001729751005768776
5,prefix_cache_routing_4ep_1.5b_hitrate,formal,1,1102,18.4 (Ubuntu 18.4-1.pgdg22.04+1),0.8.5,1166,1102:request:301166,1102:batch:113,-1,False,endpoint-0:worker:0,0,668553,default,endpoint-0,0,completed,,3.3724210262298584,0.0019838809967041016,301166,1,624,394,108,3.3678678274154663,1785485289.8066156,1785485293.1744833,1785485289.8066719,1785485293.1734047,1785485293.1742332,3.366733720526099,0.0008274801075458527
5,prefix_cache_routing_4ep_1.5b_hitrate,formal,1,1102,18.4 (Ubuntu 18.4-1.pgdg22.04+1),0.8.5,1167,1102:request:301167,1102:batch:113,-1,False,endpoint-1:worker:0,0,668554,default,endpoint-1,0,completed,,4.68824315071106,0.0017991065979003906,301167,1,840,506,153,4.659363644197583,1785485289.8642097,1785485294.5235727,1785485289.8642447,1785485294.5226474,1785485294.5233233,4.658402601256967,0.0006757359951734543
5,prefix_cache_routing_4ep_1.5b_hitrate,formal,1,1102,18.4 (Ubuntu 18.4-1.pgdg22.04+1),0.8.5,1168,1102:request:301168,1102:batch:113,-1,False,endpoint-2:worker:0,0,668556,default,endpoint-2,1,completed,,3.9197518825531006,0.002882719039916992,301168,1,1022,672,135,3.914488397538662,1785485289.9021852,1785485293.8166735,1785485289.9022326,1785485293.8150532,1785485293.816103,3.9128216728568077,0.0010489355772733688
5,prefix_cache_routing_4ep_1.5b_hitrate,formal,1,1102,18.4 (Ubuntu 18.4-1.pgdg22.04+1),0.8.5,1169,1102:request:301169,1102:batch:113,-1,False,endpoint-1:worker:0,0,668554,default,endpoint-1,0,completed,,4.614255428314209,0.0016045570373535156,301169,1,1260,840,155,4.606693862006068,1785485289.9052696,1785485294.5119631,1785485289.9053183,1785485294.510688,1785485294.5116255,4.605369748547673,0.0009375065565109253
5,prefix_cache_routing_4ep_1.5b_hitrate,formal,1,1102,18.4 (Ubuntu 18.4-1.pgdg22.04+1),0.8.5,1170,1102:request:301170,1102:batch:113,-1,False,endpoint-2:worker:0,0,668556,default,endpoint-2,1,completed,,5.850952625274658,0.001420736312866211,301170,1,280,21,33,5.847320210188627,1785485289.907104,1785485295.7544243,1785485289.9071462,1785485295.753158,1785485295.754206,5.846012651920319,0.0010475125163793564
5,prefix_cache_routing_4ep_1.5b_hitrate,formal,1,1102,18.4 (Ubuntu 18.4-1.pgdg22.04+1),0.8.5,1171,1102:request:301171,1102:batch:113,-1,False,endpoint-0:worker:0,0,668553,default,endpoint-0,0,completed,,5.816091060638428,0.001791238784790039,301171,1,543,84,29,5.812769707292318,1785485289.9091475,1785485295.7219164,1785485289.909208,1785485295.721116,1785485295.7217612,5.811908662319183,0.0006445460021495819
5,prefix_cache_routing_4ep_1.5b_hitrate,formal,1,1102,18.4 (Ubuntu 18.4-1.pgdg22.04+1),0.8.5,1172,1102:request:301172,1102:batch:113,-1,False,endpoint-2:worker:0,0,668556,default,endpoint-2,1,completed,,5.884459018707275,0.0011963844299316406,301172,1,995,318,93,5.881108868867159,1785485289.9104576,1785485295.7915664,1785485289.910496,1785485295.7903254,1785485295.7913651,5.8798297848552465,0.0010391771793365479
5,prefix_cache_routing_4ep_1.5b_hitrate,formal,1,1102,18.4 (Ubuntu 18.4-1.pgdg22.04+1),0.8.5,1173,1102:request:301173,1102:batch:113,-1,False,endpoint-1:worker:0,0,668554,default,endpoint-1,0,completed,,5.861244440078735,0.0016672611236572266,301173,1,1650,411,24,5.8569283075630665,1785485290.0537293,1785485295.9106576,1785485290.0537717,1785485295.909577,1785485295.9103475,5.855805775150657,0.0007698163390159607
5,prefix_cache_routing_4ep_1.5b_hitrate,formal,1,1102,18.4 (Ubuntu 18.4-1.pgdg22.04+1),0.8.5,1174,1102:request:301174,1102:batch:113,-1,False,endpoint-3:worker:0,0,668555,default,endpoint-3,1,completed,,9.018654823303223,0.0025408267974853516,301174,1,347,82,213,9.014222947880626,1785485290.05679,1785485299.0710125,1785485290.056853,1785485299.06895,1785485299.0707192,9.012097327038646,0.0017689745873212814
5,prefix_cache_routing_4ep_1.5b_hitrate,formal,1,1102,18.4 (Ubuntu 18.4-1.pgdg22.04+1),0.8.5,1175,1102:request:301175,1102:batch:113,-1,False,endpoint-3:worker:0,0,668555,default,endpoint-3,1,completed,,9.084267139434814,0.004166841506958008,301175,1,497,210,210,9.078688403591514,1785485290.060165,1785485299.138853,1785485290.0602021,1785485299.1372235,1785485299.138674,9.077021718025208,0.0014498215168714523
5,prefix_cache_routing_4ep_1.5b_hitrate,formal,1,1102,18.4 (Ubuntu 18.4-1.pgdg22.04+1),0.8.5,1176,1102:request:301176,1102:batch:113,-1,False,endpoint-0:worker:0,0,668553,default,endpoint-0,0,completed,,5.8160929679870605,0.0019330978393554688,301176,1,652,335,215,5.813115272670984,1785485290.0595193,1785485295.872634,1785485290.05957,1785485295.8719969,1785485295.8724377,5.812426837161183,0.00044056959450244904
5,prefix_cache_routing_4ep_1.5b_hitrate,formal,1,1102,18.4 (Ubuntu 18.4-1.pgdg22.04+1),0.8.5,1177,1102:request:301177,1102:batch:114,-1,False,endpoint-2:worker:0,0,668556,default,endpoint-2,1,completed,,2.055122137069702,0.0023987293243408203,301177,1,601,440,62,2.0512508898973465,1785485290.0618978,1785485292.1131485,1785485290.061993,1785485292.1117477,1785485292.1127543,2.0497552677989006,0.0010064821690320969
5,prefix_cache_routing_4ep_1.5b_hitrate,formal,1,1102,18.4 (Ubuntu 18.4-1.pgdg22.04+1),0.8.5,1178,1102:request:301178,1102:batch:114,-1,False,endpoint-1:worker:0,0,668554,default,endpoint-1,0,completed,,3.1747231483459473,0.0016129016876220703,301178,1,777,540,111,3.1701507065445185,1785485290.063432,1785485293.2335823,1785485290.0634818,1785485293.232167,1785485293.2333562,3.1686855256557465,0.0011891014873981476
5,prefix_cache_routing_4ep_1.5b_hitrate,formal,1,1102,18.4 (Ubuntu 18.4-1.pgdg22.04+1),0.8.5,1179,1102:request:301179,1102:batch:114,-1,False,endpoint-2:worker:0,0,668556,default,endpoint-2,1,completed,,2.4956369400024414,0.0018222332000732422,301179,1,890,657,80,2.4911938179284334,1785485290.0730226,1785485292.5642161,1785485290.0730731,1785485292.5633967,1785485292.5639496,2.490323394536972,0.0005528070032596588
5,prefix_cache_routing_4ep_1.5b_hitrate,formal,1,1102,18.4 (Ubuntu 18.4-1.pgdg22.04+1),0.8.5,1180,1102:request:301180,1102:batch:114,-1,False,endpoint-3:worker:0,0,668555,default,endpoint-3,1,completed,,9.107227087020874,0.0025529861450195312,301180,1,260,3,170,9.102803871035576,1785485290.0761755,1785485299.1789784,1785485290.0762506,1785485299.177438,1785485299.1788678,9.101187478750944,0.0014294292777776718
5,prefix_cache_routing_4ep_1.5b_hitrate,formal,1,1102,18.4 (Ubuntu 18.4-1.pgdg22.04+1),0.8.5,1181,1102:request:301181,1102:batch:114,-1,False,endpoint-0:worker:0,0,668553,default,endpoint-0,0,completed,,4.348488807678223,0.0020966529846191406,301181,1,230,34,151,4.343930035829544,1785485290.0775316,1785485294.4214616,1785485290.0775778,1785485294.420082,1785485294.421181,4.342505285516381,0.0010981708765029907
5,prefix_cache_routing_4ep_1.5b_hitrate,formal,1,1102,18.4 (Ubuntu 18.4-1.pgdg22.04+1),0.8.5,1182,1102:request:301182,1102:batch:114,-1,False,endpoint-2:worker:0,0,668556,default,endpoint-2,1,completed,,5.85040283203125,0.0018818378448486328,301182,1,510,192,186,5.829376617446542,1785485290.080016,1785485295.909392,1785485290.0800738,1785485295.908783,1785485295.909258,5.82870876416564,0.0004751719534397125
5,prefix_cache_routing_4ep_1.5b_hitrate,formal,1,1102,18.4 (Ubuntu 18.4-1.pgdg22.04+1),0.8.5,1183,1102:request:301183,1102:batch:114,-1,False,endpoint-1:worker:0,0,668554,default,endpoint-1,0,completed,,5.906442165374756,0.0015354156494140625,301183,1,785,407,184,5.903615519404411,1785485290.082249,1785485295.9858642,1785485290.0822978,1785485295.983938,1785485295.9855764,5.901640886440873,0.001638062298297882
5,prefix_cache_routing_4ep_1.5b_hitrate,formal,1,1102,18.4 (Ubuntu 18.4-1.pgdg22.04+1),0.8.5,1184,1102:request:301184,1102:batch:114,-1,False,endpoint-0:worker:0,0,668553,default,endpoint-0,0,completed,,5.822486400604248,0.0024652481079101562,301184,1,1107,674,215,5.814144168049097,1785485290.1179743,1785485295.9321177,1785485290.1180272,1785485295.9275749,1785485295.9319108,5.809547426179051,0.004335697740316391
5,prefix_cache_routing_4ep_1.5b_hitrate,formal,1,1102,18.4 (Ubuntu 18.4-1.pgdg22.04+1),0.8.5,1185,1102:request:301185,1102:batch:114,-1,False,endpoint-2:worker:0,0,668556,default,endpoint-2,1,completed,,5.808809995651245,0.002315998077392578,301185,1,617,281,207,5.793685998767614,1785485290.1213324,1785485295.9150183,1785485290.1214046,1785485295.9138997,1785485295.914825,5.7924949452281,0.000925060361623764
5,prefix_cache_routing_4ep_1.5b_hitrate,formal,1,1102,18.4 (Ubuntu 18.4-1.pgdg22.04+1),0.8.5,1186,1102:request:301186,1102:batch:114,-1,False,endpoint-0:worker:0,0,668553,default,endpoint-0,0,completed,,5.825107097625732,0.007283926010131836,301186,1,1016,596,195,5.799127336591482,1785485290.1301706,1785485295.9292977,1785485290.1302607,1785485295.9260108,1785485295.9290788,5.795750243589282,0.003067789599299431
5,prefix_cache_routing_4ep_1.5b_hitrate,formal,1,1102,18.4 (Ubuntu 18.4-1.pgdg22.04+1),0.8.5,1187,1102:request:301187,1102:batch:114,-1,False,endpoint-0:worker:0,0,668553,default,endpoint-0,0,completed,,5.819252252578735,0.006417512893676758,301187,1,270,12,206,5.799026628956199,1785485290.1312747,1785485295.9303014,1785485290.1312997,1785485295.9266276,1785485295.9302204,5.795327786356211,0.0035925880074501038
5,prefix_cache_routing_4ep_1.5b_hitrate,formal,1,1102,18.4 (Ubuntu 18.4-1.pgdg22.04+1),0.8.5,1188,1102:request:301188,1102:batch:114,-1,False,endpoint-0:worker:0,0,668553,default,endpoint-0,0,completed,,5.825687885284424,0.002713918685913086,301188,1,680,340,208,5.79405832849443,1785485290.1346948,1785485295.9287531,1785485290.1347322,1785485295.9256468,1785485295.9285867,5.7909144554287195,0.0029399078339338303
5,prefix_cache_routing_4ep_1.5b_hitrate,formal,1,1102,18.4 (Ubuntu 18.4-1.pgdg22.04+1),0.8.5,1189,1102:request:301189,1102:batch:115,-1,False,endpoint-0:worker:0,0,668553,default,endpoint-0,0,completed,,5.816305637359619,0.0017917156219482422,301189,1,964,580,166,5.793324751779437,1785485290.1365147,1785485295.9298391,1785485290.136559,1785485295.9263284,1785485295.9296567,5.789769114926457,0.0033285748213529587
5,prefix_cache_routing_4ep_1.5b_hitrate,formal,1,1102,18.4 (Ubuntu 18.4-1.pgdg22.04+1),0.8.5,1190,1102:request:301190,1102:batch:115,-1,False,endpoint-3:worker:0,0,668555,default,endpoint-3,1,completed,,9.127277612686157,0.0016717910766601562,301190,1,286,24,201,9.124380739405751,1785485290.1392233,1785485299.2636037,1785485290.1392674,1785485299.2626586,1785485299.2634656,9.123391604050994,0.0008067451417446136
5,prefix_cache_routing_4ep_1.5b_hitrate,formal,1,1102,18.4 (Ubuntu 18.4-1.pgdg22.04+1),0.8.5,1191,1102:request:301191,1102:batch:115,-1,False,endpoint-0:worker:0,0,668553,default,endpoint-0,0,completed,,5.817493915557861,0.0012431144714355469,301191,1,279,15,176,5.790046978741884,1785485290.1407454,1785485295.9307916,1785485290.1408215,1785485295.9269223,1785485295.9307115,5.786100724712014,0.003789139911532402
5,prefix_cache_routing_4ep_1.5b_hitrate,formal,1,1102,18.4 (Ubuntu 18.4-1.pgdg22.04+1),0.8.5,1192,1102:request:301192,1102:batch:115,-1,False,endpoint-2:worker:0,0,668556,default,endpoint-2,1,completed,,5.791607141494751,0.003350973129272461,301192,1,449,126,125,5.786115411669016,1785485290.1446176,1785485295.930732,1785485290.1446805,1785485295.930052,1785485295.9305785,5.78537131100893,0.0005263350903987885
5,prefix_cache_routing_4ep_1.5b_hitrate,formal,1,1102,18.4 (Ubuntu 18.4-1.pgdg22.04+1),0.8.5,1193,1102:request:301193,1102:batch:115,-1,False,endpoint-0:worker:0,0,668553,default,endpoint-0,0,completed,,4.087287425994873,0.002677440643310547,301193,1,240,53,144,4.078182317316532,1785485290.145967,1785485294.2241495,1785485290.1460018,1785485294.223447,1785485294.2240007,4.0774453319609165,0.000553695484995842
5,prefix_cache_routing_4ep_1.5b_hitrate,formal,1,1102,18.4 (Ubuntu 18.4-1.pgdg22.04+1),0.8.5,1194,1102:request:301194,1102:batch:115,-1,False,endpoint-0:worker:0,0,668553,default,endpoint-0,0,completed,,5.786544561386108,0.0011210441589355469,301194,1,677,153,127,5.779927555471659,1785485290.1483293,1785485295.9282568,1785485290.1483643,1785485295.925191,1785485295.9280875,5.776826469227672,0.002896631136536598
5,prefix_cache_routing_4ep_1.5b_hitrate,formal,1,1102,18.4 (Ubuntu 18.4-1.pgdg22.04+1),0.8.5,1195,1102:request:301195,1102:batch:115,-1,False,endpoint-0:worker:0,0,668553,default,endpoint-0,0,completed,,5.785978078842163,0.0012819766998291016,301195,1,1248,388,111,5.777314690873027,1785485290.1541183,1785485295.9314327,1785485290.1541624,1785485295.9272652,1785485295.9312325,5.773102801293135,0.003967080265283585
5,prefix_cache_routing_4ep_1.5b_hitrate,formal,1,1102,18.4 (Ubuntu 18.4-1.pgdg22.04+1),0.8.5,1196,1102:request:301196,1102:batch:115,-1,False,endpoint-0:worker:0,0,668553,default,endpoint-0,0,completed,,5.7964746952056885,0.001833200454711914,301196,1,866,356,130,5.784030644223094,1785485290.1820207,1785485295.966051,1785485290.1820602,1785485295.9643714,1785485295.9658544,5.782311085611582,0.001482885330915451
5,prefix_cache_routing_4ep_1.5b_hitrate,formal,1,1102,18.4 (Ubuntu 18.4-1.pgdg22.04+1),0.8.5,1197,1102:request:301197,1102:batch:115,-1,False,endpoint-0:worker:0,0,668553,default,endpoint-0,0,completed,,5.7856223583221436,0.002055644989013672,301197,1,1202,523,108,5.780779078602791,1785485290.1847126,1785485295.9654918,1785485290.184793,1785485295.9637206,1785485295.9652092,5.7789277248084545,0.00148845836520195
5,prefix_cache_routing_4ep_1.5b_hitrate,formal,1,1102,18.4 (Ubuntu 18.4-1.pgdg22.04+1),0.8.5,1198,1102:request:301198,1102:batch:115,-1,False,endpoint-0:worker:0,0,668553,default,endpoint-0,0,completed,,5.785581350326538,0.0017271041870117188,301198,1,1551,712,55,5.7712048683315516,1785485290.1954377,1785485295.9666424,1785485290.1954734,1785485295.9646955,1785485295.9664035,5.769222091883421,0.0017081554979085922
5,prefix_cache_routing_4ep_1.5b_hitrate,formal,1,1102,18.4 (Ubuntu 18.4-1.pgdg22.04+1),0.8.5,1199,1102:request:301199,1102:batch:115,-1,False,endpoint-3:worker:0,0,668555,default,endpoint-3,1,completed,,9.15624475479126,0.004439115524291992,301199,1,311,47,186,9.149773137643933,1785485290.1999545,1785485299.3497274,1785485290.200164,1785485299.347421,1785485299.349444,9.147257257252932,0.002022789791226387
5,prefix_cache_routing_4ep_1.5b_hitrate,formal,1,1102,18.4 (Ubuntu 18.4-1.pgdg22.04+1),0.8.5,1200,1102:request:301200,1102:batch:115,-1,False,endpoint-3:worker:0,0,668555,default,endpoint-3,1,completed,,9.22035551071167,0.0063076019287109375,301200,1,432,152,198,9.212924616411328,1785485290.2042687,1785485299.4171934,1785485290.2043126,1785485299.4161954,1785485299.4170344,9.211882879957557,0.0008391514420509338
5,prefix_cache_routing_4ep_1.5b_hitrate,formal,1,1102,18.4 (Ubuntu 18.4-1.pgdg22.04+1),0.8.5,1201,1102:request:301201,1102:batch:115,-1,False,endpoint-2:worker:0,0,668556,default,endpoint-2,1,completed,,5.750460624694824,0.0018253326416015625,301201,1,328,58,226,5.745265439152718,1785485290.2052193,1785485295.9504848,1785485290.205295,1785485295.9483454,1785485295.9501927,5.743050344288349,0.0018473342061042786
5,prefix_cache_routing_4ep_1.5b_hitrate,formal,1,1102,18.4 (Ubuntu 18.4-1.pgdg22.04+1),0.8.5,1202,1102:request:301202,1102:batch:116,-1,False,endpoint-2:worker:0,0,668556,default,endpoint-2,1,completed,,5.750883340835571,0.0022902488708496094,301202,1,512,213,216,5.7434576489031315,1785485290.2077007,1785485295.951158,1785485290.2077525,1785485295.9492173,1785485295.951025,5.741464864462614,0.0018072687089443207
5,prefix_cache_routing_4ep_1.5b_hitrate,formal,1,1102,18.4 (Ubuntu 18.4-1.pgdg22.04+1),0.8.5,1203,1102:request:301203,1102:batch:116,-1,False,endpoint-0:worker:0,0,668553,default,endpoint-0,0,completed,,5.114225387573242,0.0015366077423095703,301203,1,236,8,163,5.107846116647124,1785485290.2087462,1785485295.3165922,1785485290.208789,1785485295.3157713,1785485295.3164942,5.1069825161248446,0.0007226765155792236
5,prefix_cache_routing_4ep_1.5b_hitrate,formal,1,1102,18.4 (Ubuntu 18.4-1.pgdg22.04+1),0.8.5,1204,1102:request:301204,1102:batch:116,-1,False,endpoint-1:worker:0,0,668554,default,endpoint-1,0,completed,,5.849709749221802,0.0015993118286132812,301204,1,414,110,186,5.846076996996999,1785485290.2118979,1785485296.0579748,1785485290.211945,1785485296.0567398,1785485296.0578163,5.844795025885105,0.0010764934122562408
5,prefix_cache_routing_4ep_1.5b_hitrate,formal,1,1102,18.4 (Ubuntu 18.4-1.pgdg22.04+1),0.8.5,1205,1102:request:301205,1102:batch:116,-1,False,endpoint-1:worker:0,0,668554,default,endpoint-1,0,completed,,4.833491086959839,0.0012581348419189453,301205,1,502,204,159,4.8226891458034515,1785485290.2141132,1785485295.0368023,1785485290.214168,1785485295.0355814,1785485295.0366197,4.821414060890675,0.0010374560952186584
5,prefix_cache_routing_4ep_1.5b_hitrate,formal,1,1102,18.4 (Ubuntu 18.4-1.pgdg22.04+1),0.8.5,1206,1102:request:301206,1102:batch:116,-1,False,endpoint-1:worker:0,0,668554,default,endpoint-1,0,completed,,4.602815389633179,0.0019817352294921875,301206,1,799,424,149,4.5670415610075,1785485290.2768886,1785485294.8439305,1785485290.2769341,1785485294.8418214,1785485294.8434215,4.564887957647443,0.0015995297580957413
5,prefix_cache_routing_4ep_1.5b_hitrate,formal,1,1102,18.4 (Ubuntu 18.4-1.pgdg22.04+1),0.8.5,1207,1102:request:301207,1102:batch:116,-1,False,endpoint-1:worker:0,0,668554,default,endpoint-1,0,completed,,5.819373607635498,0.0020885467529296875,301207,1,1138,641,144,5.81593413464725,1785485290.2795773,1785485296.0955112,1785485290.2796204,1785485296.0933144,1785485296.094851,5.813694920390844,0.0015356764197349548
5,prefix_cache_routing_4ep_1.5b_hitrate,formal,1,1102,18.4 (Ubuntu 18.4-1.pgdg22.04+1),0.8.5,1208,1102:request:301208,1102:batch:116,-1,False,endpoint-2:worker:0,0,668556,default,endpoint-2,1,completed,,5.820160627365112,0.0022072792053222656,301208,1,291,19,197,5.816332900896668,1785485290.2814224,1785485296.097755,1785485290.281458,1785485296.0971594,1785485296.0976074,5.815701521933079,0.00044791586697101593
5,prefix_cache_routing_4ep_1.5b_hitrate,formal,1,1102,18.4 (Ubuntu 18.4-1.pgdg22.04+1),0.8.5,1209,1102:request:301209,1102:batch:116,-1,False,endpoint-3:worker:0,0,668555,default,endpoint-3,1,completed,,9.24083685874939,0.0026311874389648438,301209,1,663,301,203,9.236929159611464,1785485290.32053,1785485299.5574589,1785485290.320577,1785485299.556338,1785485299.557254,9.23576134443283,0.0009156838059425354
5,prefix_cache_routing_4ep_1.5b_hitrate,formal,1,1102,18.4 (Ubuntu 18.4-1.pgdg22.04+1),0.8.5,1210,1102:request:301210,1102:batch:116,-1,False,endpoint-2:worker:0,0,668556,default,endpoint-2,1,completed,,5.820335865020752,0.001956462860107422,301210,1,891,490,211,5.814357535913587,1785485290.3238568,1785485296.138214,1785485290.323912,1785485296.1371696,1785485296.1379879,5.813257714733481,0.0008178800344467163
5,prefix_cache_routing_4ep_1.5b_hitrate,formal,1,1102,18.4 (Ubuntu 18.4-1.pgdg22.04+1),0.8.5,1211,1102:request:301211,1102:batch:116,-1,False,endpoint-2:worker:0,0,668556,default,endpoint-2,1,completed,,5.822849273681641,0.0020384788513183594,301211,1,1299,830,206,5.814159149304032,1785485290.326139,1785485296.1402977,1785485290.3261917,1785485296.1389,1785485296.1400034,5.812708226963878,0.0011033862829208374
5,prefix_cache_routing_4ep_1.5b_hitrate,formal,1,1102,18.4 (Ubuntu 18.4-1.pgdg22.04+1),0.8.5,1212,1102:request:301212,1102:batch:116,-1,False,endpoint-1:worker:0,0,668554,default,endpoint-1,0,completed,,5.824645280838013,0.0019478797912597656,301212,1,621,306,196,5.818904107436538,1785485290.3304317,1785485296.1493356,1785485290.3304756,1785485296.1479445,1785485296.1491866,5.817468846216798,0.0012420602142810822
5,prefix_cache_routing_4ep_1.5b_hitrate,formal,1,1102,18.4 (Ubuntu 18.4-1.pgdg22.04+1),0.8.5,1213,1102:request:301213,1102:batch:116,-1,False,endpoint-2:worker:0,0,668556,default,endpoint-2,1,completed,,5.834388732910156,0.0024712085723876953,301213,1,339,59,212,5.807198256254196,1785485290.3323696,1785485296.1395676,1785485290.3324192,1785485296.1385353,1785485296.1394265,5.806115893647075,0.0008914470672607422
5,prefix_cache_routing_4ep_1.5b_hitrate,formal,1,1102,18.4 (Ubuntu 18.4-1.pgdg22.04+1),0.8.5,1214,1102:request:301214,1102:batch:116,-1,False,endpoint-3:worker:0,0,668555,default,endpoint-3,1,completed,,9.240354299545288,0.0014181137084960938,301214,1,268,9,132,9.237554932013154,1785485290.3327587,1785485299.5703137,1785485290.3327997,1785485299.5685754,1785485299.5701356,9.235775927081704,0.0015599634498357773
5,prefix_cache_routing_4ep_1.5b_hitrate,formal,1,1102,18.4 (Ubuntu 18.4-1.pgdg22.04+1),0.8.5,1215,1102:request:301215,1102:batch:117,-1,False,endpoint-2:worker:0,0,668556,default,endpoint-2,1,completed,,5.80324125289917,0.0017039775848388672,301215,1,790,372,130,5.796136260032654,1785485290.3549683,1785485296.151104,1785485290.3550036,1785485296.1496477,1785485296.1509442,5.794643931090832,0.0012964867055416107
5,prefix_cache_routing_4ep_1.5b_hitrate,formal,1,1102,18.4 (Ubuntu 18.4-1.pgdg22.04+1),0.8.5,1216,1102:request:301216,1102:batch:117,-1,False,endpoint-2:worker:0,0,668556,default,endpoint-2,1,completed,,5.809540271759033,0.0016906261444091797,301216,1,1185,578,191,5.793257201090455,1785485290.357233,1785485296.1504903,1785485290.3572729,1785485296.1492996,1785485296.1502254,5.792026806622744,0.0009256191551685333
5,prefix_cache_routing_4ep_1.5b_hitrate,formal,1,1102,18.4 (Ubuntu 18.4-1.pgdg22.04+1),0.8.5,1217,1102:request:301217,1102:batch:117,-1,False,endpoint-2:worker:0,0,668556,default,endpoint-2,1,completed,,5.856021404266357,0.0069577693939208984,301217,1,1537,831,188,5.817378470674157,1785485290.364664,1785485296.1820424,1785485290.3647048,1785485296.1789155,1785485296.1817656,5.814210668206215,0.002849917858839035
5,prefix_cache_routing_4ep_1.5b_hitrate,formal,1,1102,18.4 (Ubuntu 18.4-1.pgdg22.04+1),0.8.5,1218,1102:request:301218,1102:batch:117,-1,False,endpoint-2:worker:0,0,668556,default,endpoint-2,1,completed,,5.86702036857605,0.006554126739501953,301218,1,1091,637,156,5.8142518401145935,1785485290.366857,1785485296.1811087,1785485290.3668962,1785485296.1785553,1785485296.180873,5.8116589188575745,0.00231773778796196
5,prefix_cache_routing_4ep_1.5b_hitrate,formal,1,1102,18.4 (Ubuntu 18.4-1.pgdg22.04+1),0.8.5,1219,1102:request:301219,1102:batch:117,-1,False,endpoint-2:worker:0,0,668556,default,endpoint-2,1,completed,,5.883873462677002,0.005938291549682617,301219,1,438,103,69,5.808624813333154,1785485290.368189,1785485296.1768138,1785485290.3682218,1785485296.1725488,1785485296.1767159,5.80432715639472,0.004167009145021439
5,prefix_cache_routing_4ep_1.5b_hitrate,formal,1,1102,18.4 (Ubuntu 18.4-1.pgdg22.04+1),0.8.5,1220,1102:request:301220,1102:batch:117,-1,False,endpoint-2:worker:0,0,668556,default,endpoint-2,1,completed,,5.882737398147583,0.004891633987426758,301220,1,279,20,212,5.807289117947221,1785485290.3689284,1785485296.1762178,1785485290.3689532,1785485296.172243,1785485296.176134,5.803289858624339,0.0038909055292606354
5,prefix_cache_routing_4ep_1.5b_hitrate,formal,1,1102,18.4 (Ubuntu 18.4-1.pgdg22.04+1),0.8.5,1221,1102:request:301221,1102:batch:117,-1,False,endpoint-0:worker:0,0,668553,default,endpoint-0,0,completed,,5.676260232925415,0.0018126964569091797,301221,1,655,325,210,5.66752896271646,1785485290.3688028,1785485296.036332,1785485290.3688462,1785485296.0350094,1785485296.0359042,5.666163761168718,0.0008946657180786133
5,prefix_cache_routing_4ep_1.5b_hitrate,formal,1,1102,18.4 (Ubuntu 18.4-1.pgdg22.04+1),0.8.5,1222,1102:request:301222,1102:batch:117,-1,False,endpoint-0:worker:0,0,668553,default,endpoint-0,0,completed,,4.532567501068115,0.005056142807006836,301222,1,216,11,176,4.522801775485277,1785485290.3739314,1785485294.8967335,1785485290.3739583,1785485294.8961241,1785485294.896612,4.522166132926941,0.00048740580677986145
5,prefix_cache_routing_4ep_1.5b_hitrate,formal,1,1102,18.4 (Ubuntu 18.4-1.pgdg22.04+1),0.8.5,1223,1102:request:301223,1102:batch:117,-1,False,endpoint-1:worker:0,0,668554,default,endpoint-1,0,completed,,5.785230875015259,0.0021505355834960938,301223,1,271,13,121,5.776025025174022,1785485290.3726358,1785485296.1486604,1785485290.372678,1785485296.1475654,1785485296.1485612,5.77488704957068,0.0009958073496818542
5,prefix_cache_routing_4ep_1.5b_hitrate,formal,1,1102,18.4 (Ubuntu 18.4-1.pgdg22.04+1),0.8.5,1224,1102:request:301224,1102:batch:117,-1,False,endpoint-2:worker:0,0,668556,default,endpoint-2,1,completed,,5.867917776107788,0.0018672943115234375,301224,1,615,190,107,5.799652012065053,1785485290.3747387,1785485296.1743906,1785485290.3747733,1785485296.1712518,1785485296.1742523,5.796478416770697,0.0030004996806383133
5,prefix_cache_routing_4ep_1.5b_hitrate,formal,1,1102,18.4 (Ubuntu 18.4-1.pgdg22.04+1),0.8.5,1225,1102:request:301225,1102:batch:117,-1,False,endpoint-3:worker:0,0,668555,default,endpoint-3,1,completed,,6.869293928146362,0.002537250518798828,301225,1,156,24,87,6.859283659607172,1785485290.3773103,1785485297.2365935,1785485290.3773935,1785485297.2351534,1785485297.236362,6.8577578496187925,0.001207670196890831
5,prefix_cache_routing_4ep_1.5b_hitrate,formal,1,1102,18.4 (Ubuntu 18.4-1.pgdg22.04+1),0.8.5,1226,1102:request:301226,1102:batch:117,-1,False,endpoint-1:worker:0,0,668554,default,endpoint-1,0,completed,,5.868919134140015,0.002574443817138672,301226,1,392,95,213,5.820989679545164,1785485290.3791049,1785485296.200094,1785485290.3791442,1785485296.1984587,1785485296.1999395,5.819315148517489,0.0014803260564804077
5,prefix_cache_routing_4ep_1.5b_hitrate,formal,1,1102,18.4 (Ubuntu 18.4-1.pgdg22.04+1),0.8.5,1227,1102:request:301227,1102:batch:117,-1,False,endpoint-0:worker:0,0,668553,default,endpoint-0,0,completed,,3.7026138305664062,0.0017323493957519531,301227,1,485,247,125,3.6984435468912125,1785485290.3807158,1785485294.079159,1785485290.3807611,1785485294.0779696,1785485294.0789537,3.697209471836686,0.00098315067589283
5,prefix_cache_routing_4ep_1.5b_hitrate,formal,1,1102,18.4 (Ubuntu 18.4-1.pgdg22.04+1),0.8.5,1228,1102:request:301228,1102:batch:118,-1,False,endpoint-0:worker:0,0,668553,default,endpoint-0,0,completed,,4.263808488845825,0.001458883285522461,301228,1,791,431,135,4.255369395017624,1785485290.3831122,1785485294.6384814,1785485290.3831627,1785485294.637241,1785485294.638322,4.254078244790435,0.001081325113773346
5,prefix_cache_routing_4ep_1.5b_hitrate,formal,1,1102,18.4 (Ubuntu 18.4-1.pgdg22.04+1),0.8.5,1229,1102:request:301229,1102:batch:118,-1,False,endpoint-2:worker:0,0,668556,default,endpoint-2,1,completed,,5.804671764373779,0.006464719772338867,301229,1,1167,640,139,5.786591095849872,1785485290.3916597,1785485296.1782503,1785485290.391714,1785485296.1731277,1785485296.1780355,5.781413085758686,0.004908012226223946
5,prefix_cache_routing_4ep_1.5b_hitrate,formal,1,1102,18.4 (Ubuntu 18.4-1.pgdg22.04+1),0.8.5,1230,1102:request:301230,1102:batch:118,-1,False,endpoint-0:worker:0,0,668553,default,endpoint-0,0,completed,,5.67390775680542,0.0011377334594726562,301230,1,278,18,176,5.652393527328968,1785485290.3879416,1785485296.0403352,1785485290.3879778,1785485296.0382802,1785485296.0402462,5.650302641093731,0.001966075971722603
5,prefix_cache_routing_4ep_1.5b_hitrate,formal,1,1102,18.4 (Ubuntu 18.4-1.pgdg22.04+1),0.8.5,1231,1102:request:301231,1102:batch:118,-1,False,endpoint-2:worker:0,0,668556,default,endpoint-2,1,completed,,5.860955715179443,0.0037441253662109375,301231,1,895,524,166,5.781299527734518,1785485290.394363,1785485296.175662,1785485290.3944006,1785485296.1719198,1785485296.1754806,5.777519430965185,0.0035604555159807205
5,prefix_cache_routing_4ep_1.5b_hitrate,formal,1,1102,18.4 (Ubuntu 18.4-1.pgdg22.04+1),0.8.5,1232,1102:request:301232,1102:batch:118,-1,False,endpoint-2:worker:0,0,668556,default,endpoint-2,1,completed,,5.8289635181427,0.003368377685546875,301232,1,850,381,131,5.778795193880796,1785485290.3962247,1785485296.1750195,1785485290.3962812,1785485296.1715963,1785485296.1748178,5.775314603000879,0.0032214615494012833
5,prefix_cache_routing_4ep_1.5b_hitrate,formal,1,1102,18.4 (Ubuntu 18.4-1.pgdg22.04+1),0.8.5,1233,1102:request:301233,1102:batch:118,-1,False,endpoint-2:worker:0,0,668556,default,endpoint-2,1,completed,,5.801294803619385,0.0025174617767333984,301233,1,1434,701,187,5.7869918290525675,1785485290.398568,1785485296.1855595,1785485290.398622,1785485296.1801019,1785485296.1853259,5.781479835510254,0.005223814398050308
5,prefix_cache_routing_4ep_1.5b_hitrate,formal,1,1102,18.4 (Ubuntu 18.4-1.pgdg22.04+1),0.8.5,1234,1102:request:301234,1102:batch:118,-1,False,endpoint-0:worker:0,0,668553,default,endpoint-0,0,completed,,5.650618314743042,0.0018842220306396484,301234,1,775,294,125,5.640695096924901,1785485290.4001265,1785485296.040821,1785485290.4001875,1785485296.0385816,1785485296.040647,5.638394055888057,0.0020654797554016113
5,prefix_cache_routing_4ep_1.5b_hitrate,formal,1,1102,18.4 (Ubuntu 18.4-1.pgdg22.04+1),0.8.5,1235,1102:request:301235,1102:batch:118,-1,False,endpoint-2:worker:0,0,668556,default,endpoint-2,1,completed,,5.814685106277466,0.0019345283508300781,301235,1,1368,621,116,5.780105864629149,1785485290.403632,1785485296.1837373,1785485290.4036837,1785485296.1795382,1785485296.1834965,5.77585456520319,0.00395820289850235
5,prefix_cache_routing_4ep_1.5b_hitrate,formal,1,1102,18.4 (Ubuntu 18.4-1.pgdg22.04+1),0.8.5,1236,1102:request:301236,1102:batch:118,-1,False,endpoint-2:worker:0,0,668556,default,endpoint-2,1,completed,,5.837571620941162,0.0017688274383544922,301236,1,267,8,177,5.778549242764711,1785485290.4060335,1785485296.1845822,1785485290.4060798,1785485296.1798224,1785485296.1844828,5.7737425323575735,0.004660462960600853
5,prefix_cache_routing_4ep_1.5b_hitrate,formal,1,1102,18.4 (Ubuntu 18.4-1.pgdg22.04+1),0.8.5,1237,1102:request:301237,1102:batch:119,-1,False,endpoint-2:worker:0,0,668556,default,endpoint-2,1,completed,,5.787108898162842,0.0021467208862304688,301237,1,545,213,140,5.769128071144223,1785485290.4083512,1785485296.177479,1785485290.4084027,1785485296.1728377,1785485296.1773422,5.764434734359384,0.0045045968145132065
5,prefix_cache_routing_4ep_1.5b_hitrate,formal,1,1102,18.4 (Ubuntu 18.4-1.pgdg22.04+1),0.8.5,1238,1102:request:301238,1102:batch:119,-1,False,endpoint-2:worker:0,0,668556,default,endpoint-2,1,completed,,5.817707300186157,0.0015320777893066406,301238,1,265,7,188,5.772391900420189,1785485290.4104097,1785485296.182801,1785485290.4104934,1785485296.1792338,1785485296.1827118,5.768740026280284,0.003478188067674637
5,prefix_cache_routing_4ep_1.5b_hitrate,formal,1,1102,18.4 (Ubuntu 18.4-1.pgdg22.04+1),0.8.5,1239,1102:request:301239,1102:batch:119,-1,False,endpoint-2:worker:0,0,668556,default,endpoint-2,1,completed,,5.777101993560791,0.003000497817993164,301239,1,583,265,184,5.760046038776636,1785485290.413778,1785485296.173824,1785485290.4138212,1785485296.1708083,1785485296.1736548,5.75698715634644,0.0028462596237659454
5,prefix_cache_routing_4ep_1.5b_hitrate,formal,1,1102,18.4 (Ubuntu 18.4-1.pgdg22.04+1),0.8.5,1240,1102:request:301240,1102:batch:119,-1,False,endpoint-1:worker:0,0,668554,default,endpoint-1,0,completed,,4.490494966506958,0.002351522445678711,301240,1,216,17,147,4.487034035846591,1785485290.415915,1785485294.9029484,1785485290.4160118,1785485294.9023223,1785485294.902836,4.4863102454692125,0.0005136430263519287
5,prefix_cache_routing_4ep_1.5b_hitrate,formal,1,1102,18.4 (Ubuntu 18.4-1.pgdg22.04+1),0.8.5,1241,1102:request:301241,1102:batch:119,-1,False,endpoint-0:worker:0,0,668553,default,endpoint-0,0,completed,,5.641475439071655,0.0021445751190185547,301241,1,669,331,197,5.6213733330369,1785485290.4180515,1785485296.0394247,1785485290.4180915,1785485296.0370982,1785485296.039246,5.619007121771574,0.002147546038031578
5,prefix_cache_routing_4ep_1.5b_hitrate,formal,1,1102,18.4 (Ubuntu 18.4-1.pgdg22.04+1),0.8.5,1242,1102:request:301242,1102:batch:119,-1,False,endpoint-2:worker:0,0,668556,default,endpoint-2,1,completed,,5.784138202667236,0.00128936767578125,301242,1,1041,638,212,5.771567974239588,1785485290.4195883,1785485296.191156,1785485290.4196322,1785485296.1899698,1785485296.1909006,5.7703375443816185,0.0009307730942964554
5,prefix_cache_routing_4ep_1.5b_hitrate,formal,1,1102,18.4 (Ubuntu 18.4-1.pgdg22.04+1),0.8.5,1243,1102:request:301243,1102:batch:119,-1,False,endpoint-3:worker:0,0,668555,default,endpoint-3,1,completed,,9.21870470046997,0.0028543472290039062,301243,1,259,2,161,9.194720955565572,1785485290.4229102,1785485299.6176302,1785485290.4229946,1785485299.6086938,1785485299.6175377,9.185698866844177,0.008843926712870598
5,prefix_cache_routing_4ep_1.5b_hitrate,formal,1,1102,18.4 (Ubuntu 18.4-1.pgdg22.04+1),0.8.5,1244,1102:request:301244,1102:batch:119,-1,False,endpoint-1:worker:0,0,668554,default,endpoint-1,0,completed,,5.7987260818481445,0.0015523433685302734,301244,1,365,84,195,5.791815672069788,1785485290.4239228,1785485296.2157383,1785485290.4239645,1785485296.2144299,1785485296.2154384,5.790465958416462,0.0010082144290208817
5,prefix_cache_routing_4ep_1.5b_hitrate,formal,1,1102,18.4 (Ubuntu 18.4-1.pgdg22.04+1),0.8.5,1245,1102:request:301245,1102:batch:119,-1,False,endpoint-2:worker:0,0,668556,default,endpoint-2,1,completed,,5.781672716140747,0.0013890266418457031,301245,1,725,381,214,5.77020631916821,1785485290.4263456,1785485296.1965513,1785485290.4263859,1785485296.1921237,1785485296.1963944,5.7657377533614635,0.004270788282155991
5,prefix_cache_routing_4ep_1.5b_hitrate,formal,1,1102,18.4 (Ubuntu 18.4-1.pgdg22.04+1),0.8.5,1246,1102:request:301246,1102:batch:119,-1,False,endpoint-2:worker:0,0,668556,default,endpoint-2,1,completed,,5.816910982131958,0.0013661384582519531,301246,1,811,446,208,5.771705836057663,1785485290.4291706,1785485296.200876,1785485290.429225,1785485296.1932933,1785485296.2007163,5.764068530872464,0.007422851398587227
5,prefix_cache_routing_4ep_1.5b_hitrate,formal,1,1102,18.4 (Ubuntu 18.4-1.pgdg22.04+1),0.8.5,1247,1102:request:301247,1102:batch:119,-1,False,endpoint-0:worker:0,0,668553,default,endpoint-0,0,completed,,5.615826845169067,0.001986980438232422,301247,1,268,9,207,5.6098470240831375,1785485290.4314017,1785485296.0412483,1785485290.4314642,1785485296.038879,1785485296.041163,5.607414713129401,0.002283921465277672
5,prefix_cache_routing_4ep_1.5b_hitrate,formal,1,1102,18.4 (Ubuntu 18.4-1.pgdg22.04+1),0.8.5,1248,1102:request:301248,1102:batch:119,-1,False,endpoint-2:worker:0,0,668556,default,endpoint-2,1,completed,,5.8080735206604,0.001657247543334961,301248,1,272,14,216,5.765727918595076,1785485290.4328842,1785485296.1986115,1785485290.4329255,1785485296.1927161,1785485296.198526,5.759790308773518,0.00580994039773941
5,prefix_cache_routing_4ep_1.5b_hitrate,formal,1,1102,18.4 (Ubuntu 18.4-1.pgdg22.04+1),0.8.5,1249,1102:request:301249,1102:batch:119,-1,False,endpoint-2:worker:0,0,668556,default,endpoint-2,1,completed,,5.774384021759033,0.0018455982208251953,301249,1,575,264,187,5.762782737612724,1785485290.4348109,1785485296.1975937,1785485290.4348485,1785485296.1924264,1785485296.1974614,5.757577911019325,0.005034681409597397
5,prefix_cache_routing_4ep_1.5b_hitrate,formal,1,1102,18.4 (Ubuntu 18.4-1.pgdg22.04+1),0.8.5,1250,1102:request:301250,1102:batch:119,-1,False,endpoint-2:worker:0,0,668556,default,endpoint-2,1,completed,,5.772455453872681,0.0036673545837402344,301250,1,743,385,194,5.7551502119749784,1785485290.4392974,1785485296.1944473,1785485290.43939,1785485296.1914694,1785485296.19427,5.752079293131828,0.0028005726635456085
5,prefix_cache_routing_4ep_1.5b_hitrate,formal,1,1102,18.4 (Ubuntu 18.4-1.pgdg22.04+1),0.8.5,1251,1102:request:301251,1102:batch:119,-1,False,endpoint-2:worker:0,0,668556,default,endpoint-2,1,completed,,5.469956636428833,0.0013172626495361328,301251,1,1039,614,178,5.466280207037926,1785485290.442145,1785485295.9084246,1785485290.442213,1785485295.9075801,1785485295.9081514,5.465367356315255,0.0005706921219825745
5,prefix_cache_routing_4ep_1.5b_hitrate,formal,1,1102,18.4 (Ubuntu 18.4-1.pgdg22.04+1),0.8.5,1252,1102:request:301252,1102:batch:120,-1,False,endpoint-2:worker:0,0,668556,default,endpoint-2,1,completed,,5.787059783935547,0.002187490463256836,301252,1,627,313,214,5.750405099242926,1785485290.445101,1785485296.1955056,1785485290.4451537,1785485296.1918101,1785485296.1953275,5.746656212955713,0.003517327830195427
5,prefix_cache_routing_4ep_1.5b_hitrate,formal,1,1102,18.4 (Ubuntu 18.4-1.pgdg22.04+1),0.8.5,1253,1102:request:301253,1102:batch:120,-1,False,endpoint-1:worker:0,0,668554,default,endpoint-1,0,completed,,4.060932397842407,0.0017275810241699219,301253,1,1006,673,136,4.055805576965213,1785485290.4544017,1785485294.5102072,1785485290.454446,1785485294.5089173,1785485294.50982,4.05447125993669,0.0009024832397699356
5,prefix_cache_routing_4ep_1.5b_hitrate,formal,1,1102,18.4 (Ubuntu 18.4-1.pgdg22.04+1),0.8.5,1254,1102:request:301254,1102:batch:120,-1,False,endpoint-1:worker:0,0,668554,default,endpoint-1,0,completed,,5.865283966064453,0.0014567375183105469,301254,1,1239,790,198,5.859477574005723,1785485290.4567869,1785485296.3162644,1785485290.4568388,1785485296.3148484,1785485296.3158784,5.858010087162256,0.0010295268148183823
5,prefix_cache_routing_4ep_1.5b_hitrate,formal,1,1102,18.4 (Ubuntu 18.4-1.pgdg22.04+1),0.8.5,1255,1102:request:301255,1102:batch:120,-1,False,endpoint-1:worker:0,0,668554,default,endpoint-1,0,completed,,5.861070871353149,0.0015444755554199219,301255,1,290,24,201,5.854618415236473,1785485290.4591062,1785485296.313726,1785485290.459141,1785485296.3119874,1785485296.3134181,5.852847078815103,0.0014300495386123657
5,prefix_cache_routing_4ep_1.5b_hitrate,formal,1,1102,18.4 (Ubuntu 18.4-1.pgdg22.04+1),0.8.5,1256,1102:request:301256,1102:batch:120,-1,False,endpoint-2:worker:0,0,668556,default,endpoint-2,1,completed,,5.7734534740448,0.001882791519165039,301256,1,679,308,191,5.738598473370075,1785485290.461128,1785485296.1997259,1785485290.461178,1785485296.1930068,1785485296.1995845,5.731828628107905,0.006577787920832634
5,prefix_cache_routing_4ep_1.5b_hitrate,formal,1,1102,18.4 (Ubuntu 18.4-1.pgdg22.04+1),0.8.5,1257,1102:request:301257,1102:batch:120,-1,False,endpoint-0:worker:0,0,668553,default,endpoint-0,0,completed,,5.791679620742798,0.0018537044525146484,301257,1,1062,592,190,5.781967055052519,1785485290.4674387,1785485296.2494056,1785485290.4674761,1785485296.2463083,1785485296.249203,5.778832174837589,0.0028944946825504303
5,prefix_cache_routing_4ep_1.5b_hitrate,formal,1,1102,18.4 (Ubuntu 18.4-1.pgdg22.04+1),0.8.5,1258,1102:request:301258,1102:batch:120,-1,False,endpoint-0:worker:0,0,668553,default,endpoint-0,0,completed,,5.813990354537964,0.0019838809967041016,301258,1,718,368,181,5.778597524389625,1785485290.4696891,1785485296.2482867,1785485290.469725,1785485296.2456274,1785485296.248102,5.775902671739459,0.0024745408445596695
5,prefix_cache_routing_4ep_1.5b_hitrate,formal,1,1102,18.4 (Ubuntu 18.4-1.pgdg22.04+1),0.8.5,1259,1102:request:301259,1102:batch:120,-1,False,endpoint-0:worker:0,0,668553,default,endpoint-0,0,completed,,5.7973411083221436,0.001249551773071289,301259,1,901,515,206,5.778255162760615,1785485290.47174,1785485296.2499948,1785485290.4717753,1785485296.2466397,1785485296.2498193,5.774864491075277,0.003179602324962616
5,prefix_cache_routing_4ep_1.5b_hitrate,formal,1,1102,18.4 (Ubuntu 18.4-1.pgdg22.04+1),0.8.5,1260,1102:request:301260,1102:batch:120,-1,False,endpoint-0:worker:0,0,668553,default,endpoint-0,0,completed,,5.796091794967651,0.0012390613555908203,301260,1,396,115,178,5.775106627494097,1785485290.473704,1785485296.2488108,1785485290.4737391,1785485296.2459836,1785485296.248678,5.772244168445468,0.0026943814009428024
5,prefix_cache_routing_4ep_1.5b_hitrate,formal,1,1102,18.4 (Ubuntu 18.4-1.pgdg22.04+1),0.8.5,1261,1102:request:301261,1102:batch:120,-1,False,endpoint-0:worker:0,0,668553,default,endpoint-0,0,completed,,5.77963662147522,0.0017762184143066406,301261,1,813,478,216,5.773799549788237,1785485290.4768,1785485296.2505994,1785485290.4768364,1785485296.246958,1785485296.2504365,5.770121708512306,0.0034785065799951553
5,prefix_cache_routing_4ep_1.5b_hitrate,formal,1,1102,18.4 (Ubuntu 18.4-1.pgdg22.04+1),0.8.5,1262,1102:request:301262,1102:batch:121,-1,False,endpoint-0:worker:0,0,668553,default,endpoint-0,0,completed,,5.780237913131714,0.001417398452758789,301262,1,933,568,213,5.77209104411304,1785485290.479172,1785485296.251263,1785485290.4792087,1785485296.2472613,1785485296.2510743,5.768052296712995,0.00381317175924778
5,prefix_cache_routing_4ep_1.5b_hitrate,formal,1,1102,18.4 (Ubuntu 18.4-1.pgdg22.04+1),0.8.5,1263,1102:request:301263,1102:batch:121,-1,False,endpoint-0:worker:0,0,668553,default,endpoint-0,0,completed,,5.7896318435668945,0.0012857913970947266,301263,1,1121,719,208,5.764391956850886,1785485290.4808817,1785485296.2452734,1785485290.4809186,1785485296.2443554,1785485296.2449725,5.7634373139590025,0.0006165467202663422
5,prefix_cache_routing_4ep_1.5b_hitrate,formal,1,1102,18.4 (Ubuntu 18.4-1.pgdg22.04+1),0.8.5,1264,1102:request:301264,1102:batch:121,-1,False,endpoint-1:worker:0,0,668554,default,endpoint-1,0,completed,,5.277660369873047,0.0017886161804199219,301264,1,538,252,175,5.274430733174086,1785485290.4836996,1785485295.75813,1785485290.4837427,1785485295.756375,1785485295.757903,5.272633397951722,0.0015270467847585678
5,prefix_cache_routing_4ep_1.5b_hitrate,formal,1,1102,18.4 (Ubuntu 18.4-1.pgdg22.04+1),0.8.5,1265,1102:request:301265,1102:batch:121,-1,False,endpoint-0:worker:0,0,668553,default,endpoint-0,0,completed,,4.836765289306641,0.001302957534790039,301265,1,974,624,196,4.829792415723205,1785485290.4873059,1785485295.3170981,1785485290.4873462,1785485295.316131,1785485295.3168766,4.8287848718464375,0.0007455702871084213
5,prefix_cache_routing_4ep_1.5b_hitrate,formal,1,1102,18.4 (Ubuntu 18.4-1.pgdg22.04+1),0.8.5,1266,1102:request:301266,1102:batch:121,-1,False,endpoint-0:worker:0,0,668553,default,endpoint-0,0,completed,,3.851152181625366,0.0019190311431884766,301266,1,1071,739,149,3.8479403536766768,1785485290.4908915,1785485294.3388317,1785485290.4909408,1785485294.3381724,1785485294.3385508,3.84723168797791,0.0003782641142606735
5,prefix_cache_routing_4ep_1.5b_hitrate,formal,1,1102,18.4 (Ubuntu 18.4-1.pgdg22.04+1),0.8.5,1267,1102:request:301267,1102:batch:121,-1,False,endpoint-1:worker:0,0,668554,default,endpoint-1,0,completed,,3.6893255710601807,0.003420591354370117,301267,1,1166,834,141,3.6833913903683424,1785485290.5106428,1785485294.1940336,1785485290.5106888,1785485294.1930525,1785485294.1937428,3.6823637690395117,0.0006901752203702927
5,prefix_cache_routing_4ep_1.5b_hitrate,formal,1,1102,18.4 (Ubuntu 18.4-1.pgdg22.04+1),0.8.5,1268,1102:request:301268,1102:batch:121,-1,False,endpoint-2:worker:0,0,668556,default,endpoint-2,1,completed,,5.767816066741943,0.0019550323486328125,301268,1,1404,959,214,5.747482627630234,1785485290.5125606,1785485296.260043,1785485290.5125964,1785485296.2566648,1785485296.2597833,5.744068384170532,0.0031181760132312775
5,prefix_cache_routing_4ep_1.5b_hitrate,formal,1,1102,18.4 (Ubuntu 18.4-1.pgdg22.04+1),0.8.5,1269,1102:request:301269,1102:batch:121,-1,False,endpoint-1:worker:0,0,668554,default,endpoint-1,0,completed,,5.863153696060181,0.001583099365234375,301269,1,531,232,186,5.857951225712895,1785485290.5146005,1785485296.3725517,1785485290.5146365,1785485296.3714085,1785485296.37235,5.85677270963788,0.0009408295154571533
5,prefix_cache_routing_4ep_1.5b_hitrate,formal,1,1102,18.4 (Ubuntu 18.4-1.pgdg22.04+1),0.8.5,1270,1102:request:301270,1102:batch:121,-1,False,endpoint-2:worker:0,0,668556,default,endpoint-2,1,completed,,5.765536546707153,0.0012187957763671875,301270,1,662,340,170,5.7416579853743315,1785485290.5166616,1785485296.2583196,1785485290.5166972,1785485296.2559924,1785485296.258142,5.739295423030853,0.002149585634469986
5,prefix_cache_routing_4ep_1.5b_hitrate,formal,1,1102,18.4 (Ubuntu 18.4-1.pgdg22.04+1),0.8.5,1271,1102:request:301271,1102:batch:122,-1,False,endpoint-1:worker:0,0,668554,default,endpoint-1,0,completed,,5.860049724578857,0.0020644664764404297,301271,1,1267,825,132,5.854150410741568,1785485290.5198426,1785485296.3739927,1785485290.519885,1785485296.3729239,1785485296.373677,5.853038989007473,0.0007531829178333282
5,prefix_cache_routing_4ep_1.5b_hitrate,formal,1,1102,18.4 (Ubuntu 18.4-1.pgdg22.04+1),0.8.5,1272,1102:request:301272,1102:batch:122,-1,False,endpoint-2:worker:0,0,668556,default,endpoint-2,1,completed,,5.74450421333313,0.001214742660522461,301272,1,490,191,210,5.740086717531085,1785485290.5207553,1785485296.2608418,1785485290.5207958,1785485296.2569644,1785485296.260728,5.73616854287684,0.003763502463698387
5,prefix_cache_routing_4ep_1.5b_hitrate,formal,1,1102,18.4 (Ubuntu 18.4-1.pgdg22.04+1),0.8.5,1273,1102:request:301273,1102:batch:122,-1,False,endpoint-2:worker:0,0,668556,default,endpoint-2,1,completed,,5.753130197525024,0.0013511180877685547,301273,1,1091,702,211,5.731682546436787,1785485290.5239568,1785485296.2556393,1785485290.5239902,1785485296.2545283,1785485296.2553616,5.730538070201874,0.0008333213627338409
5,prefix_cache_routing_4ep_1.5b_hitrate,formal,1,1102,18.4 (Ubuntu 18.4-1.pgdg22.04+1),0.8.5,1274,1102:request:301274,1102:batch:122,-1,False,endpoint-0:worker:0,0,668553,default,endpoint-0,0,completed,,5.736757755279541,0.0021359920501708984,301274,1,264,3,182,5.7255301885306835,1785485290.526332,1785485296.2518616,1785485290.5263953,1785485296.2475886,1785485296.2517815,5.721193114295602,0.004192706197500229
5,prefix_cache_routing_4ep_1.5b_hitrate,formal,1,1102,18.4 (Ubuntu 18.4-1.pgdg22.04+1),0.8.5,1275,1102:request:301275,1102:batch:122,-1,False,endpoint-2:worker:0,0,668556,default,endpoint-2,1,completed,,5.739088535308838,0.0017635822296142578,301275,1,408,116,211,5.731544720008969,1785485290.52756,1785485296.2591045,1785485290.5275953,1785485296.2563508,1785485296.2589748,5.728755574673414,0.002623932436108589
5,prefix_cache_routing_4ep_1.5b_hitrate,formal,1,1102,18.4 (Ubuntu 18.4-1.pgdg22.04+1),0.8.5,1276,1102:request:301276,1102:batch:122,-1,False,endpoint-2:worker:0,0,668556,default,endpoint-2,1,completed,,4.367928504943848,0.0013768672943115234,301276,1,517,253,160,4.314057692885399,1785485290.5294766,1785485294.8435338,1785485290.5295422,1785485294.8426523,1785485294.8433475,4.313110925257206,0.0006943941116333008
5,prefix_cache_routing_4ep_1.5b_hitrate,formal,1,1102,18.4 (Ubuntu 18.4-1.pgdg22.04+1),0.8.5,1277,1102:request:301277,1102:batch:122,-1,False,endpoint-0:worker:0,0,668553,default,endpoint-0,0,completed,,4.877060651779175,0.0018451213836669922,301277,1,828,474,159,4.873514350503683,1785485290.5785375,1785485295.4520519,1785485290.5785992,1785485295.450358,1785485295.451523,4.8717596139758825,0.0011643078178167343
5,prefix_cache_routing_4ep_1.5b_hitrate,formal,1,1102,18.4 (Ubuntu 18.4-1.pgdg22.04+1),0.8.5,1278,1102:request:301278,1102:batch:122,-1,False,endpoint-2:worker:0,0,668556,default,endpoint-2,1,completed,,3.716008424758911,0.0026612281799316406,301278,1,192,16,145,3.7110043447464705,1785485290.581105,1785485294.292108,1785485290.5811925,1785485294.2907178,1785485294.2919402,3.709526004269719,0.0012215971946716309
5,prefix_cache_routing_4ep_1.5b_hitrate,formal,1,1102,18.4 (Ubuntu 18.4-1.pgdg22.04+1),0.8.5,1279,1102:request:301279,1102:batch:122,-1,False,endpoint-0:worker:0,0,668553,default,endpoint-0,0,completed,,5.748304128646851,0.010096073150634766,301279,1,595,287,192,5.729862978681922,1785485290.5913212,1785485296.3211842,1785485290.5913982,1785485296.3187392,1785485296.3210409,5.727340964600444,0.002301584929227829
5,prefix_cache_routing_4ep_1.5b_hitrate,formal,1,1102,18.4 (Ubuntu 18.4-1.pgdg22.04+1),0.8.5,1280,1102:request:301280,1102:batch:122,-1,False,endpoint-0:worker:0,0,668553,default,endpoint-0,0,completed,,5.7460105419158936,0.009569168090820312,301280,1,510,130,132,5.724363803863525,1785485290.5923672,1785485296.3167312,1785485290.5924194,1785485296.3150506,1785485296.316361,5.7226316295564175,0.0013100802898406982
5,prefix_cache_routing_4ep_1.5b_hitrate,formal,1,1102,18.4 (Ubuntu 18.4-1.pgdg22.04+1),0.8.5,1281,1102:request:301281,1102:batch:122,-1,False,endpoint-0:worker:0,0,668553,default,endpoint-0,0,completed,,5.741070985794067,0.00503993034362793,301281,1,854,383,191,5.731671027839184,1785485290.5901709,1785485296.3218415,1785485290.5902326,1785485296.3190682,1785485296.3216577,5.728835446760058,0.0025893040001392365
5,prefix_cache_routing_4ep_1.5b_hitrate,formal,1,1102,18.4 (Ubuntu 18.4-1.pgdg22.04+1),0.8.5,1282,1102:request:301282,1102:batch:122,-1,False,endpoint-0:worker:0,0,668553,default,endpoint-0,0,completed,,5.749306678771973,0.008214473724365234,301282,1,1328,693,170,5.724837450310588,1785485290.5957544,1785485296.320592,1785485290.5958195,1785485296.3183162,1785485296.3203263,5.722497116774321,0.002009684219956398
5,prefix_cache_routing_4ep_1.5b_hitrate,formal,1,1102,18.4 (Ubuntu 18.4-1.pgdg22.04+1),0.8.5,1283,1102:request:301283,1102:batch:123,-1,False,endpoint-0:worker:0,0,668553,default,endpoint-0,0,completed,,5.241039276123047,0.010487556457519531,301283,1,621,257,164,5.22808394394815,1785485290.6005735,1785485295.8286572,1785485290.6006303,1785485295.8278112,1785485295.828391,5.227181194350123,0.0005795918405056
5,prefix_cache_routing_4ep_1.5b_hitrate,formal,1,1102,18.4 (Ubuntu 18.4-1.pgdg22.04+1),0.8.5,1284,1102:request:301284,1102:batch:123,-1,False,endpoint-0:worker:0,0,668553,default,endpoint-0,0,completed,,5.741783618927002,0.010017633438110352,301284,1,1051,533,137,5.717442920431495,1785485290.602439,1785485296.3198814,1785485290.6025167,1785485296.3174765,1785485296.3196244,5.714960204437375,0.0021474789828062057
5,prefix_cache_routing_4ep_1.5b_hitrate,formal,1,1102,18.4 (Ubuntu 18.4-1.pgdg22.04+1),0.8.5,1285,1102:request:301285,1102:batch:123,-1,False,endpoint-0:worker:0,0,668553,default,endpoint-0,0,completed,,4.050094127655029,0.008073806762695312,301285,1,1417,822,134,4.033805044367909,1785485290.6041672,1785485294.6379719,1785485290.6042306,1785485294.6368709,1785485294.6376789,4.032640159130096,0.0008078683167695999
5,prefix_cache_routing_4ep_1.5b_hitrate,formal,1,1102,18.4 (Ubuntu 18.4-1.pgdg22.04+1),0.8.5,1286,1102:request:301286,1102:batch:123,-1,False,endpoint-1:worker:0,0,668554,default,endpoint-1,0,completed,,5.853986501693726,0.0017123222351074219,301286,1,592,162,180,5.849770348519087,1785485290.6036332,1785485296.4534037,1785485290.603674,1785485296.4511948,1785485296.4529428,5.847521940246224,0.0017475318163633347
5,prefix_cache_routing_4ep_1.5b_hitrate,formal,1,1102,18.4 (Ubuntu 18.4-1.pgdg22.04+1),0.8.5,1287,1102:request:301287,1102:batch:123,-1,False,endpoint-1:worker:0,0,668554,default,endpoint-1,0,completed,,5.877694606781006,0.0014286041259765625,301287,1,1067,439,182,5.866633411496878,1785485290.6056888,1785485296.472322,1785485290.6057358,1785485296.470004,1785485296.472106,5.864268181845546,0.0021019522100687027
5,prefix_cache_routing_4ep_1.5b_hitrate,formal,1,1102,18.4 (Ubuntu 18.4-1.pgdg22.04+1),0.8.5,1288,1102:request:301288,1102:batch:123,-1,False,endpoint-1:worker:0,0,668554,default,endpoint-1,0,completed,,5.868704557418823,0.0012454986572265625,301288,1,1456,689,197,5.861396387219429,1785485290.607854,1785485296.46925,1785485290.607893,1785485296.4679008,1785485296.4688885,5.860008396208286,0.0009872671216726303
5,prefix_cache_routing_4ep_1.5b_hitrate,formal,1,1102,18.4 (Ubuntu 18.4-1.pgdg22.04+1),0.8.5,1289,1102:request:301289,1102:batch:123,-1,False,endpoint-1:worker:0,0,668554,default,endpoint-1,0,completed,,5.873011589050293,0.0011563301086425781,301289,1,446,144,173,5.8620390221476555,1785485290.6093671,1785485296.471406,1785485290.6094003,1785485296.46961,1785485296.4712477,5.860209763050079,0.001637440174818039
5,prefix_cache_routing_4ep_1.5b_hitrate,formal,1,1102,18.4 (Ubuntu 18.4-1.pgdg22.04+1),0.8.5,1290,1102:request:301290,1102:batch:123,-1,False,endpoint-1:worker:0,0,668554,default,endpoint-1,0,completed,,5.884832859039307,0.001691579818725586,301290,1,656,289,185,5.861585337668657,1785485290.6115344,1785485296.4731195,1785485290.6115763,1785485296.470378,1785485296.472971,5.858801778405905,0.0025928523391485214
5,prefix_cache_routing_4ep_1.5b_hitrate,formal,1,1102,18.4 (Ubuntu 18.4-1.pgdg22.04+1),0.8.5,1291,1102:request:301291,1102:batch:123,-1,False,endpoint-1:worker:0,0,668554,default,endpoint-1,0,completed,,5.863338947296143,0.002427816390991211,301291,1,948,494,178,5.835012868046761,1785485290.7393494,1785485296.5743616,1785485290.7394178,1785485296.5702748,1785485296.5741158,5.830856841057539,0.003841014578938484
5,prefix_cache_routing_4ep_1.5b_hitrate,formal,1,1102,18.4 (Ubuntu 18.4-1.pgdg22.04+1),0.8.5,1292,1102:request:301292,1102:batch:124,-1,False,endpoint-1:worker:0,0,668554,default,endpoint-1,0,completed,,5.857516288757324,0.0019838809967041016,301292,1,1250,724,165,5.8337526600807905,1785485290.741533,1785485296.5752854,1785485290.741572,1785485296.5706306,1785485296.575027,5.829058770090342,0.004396162927150726
5,prefix_cache_routing_4ep_1.5b_hitrate,formal,1,1102,18.4 (Ubuntu 18.4-1.pgdg22.04+1),0.8.5,1293,1102:request:301293,1102:batch:124,-1,False,endpoint-2:worker:0,0,668556,default,endpoint-2,1,completed,,5.650209665298462,0.00345611572265625,301293,1,273,16,162,5.634430896490812,1785485290.7446065,1785485296.3790362,1785485290.7447374,1785485296.3754673,1785485296.378951,5.630729967728257,0.003483843058347702
5,prefix_cache_routing_4ep_1.5b_hitrate,formal,1,1102,18.4 (Ubuntu 18.4-1.pgdg22.04+1),0.8.5,1294,1102:request:301294,1102:batch:124,-1,False,endpoint-1:worker:0,0,668554,default,endpoint-1,0,completed,,5.843894720077515,0.0013914108276367188,301294,1,654,264,175,5.838465470820665,1785485290.7449706,1785485296.5834358,1785485290.7450068,1785485296.5733364,1785485296.5832942,5.828329188749194,0.009958086535334587
5,prefix_cache_routing_4ep_1.5b_hitrate,formal,1,1102,18.4 (Ubuntu 18.4-1.pgdg22.04+1),0.8.5,1295,1102:request:301295,1102:batch:124,-1,False,endpoint-1:worker:0,0,668554,default,endpoint-1,0,completed,,3.740152359008789,0.0014591217041015625,301295,1,181,8,135,3.7357105668634176,1785485290.7467215,1785485294.482432,1785485290.7467537,1785485294.4799316,1785485294.4819245,3.733178284019232,0.001992698758840561
5,prefix_cache_routing_4ep_1.5b_hitrate,formal,1,1102,18.4 (Ubuntu 18.4-1.pgdg22.04+1),0.8.5,1296,1102:request:301296,1102:batch:124,-1,False,endpoint-1:worker:0,0,668554,default,endpoint-1,0,completed,,4.510904550552368,0.0019457340240478516,301296,1,320,90,168,4.506603268906474,1785485290.7488272,1785485295.2554305,1785485290.7488675,1785485295.253892,1785485295.2551396,4.50502466596663,0.0012477356940507889
5,prefix_cache_routing_4ep_1.5b_hitrate,formal,1,1102,18.4 (Ubuntu 18.4-1.pgdg22.04+1),0.8.5,1297,1102:request:301297,1102:batch:124,-1,False,endpoint-1:worker:0,0,668554,default,endpoint-1,0,completed,,5.840804100036621,0.0012307167053222656,301297,1,406,117,185,5.824809255078435,1785485290.7512712,1785485296.5760803,1785485290.7513058,1785485296.5709512,1785485296.5759573,5.8196454625576735,0.0050060804933309555
5,prefix_cache_routing_4ep_1.5b_hitrate,formal,1,1102,18.4 (Ubuntu 18.4-1.pgdg22.04+1),0.8.5,1298,1102:request:301298,1102:batch:124,-1,False,endpoint-1:worker:0,0,668554,default,endpoint-1,0,completed,,5.8373613357543945,0.001094818115234375,301298,1,277,18,201,5.826994718983769,1785485290.7534986,1785485296.5804932,1785485290.753533,1785485296.5724297,1785485296.5804038,5.818896543234587,0.00797409936785698
5,prefix_cache_routing_4ep_1.5b_hitrate,formal,1,1102,18.4 (Ubuntu 18.4-1.pgdg22.04+1),0.8.5,1299,1102:request:301299,1102:batch:124,-1,False,endpoint-1:worker:0,0,668554,default,endpoint-1,0,completed,,5.8368165493011475,0.0011394023895263672,301299,1,574,272,194,5.823072711005807,1785485290.7556748,1785485296.5787475,1785485290.7557156,1785485296.5718591,1785485296.5786083,5.816143654286861,0.006749100983142853
5,prefix_cache_routing_4ep_1.5b_hitrate,formal,1,1102,18.4 (Ubuntu 18.4-1.pgdg22.04+1),0.8.5,1300,1102:request:301300,1102:batch:124,-1,False,endpoint-1:worker:0,0,668554,default,endpoint-1,0,completed,,5.848020792007446,0.0011110305786132812,301300,1,618,302,200,5.8199125826358795,1785485290.757962,1785485296.5778744,1785485290.7579968,1785485296.571569,1785485296.5777113,5.813572309911251,0.006142280995845795
5,prefix_cache_routing_4ep_1.5b_hitrate,formal,1,1102,18.4 (Ubuntu 18.4-1.pgdg22.04+1),0.8.5,1301,1102:request:301301,1102:batch:124,-1,False,endpoint-1:worker:0,0,668554,default,endpoint-1,0,completed,,5.842236518859863,0.001392364501953125,301301,1,270,11,192,5.821434872224927,1785485290.7599645,1785485296.581399,1785485290.7599993,1785485296.572739,1785485296.581315,5.8127394281327724,0.00857631117105484
5,prefix_cache_routing_4ep_1.5b_hitrate,formal,1,1102,18.4 (Ubuntu 18.4-1.pgdg22.04+1),0.8.5,1302,1102:request:301302,1102:batch:124,-1,False,endpoint-1:worker:0,0,668554,default,endpoint-1,0,completed,,3.369508981704712,0.0012295246124267578,301302,1,313,123,121,3.366015462204814,1785485290.7615142,1785485294.1275296,1785485290.7615488,1785485294.125963,1785485294.1274047,3.364414842799306,0.001440955325961113
5,prefix_cache_routing_4ep_1.5b_hitrate,formal,1,1102,18.4 (Ubuntu 18.4-1.pgdg22.04+1),0.8.5,1303,1102:request:301303,1102:batch:124,-1,False,endpoint-3:worker:0,0,668555,default,endpoint-3,1,completed,,8.884598016738892,0.0019097328186035156,301303,1,260,3,208,8.858803872019053,1785485290.7637804,1785485299.622584,1785485290.763812,1785485299.6098368,1785485299.622507,8.846024572849274,0.012670278549194336
5,prefix_cache_routing_4ep_1.5b_hitrate,formal,1,1102,18.4 (Ubuntu 18.4-1.pgdg22.04+1),0.8.5,1304,1102:request:301304,1102:batch:124,-1,False,endpoint-1:worker:0,0,668554,default,endpoint-1,0,completed,,5.825958251953125,0.0014698505401611328,301304,1,288,26,170,5.813771599903703,1785485290.7658377,1785485296.5796092,1785485290.7658708,1785485296.5721405,1785485296.5795236,5.806269593536854,0.0073830559849739075
5,prefix_cache_routing_4ep_1.5b_hitrate,formal,1,1102,18.4 (Ubuntu 18.4-1.pgdg22.04+1),0.8.5,1305,1102:request:301305,1102:batch:124,-1,False,endpoint-0:worker:0,0,668553,default,endpoint-0,0,completed,,5.728405237197876,0.0023288726806640625,301305,1,779,234,121,5.701967032626271,1785485290.7711718,1785485296.4731383,1785485290.7712505,1785485296.471442,1785485296.4728413,5.700191704556346,0.0013990923762321472
5,prefix_cache_routing_4ep_1.5b_hitrate,formal,1,1102,18.4 (Ubuntu 18.4-1.pgdg22.04+1),0.8.5,1306,1102:request:301306,1102:batch:124,-1,False,endpoint-0:worker:0,0,668553,default,endpoint-0,0,completed,,5.712705135345459,0.004123687744140625,301306,1,1011,374,195,5.702844882383943,1785485290.7752461,1785485296.4780908,1785485290.775285,1785485296.4744434,1785485296.477956,5.699158618226647,0.003512488678097725
5,prefix_cache_routing_4ep_1.5b_hitrate,formal,1,1102,18.4 (Ubuntu 18.4-1.pgdg22.04+1),0.8.5,1307,1102:request:301307,1102:batch:124,-1,False,endpoint-0:worker:0,0,668553,default,endpoint-0,0,completed,,5.712881326675415,0.0012247562408447266,301307,1,1265,534,186,5.700876172631979,1785485290.7789505,1785485296.4798265,1785485290.7789848,1785485296.4751744,1785485296.4796696,5.696189224720001,0.004495058208703995
5,prefix_cache_routing_4ep_1.5b_hitrate,formal,1,1102,18.4 (Ubuntu 18.4-1.pgdg22.04+1),0.8.5,1308,1102:request:301308,1102:batch:124,-1,False,endpoint-0:worker:0,0,668553,default,endpoint-0,0,completed,,1.0554416179656982,0.001268625259399414,301308,1,49,7,24,1.0513858534395695,1785485290.7807255,1785485291.8321116,1785485290.7807572,1785485291.8310933,1785485291.8319745,1.0503375809639692,0.0008797906339168549
5,prefix_cache_routing_4ep_1.5b_hitrate,formal,1,1102,18.4 (Ubuntu 18.4-1.pgdg22.04+1),0.8.5,1309,1102:request:301309,1102:batch:125,-1,False,endpoint-0:worker:0,0,668553,default,endpoint-0,0,completed,,5.713088035583496,0.0018661022186279297,301309,1,436,146,185,5.696302963420749,1785485290.782878,1785485296.4791806,1785485290.7829134,1785485296.4749382,1785485296.4790826,5.692024428397417,0.004144400358200073
5,prefix_cache_routing_4ep_1.5b_hitrate,formal,1,1102,18.4 (Ubuntu 18.4-1.pgdg22.04+1),0.8.5,1310,1102:request:301310,1102:batch:125,-1,False,endpoint-2:worker:0,0,668556,default,endpoint-2,1,completed,,5.342171669006348,0.002834796905517578,301310,1,690,349,203,5.33735091611743,1785485290.7854264,1785485296.122777,1785485290.7854989,1785485296.121644,1785485296.122455,5.336145522072911,0.0008104182779788971
5,prefix_cache_routing_4ep_1.5b_hitrate,formal,1,1102,18.4 (Ubuntu 18.4-1.pgdg22.04+1),0.8.5,1311,1102:request:301311,1102:batch:125,-1,False,endpoint-0:worker:0,0,668553,default,endpoint-0,0,completed,,5.715681791305542,0.001071929931640625,301311,1,1011,568,192,5.689957786351442,1785485290.7861333,1785485296.476091,1785485290.7861722,1785485296.4734173,1785485296.475882,5.687245104461908,0.0024645905941724777
5,prefix_cache_routing_4ep_1.5b_hitrate,formal,1,1102,18.4 (Ubuntu 18.4-1.pgdg22.04+1),0.8.5,1312,1102:request:301312,1102:batch:125,-1,False,endpoint-1:worker:0,0,668554,default,endpoint-1,0,completed,,5.813163995742798,0.002418994903564453,301312,1,1339,837,198,5.786422131583095,1785485290.7905798,1785485296.5770004,1785485290.7906895,1785485296.571254,1785485296.5767543,5.780564095824957,0.005500506609678268
5,prefix_cache_routing_4ep_1.5b_hitrate,formal,1,1102,18.4 (Ubuntu 18.4-1.pgdg22.04+1),0.8.5,1313,1102:request:301313,1102:batch:125,-1,False,endpoint-1:worker:0,0,668554,default,endpoint-1,0,completed,,5.795787572860718,0.004817485809326172,301313,1,575,243,184,5.7753415163606405,1785485290.7945867,1785485296.569928,1785485290.7946284,1785485296.56895,1785485296.569754,5.774322075769305,0.0008035190403461456
5,prefix_cache_routing_4ep_1.5b_hitrate,formal,1,1102,18.4 (Ubuntu 18.4-1.pgdg22.04+1),0.8.5,1314,1102:request:301314,1102:batch:125,-1,False,endpoint-2:worker:0,0,668556,default,endpoint-2,1,completed,,5.598528146743774,0.0016436576843261719,301314,1,999,534,108,5.582892473787069,1785485290.7937725,1785485296.3766649,1785485290.7938144,1785485296.3744638,1785485296.3764524,5.580649068579078,0.001988748088479042
5,prefix_cache_routing_4ep_1.5b_hitrate,formal,1,1102,18.4 (Ubuntu 18.4-1.pgdg22.04+1),0.8.5,1315,1102:request:301315,1102:batch:125,-1,False,endpoint-2:worker:0,0,668556,default,endpoint-2,1,completed,,4.886225461959839,0.0015268325805664062,301315,1,1306,794,187,4.883159779012203,1785485290.7959673,1785485295.679127,1785485290.7960155,1785485295.6774974,1785485295.6785157,4.881482331082225,0.0010178592056035995
5,prefix_cache_routing_4ep_1.5b_hitrate,formal,1,1102,18.4 (Ubuntu 18.4-1.pgdg22.04+1),0.8.5,1316,1102:request:301316,1102:batch:125,-1,False,endpoint-3:worker:0,0,668555,default,endpoint-3,1,completed,,8.843302011489868,0.0022101402282714844,301316,1,500,197,198,8.818270456045866,1785485290.7982755,1785485299.6165452,1785485290.798363,1785485299.6084058,1785485299.616419,8.810042658820748,0.00801335833966732
5,prefix_cache_routing_4ep_1.5b_hitrate,formal,1,1102,18.4 (Ubuntu 18.4-1.pgdg22.04+1),0.8.5,1317,1102:request:301317,1102:batch:125,-1,False,endpoint-0:worker:0,0,668553,default,endpoint-0,0,completed,,5.684253215789795,0.0017189979553222656,301317,1,804,436,160,5.676948595792055,1785485290.800136,1785485296.4770844,1785485290.800192,1785485296.4739537,1785485296.4769313,5.673761771991849,0.0029773395508527756
5,prefix_cache_routing_4ep_1.5b_hitrate,formal,1,1102,18.4 (Ubuntu 18.4-1.pgdg22.04+1),0.8.5,1318,1102:request:301318,1102:batch:126,-1,False,endpoint-0:worker:0,0,668553,default,endpoint-0,0,completed,,5.686453580856323,0.0011441707611083984,301318,1,1302,815,139,5.677909372374415,1785485290.802623,1785485296.480532,1785485290.8026593,1785485296.4754148,1785485296.480329,5.6727555599063635,0.004914112389087677
5,prefix_cache_routing_4ep_1.5b_hitrate,formal,1,1102,18.4 (Ubuntu 18.4-1.pgdg22.04+1),0.8.5,1319,1102:request:301319,1102:batch:126,-1,False,endpoint-2:worker:0,0,668556,default,endpoint-2,1,completed,,5.584307432174683,0.00156402587890625,301319,1,318,49,188,5.568748647347093,1785485290.8053975,1785485296.3741457,1785485290.8054438,1785485296.3723845,1785485296.3740098,5.566941041499376,0.0016248933970928192
5,prefix_cache_routing_4ep_1.5b_hitrate,formal,1,1102,18.4 (Ubuntu 18.4-1.pgdg22.04+1),0.8.5,1320,1102:request:301320,1102:batch:126,-1,False,endpoint-1:worker:0,0,668554,default,endpoint-1,0,completed,,5.785690784454346,0.0016510486602783203,301320,1,811,188,82,5.774580443277955,1785485290.8078232,1785485296.5824032,1785485290.807887,1785485296.5730417,1785485296.5822592,5.765154471620917,0.00921740010380745
5,prefix_cache_routing_4ep_1.5b_hitrate,formal,1,1102,18.4 (Ubuntu 18.4-1.pgdg22.04+1),0.8.5,1321,1102:request:301321,1102:batch:126,-1,False,endpoint-1:worker:0,0,668554,default,endpoint-1,0,completed,,5.868434906005859,0.0024650096893310547,301321,1,1401,856,202,5.864646650850773,1785485290.8117332,1785485296.67638,1785485290.811779,1785485296.67484,1785485296.6759605,5.863061061128974,0.0011202860623598099
5,prefix_cache_routing_4ep_1.5b_hitrate,formal,1,1102,18.4 (Ubuntu 18.4-1.pgdg22.04+1),0.8.5,1322,1102:request:301322,1102:batch:126,-1,False,endpoint-0:worker:0,0,668553,default,endpoint-0,0,completed,,5.670491456985474,0.0017118453979492188,301322,1,432,125,216,5.662048164755106,1785485290.8145065,1785485296.4765542,1785485290.8145764,1785485296.4736953,1785485296.4764578,5.6591183096170425,0.0027625560760498047
5,prefix_cache_routing_4ep_1.5b_hitrate,formal,1,1102,18.4 (Ubuntu 18.4-1.pgdg22.04+1),0.8.5,1323,1102:request:301323,1102:batch:126,-1,False,endpoint-0:worker:0,0,668553,default,endpoint-0,0,completed,,5.673673868179321,0.0018231868743896484,301323,1,591,245,212,5.660421831533313,1785485290.8182049,1785485296.4786265,1785485290.818251,1785485296.4746928,1785485296.4785244,5.656441627070308,0.0038316696882247925
5,prefix_cache_routing_4ep_1.5b_hitrate,formal,1,1102,18.4 (Ubuntu 18.4-1.pgdg22.04+1),0.8.5,1324,1102:request:301324,1102:batch:126,-1,False,endpoint-1:worker:0,0,668554,default,endpoint-1,0,completed,,5.894545555114746,0.00894927978515625,301324,1,775,387,203,5.867930950596929,1785485290.828952,1785485296.6968825,1785485290.8289928,1785485296.695284,1785485296.6966696,5.8662917129695415,0.0013852231204509735
5,prefix_cache_routing_4ep_1.5b_hitrate,formal,1,1102,18.4 (Ubuntu 18.4-1.pgdg22.04+1),0.8.5,1325,1102:request:301325,1102:batch:126,-1,False,endpoint-2:worker:0,0,668556,default,endpoint-2,1,completed,,5.558345556259155,0.004399299621582031,301325,1,980,550,213,5.547924177721143,1785485290.8295689,1785485296.3774922,1785485290.8296218,1785485296.374814,1785485296.3772933,5.545192202553153,0.0024793706834316254
5,prefix_cache_routing_4ep_1.5b_hitrate,formal,1,1102,18.4 (Ubuntu 18.4-1.pgdg22.04+1),0.8.5,1326,1102:request:301326,1102:batch:126,-1,False,endpoint-2:worker:0,0,668556,default,endpoint-2,1,completed,,5.557340621948242,0.0018742084503173828,301326,1,1216,723,189,5.548110581934452,1785485290.8318906,1785485296.380001,1785485290.8319333,1785485296.3757594,1785485296.3797412,5.543826023116708,0.003981759771704674
5,prefix_cache_routing_4ep_1.5b_hitrate,formal,1,1102,18.4 (Ubuntu 18.4-1.pgdg22.04+1),0.8.5,1327,1102:request:301327,1102:batch:127,-1,False,endpoint-1:worker:0,0,668554,default,endpoint-1,0,completed,,5.89334511756897,0.0014073848724365234,301327,1,1282,776,197,5.869685327634215,1785485290.8348901,1785485296.7045755,1785485290.834929,1785485296.6981916,1785485296.704319,5.863262852653861,0.006127245724201202
5,prefix_cache_routing_4ep_1.5b_hitrate,formal,1,1102,18.4 (Ubuntu 18.4-1.pgdg22.04+1),0.8.5,1328,1102:request:301328,1102:batch:127,-1,False,endpoint-1:worker:0,0,668554,default,endpoint-1,0,completed,,5.8577680587768555,0.0049591064453125,301328,1,1268,739,197,5.842223033308983,1785485290.8667412,1785485296.7089639,1785485290.8668053,1785485296.6993537,1785485296.7087157,5.832548340782523,0.00936213880777359
5,prefix_cache_routing_4ep_1.5b_hitrate,formal,1,1102,18.4 (Ubuntu 18.4-1.pgdg22.04+1),0.8.5,1329,1102:request:301329,1102:batch:127,-1,False,endpoint-1:worker:0,0,668554,default,endpoint-1,0,completed,,5.867357015609741,0.004301548004150391,301329,1,1667,1036,199,5.8426363915205,1785485290.8698955,1785485296.7125316,1785485290.8699422,1785485296.7001925,1785485296.7122476,5.830250119790435,0.012055154889822006
5,prefix_cache_routing_4ep_1.5b_hitrate,formal,1,1102,18.4 (Ubuntu 18.4-1.pgdg22.04+1),0.8.5,1330,1102:request:301330,1102:batch:127,-1,False,endpoint-2:worker:0,0,668556,default,endpoint-2,1,completed,,5.524807929992676,0.0021605491638183594,301330,1,442,133,211,5.5088637955486774,1785485290.8694115,1785485296.378275,1785485290.869494,1785485296.3751485,1785485296.3781343,5.505654225125909,0.002985924482345581
5,prefix_cache_routing_4ep_1.5b_hitrate,formal,1,1102,18.4 (Ubuntu 18.4-1.pgdg22.04+1),0.8.5,1331,1102:request:301331,1102:batch:127,-1,False,endpoint-1:worker:0,0,668554,default,endpoint-1,0,completed,,5.855502367019653,0.002908945083618164,301331,1,715,339,223,5.8339027632027864,1785485290.871681,1785485296.7055838,1785485290.871722,1785485296.6984956,1785485296.705427,5.8267738707363605,0.0069312527775764465
5,prefix_cache_routing_4ep_1.5b_hitrate,formal,1,1102,18.4 (Ubuntu 18.4-1.pgdg22.04+1),0.8.5,1332,1102:request:301332,1102:batch:127,-1,False,endpoint-1:worker:0,0,668554,default,endpoint-1,0,completed,,5.862105131149292,0.0036478042602539062,301332,1,575,245,212,5.836106726899743,1785485290.8739555,1785485296.7100623,1785485290.8739936,1785485296.6996427,1785485296.709937,5.825648665428162,0.010294750332832336
5,prefix_cache_routing_4ep_1.5b_hitrate,formal,1,1102,18.4 (Ubuntu 18.4-1.pgdg22.04+1),0.8.5,1333,1102:request:301333,1102:batch:127,-1,False,endpoint-1:worker:0,0,668554,default,endpoint-1,0,completed,,5.843914747238159,0.003331899642944336,301333,1,738,377,201,5.835283100605011,1785485290.8759253,1785485296.7112079,1785485290.8759727,1785485296.6999178,1785485296.7110612,5.823945043608546,0.01114347018301487
5,prefix_cache_routing_4ep_1.5b_hitrate,formal,1,1102,18.4 (Ubuntu 18.4-1.pgdg22.04+1),0.8.5,1334,1102:request:301334,1102:batch:127,-1,False,endpoint-1:worker:0,0,668554,default,endpoint-1,0,completed,,5.850573301315308,0.0020339488983154297,301334,1,964,560,212,5.824708636850119,1785485290.8777497,1785485296.7024581,1785485290.87779,1785485296.6975472,1785485296.7022536,5.819757092744112,0.004706397652626038
5,prefix_cache_routing_4ep_1.5b_hitrate,formal,1,1102,18.4 (Ubuntu 18.4-1.pgdg22.04+1),0.8.5,1335,1102:request:301335,1102:batch:127,-1,False,endpoint-1:worker:0,0,668554,default,endpoint-1,0,completed,,5.852313995361328,0.0016181468963623047,301335,1,1254,792,188,5.823851866647601,1785485290.879646,1785485296.7034974,1785485290.8796856,1785485296.6978712,1785485296.7032576,5.818185476586223,0.0053864773362874985
5,prefix_cache_routing_4ep_1.5b_hitrate,formal,1,1102,18.4 (Ubuntu 18.4-1.pgdg22.04+1),0.8.5,1336,1102:request:301336,1102:batch:128,-1,False,endpoint-1:worker:0,0,668554,default,endpoint-1,0,completed,,4.391394376754761,0.0012805461883544922,301336,1,1268,841,169,4.388380633667111,1785485290.8824017,1785485295.2707825,1785485290.8824408,1785485295.2694757,1785485295.270356,4.38703503832221,0.0008804779499769211
5,prefix_cache_routing_4ep_1.5b_hitrate,formal,1,1102,18.4 (Ubuntu 18.4-1.pgdg22.04+1),0.8.5,1337,1102:request:301337,1102:batch:128,-1,False,endpoint-1:worker:0,0,668554,default,endpoint-1,0,completed,,5.852919578552246,0.001337289810180664,301337,1,1493,983,164,5.822968173772097,1785485290.884807,1785485296.707775,1785485290.8848453,1785485296.6990726,1785485296.707492,5.814227135851979,0.008419476449489594
5,prefix_cache_routing_4ep_1.5b_hitrate,formal,1,1102,18.4 (Ubuntu 18.4-1.pgdg22.04+1),0.8.5,1338,1102:request:301338,1102:batch:128,-1,False,endpoint-0:worker:0,0,668553,default,endpoint-0,0,completed,,5.602353096008301,0.0024428367614746094,301338,1,308,44,203,5.5900672767311335,1785485290.887481,1785485296.4775472,1785485290.8875804,1785485296.4742024,1785485296.4774723,5.586621630936861,0.0032699964940547943
5,prefix_cache_routing_4ep_1.5b_hitrate,formal,1,1102,18.4 (Ubuntu 18.4-1.pgdg22.04+1),0.8.5,1339,1102:request:301339,1102:batch:128,-1,False,endpoint-1:worker:0,0,668554,default,endpoint-1,0,completed,,5.83357310295105,0.0013272762298583984,301339,1,1569,1006,216,5.812073366716504,1785485290.8893807,1785485296.701454,1785485290.8894274,1785485296.6972036,1785485296.7010965,5.807776091620326,0.0038926731795072556
5,prefix_cache_routing_4ep_1.5b_hitrate,formal,1,1102,18.4 (Ubuntu 18.4-1.pgdg22.04+1),0.8.5,1340,1102:request:301340,1102:batch:128,-1,False,endpoint-1:worker:0,0,668554,default,endpoint-1,0,completed,,5.832672834396362,0.0011916160583496094,301340,1,444,155,200,5.814313055947423,1785485290.8922613,1785485296.706574,1785485290.8923044,1785485296.6987906,1785485296.7064621,5.80648635327816,0.007671453058719635
5,prefix_cache_routing_4ep_1.5b_hitrate,formal,1,1102,18.4 (Ubuntu 18.4-1.pgdg22.04+1),0.8.5,1341,1102:request:301341,1102:batch:128,-1,False,endpoint-0:worker:0,0,668553,default,endpoint-0,0,completed,,5.702332019805908,0.0015745162963867188,301341,1,758,376,192,5.6782947182655334,1785485290.9323065,1785485296.6106007,1785485290.9323444,1785485296.6067367,1785485296.6104524,5.674392476677895,0.0037155747413635254
5,prefix_cache_routing_4ep_1.5b_hitrate,formal,1,1102,18.4 (Ubuntu 18.4-1.pgdg22.04+1),0.8.5,1342,1102:request:301342,1102:batch:128,-1,False,endpoint-0:worker:0,0,668553,default,endpoint-0,0,completed,,5.692054986953735,0.001253366470336914,301342,1,897,480,209,5.6797160021960735,1785485290.9345872,1785485296.6143029,1785485290.9346278,1785485296.607957,1785485296.6141512,5.673329200595617,0.006194228306412697
5,prefix_cache_routing_4ep_1.5b_hitrate,formal,1,1102,18.4 (Ubuntu 18.4-1.pgdg22.04+1),0.8.5,1343,1102:request:301343,1102:batch:128,-1,False,endpoint-0:worker:0,0,668553,default,endpoint-0,0,completed,,5.683075904846191,0.0011920928955078125,301343,1,1031,586,200,5.672840289771557,1785485290.9371085,1785485296.6099486,1785485290.9371464,1785485296.6064885,1785485296.6097791,5.669342113658786,0.003290679305791855
5,prefix_cache_routing_4ep_1.5b_hitrate,formal,1,1102,18.4 (Ubuntu 18.4-1.pgdg22.04+1),0.8.5,1344,1102:request:301344,1102:batch:128,-1,False,endpoint-0:worker:0,0,668553,default,endpoint-0,0,completed,,5.687871217727661,0.001116037368774414,301344,1,1203,716,201,5.6733966358006,1785485290.9393702,1785485296.6127665,1785485290.939425,1785485296.6074724,1785485296.6125758,5.668047299608588,0.0051034558564424515
5,prefix_cache_routing_4ep_1.5b_hitrate,formal,1,1102,18.4 (Ubuntu 18.4-1.pgdg22.04+1),0.8.5,1345,1102:request:301345,1102:batch:129,-1,False,endpoint-0:worker:0,0,668553,default,endpoint-0,0,completed,,5.682377338409424,0.0014543533325195312,301345,1,1343,834,207,5.671382036060095,1785485290.9421546,1785485296.6135368,1785485290.9421914,1785485296.607722,1785485296.6133447,5.665530432015657,0.005623020231723785
5,prefix_cache_routing_4ep_1.5b_hitrate,formal,1,1102,18.4 (Ubuntu 18.4-1.pgdg22.04+1),0.8.5,1346,1102:request:301346,1102:batch:129,-1,False,endpoint-0:worker:0,0,668553,default,endpoint-0,0,completed,,3.1951045989990234,0.0016803741455078125,301346,1,262,83,138,3.192018710076809,1785485290.943931,1785485294.13595,1785485290.9439638,1785485294.1346407,1785485294.135677,3.1906777769327164,0.001036258414387703
5,prefix_cache_routing_4ep_1.5b_hitrate,formal,1,1102,18.4 (Ubuntu 18.4-1.pgdg22.04+1),0.8.5,1347,1102:request:301347,1102:batch:129,-1,False,endpoint-0:worker:0,0,668553,default,endpoint-0,0,completed,,5.672847509384155,0.0017659664154052734,301347,1,548,232,211,5.663019960746169,1785485290.9456017,1785485296.6086216,1785485290.9456377,1785485296.6059449,1785485296.6084802,5.660307114943862,0.0025353487581014633
5,prefix_cache_routing_4ep_1.5b_hitrate,formal,1,1102,18.4 (Ubuntu 18.4-1.pgdg22.04+1),0.8.5,1348,1102:request:301348,1102:batch:129,-1,False,endpoint-0:worker:0,0,668553,default,endpoint-0,0,completed,,5.668729066848755,0.0010554790496826172,301348,1,672,331,219,5.657636264339089,1785485290.9480383,1785485296.6056745,1785485290.9480722,1785485296.604906,1785485296.605497,5.656833700835705,0.0005909856408834457
5,prefix_cache_routing_4ep_1.5b_hitrate,formal,1,1102,18.4 (Ubuntu 18.4-1.pgdg22.04+1),0.8.5,1349,1102:request:301349,1102:batch:129,-1,False,endpoint-0:worker:0,0,668553,default,endpoint-0,0,completed,,1.987903356552124,0.0009796619415283203,301349,1,731,503,84,1.9852711074054241,1785485290.9508772,1785485292.9361482,1785485290.9509122,1785485292.935166,1785485292.9359124,1.9842541459947824,0.0007461048662662506
5,prefix_cache_routing_4ep_1.5b_hitrate,formal,1,1102,18.4 (Ubuntu 18.4-1.pgdg22.04+1),0.8.5,1350,1102:request:301350,1102:batch:129,-1,False,endpoint-0:worker:0,0,668553,default,endpoint-0,0,completed,,2.686530828475952,0.0010983943939208984,301350,1,886,600,115,2.6825786270201206,1785485290.9535146,1785485293.636093,1785485290.9535482,1785485293.6346006,1785485293.6356974,2.681053491309285,0.0010960735380649567
5,prefix_cache_routing_4ep_1.5b_hitrate,formal,1,1102,18.4 (Ubuntu 18.4-1.pgdg22.04+1),0.8.5,1351,1102:request:301351,1102:batch:129,-1,False,endpoint-0:worker:0,0,668553,default,endpoint-0,0,completed,,5.675306558609009,0.0012471675872802734,301351,1,1149,718,205,5.652812236919999,1785485290.9564939,1785485296.6093059,1785485290.9565327,1785485296.6062288,1785485296.6090865,5.649695936590433,0.0028577037155628204
5,prefix_cache_routing_4ep_1.5b_hitrate,formal,1,1102,18.4 (Ubuntu 18.4-1.pgdg22.04+1),0.8.5,1352,1102:request:301352,1102:batch:129,-1,False,endpoint-0:worker:0,0,668553,default,endpoint-0,0,completed,,5.676279306411743,0.0014028549194335938,301352,1,1388,798,191,5.652387531474233,1785485290.958945,1785485296.6113324,1785485290.9589849,1785485296.6069825,1785485296.611119,5.647997444495559,0.004136728122830391
5,prefix_cache_routing_4ep_1.5b_hitrate,formal,1,1102,18.4 (Ubuntu 18.4-1.pgdg22.04+1),0.8.5,1353,1102:request:301353,1102:batch:129,-1,False,endpoint-1:worker:0,0,668554,default,endpoint-1,0,completed,,1.5609331130981445,0.0023832321166992188,301353,1,304,176,56,1.5569490864872932,1785485290.9615343,1785485292.518483,1785485290.961616,1785485292.5167806,1785485292.518213,1.555164735764265,0.0014323927462100983
5,prefix_cache_routing_4ep_1.5b_hitrate,formal,1,1102,18.4 (Ubuntu 18.4-1.pgdg22.04+1),0.8.5,1354,1102:request:301354,1102:batch:129,-1,False,endpoint-0:worker:0,0,668553,default,endpoint-0,0,completed,,5.658036231994629,0.001230478286743164,301354,1,668,315,192,5.64926134981215,1785485290.962754,1785485296.612015,1785485290.9627883,1785485296.6072206,1785485296.6118834,5.644432138651609,0.004662668332457542
5,prefix_cache_routing_4ep_1.5b_hitrate,formal,1,1102,18.4 (Ubuntu 18.4-1.pgdg22.04+1),0.8.5,1355,1102:request:301355,1102:batch:129,-1,False,endpoint-2:worker:0,0,668556,default,endpoint-2,1,completed,,5.7494542598724365,0.0021681785583496094,301355,1,726,362,217,5.745517402887344,1785485291.0271719,1785485296.7726893,1785485291.027218,1785485296.7706807,1785485296.7722905,5.743462732061744,0.0016096942126750946
5,prefix_cache_routing_4ep_1.5b_hitrate,formal,1,1102,18.4 (Ubuntu 18.4-1.pgdg22.04+1),0.8.5,1356,1102:request:301356,1102:batch:130,-1,False,endpoint-0:worker:0,0,668553,default,endpoint-0,0,completed,,5.721216201782227,0.0022706985473632812,301356,1,1002,595,216,5.716949366033077,1785485291.0929732,1785485296.8099225,1785485291.0930178,1785485296.8081253,1785485296.8096788,5.7151080295443535,0.0015530213713645935
5,prefix_cache_routing_4ep_1.5b_hitrate,formal,1,1102,18.4 (Ubuntu 18.4-1.pgdg22.04+1),0.8.5,1357,1102:request:301357,1102:batch:130,-1,False,endpoint-2:worker:0,0,668556,default,endpoint-2,1,completed,,5.686776876449585,0.0021028518676757812,301357,1,1363,704,182,5.681893244385719,1785485291.3609798,1785485297.0428727,1785485291.361067,1785485297.0413697,1785485297.0424745,5.680303314700723,0.0011040735989809036
5,prefix_cache_routing_4ep_1.5b_hitrate,formal,1,1102,18.4 (Ubuntu 18.4-1.pgdg22.04+1),0.8.5,1358,1102:request:301358,1102:batch:130,-1,False,endpoint-3:worker:0,0,668555,default,endpoint-3,1,completed,,7.890450477600098,0.0024003982543945312,301358,1,1608,889,209,7.8623500149697065,1785485291.7519097,1785485299.6142592,1785485291.7519658,1785485299.607812,1785485299.6139529,7.855845607817173,0.006141012534499168
5,prefix_cache_routing_4ep_1.5b_hitrate,formal,1,1102,18.4 (Ubuntu 18.4-1.pgdg22.04+1),0.8.5,1359,1102:request:301359,1102:batch:130,-1,False,endpoint-2:worker:0,0,668556,default,endpoint-2,1,completed,,5.714404582977295,0.0022325515747070312,301359,1,1742,988,181,5.707759104669094,1785485291.8140144,1785485297.521773,1785485291.8140697,1785485297.5199928,1785485297.5213645,5.705924075096846,0.0013706851750612259
5,prefix_cache_routing_4ep_1.5b_hitrate,formal,1,1102,18.4 (Ubuntu 18.4-1.pgdg22.04+1),0.8.5,1360,1102:request:301360,1102:batch:130,-1,False,endpoint-3:worker:0,0,668555,default,endpoint-3,1,completed,,7.79309344291687,0.0020287036895751953,301360,1,1217,731,207,7.759471898898482,1785485291.8559837,1785485299.6154552,1785485291.856038,1785485299.6081095,1785485299.6152103,7.752071481198072,0.007100669667124748
5,prefix_cache_routing_4ep_1.5b_hitrate,formal,1,1102,18.4 (Ubuntu 18.4-1.pgdg22.04+1),0.8.5,1361,1102:request:301361,1102:batch:130,-1,False,endpoint-1:worker:0,0,668554,default,endpoint-1,0,completed,,5.873380184173584,0.002506256103515625,301361,1,1347,831,192,5.868701608851552,1785485291.8922117,1785485297.7609131,1785485291.8922799,1785485297.7583961,1785485297.7605588,5.866117296740413,0.0021618474274873734
5,prefix_cache_routing_4ep_1.5b_hitrate,formal,1,1102,18.4 (Ubuntu 18.4-1.pgdg22.04+1),0.8.5,1362,1102:request:301362,1102:batch:131,-1,False,endpoint-2:worker:0,0,668556,default,endpoint-2,1,completed,,2.7735912799835205,0.001840353012084961,301362,1,1341,919,116,2.7696132753044367,1785485291.9212434,1785485294.690856,1785485291.9213238,1785485294.6895874,1785485294.6902585,2.7682640124112368,0.0006707720458507538
5,prefix_cache_routing_4ep_1.5b_hitrate,formal,1,1102,18.4 (Ubuntu 18.4-1.pgdg22.04+1),0.8.5,1363,1102:request:301363,1102:batch:131,-1,False,endpoint-0:worker:0,0,668553,default,endpoint-0,0,completed,,1.5599939823150635,0.0018291473388671875,301363,1,1379,994,63,1.5559796951711178,1785485291.9236605,1785485293.4796407,1785485291.9237094,1785485293.478023,1785485293.4788456,1.5543144159018993,0.000822264701128006
5,prefix_cache_routing_4ep_1.5b_hitrate,formal,1,1102,18.4 (Ubuntu 18.4-1.pgdg22.04+1),0.8.5,1364,1102:request:301364,1102:batch:131,-1,False,endpoint-3:worker:0,0,668555,default,endpoint-3,1,completed,,7.7061779499053955,0.0021753311157226562,301364,1,510,201,209,7.694239316508174,1785485291.9259322,1785485299.6201708,1785485291.9260204,1785485299.609282,1785485299.6200447,7.683261498808861,0.010762691497802734
5,prefix_cache_routing_4ep_1.5b_hitrate,formal,1,1102,18.4 (Ubuntu 18.4-1.pgdg22.04+1),0.8.5,1365,1102:request:301365,1102:batch:131,-1,False,endpoint-3:worker:0,0,668555,default,endpoint-3,1,completed,,7.71957802772522,0.0024983882904052734,301365,1,597,271,195,7.692604647949338,1785485291.9287915,1785485299.621396,1785485291.9288273,1785485299.6095626,1785485299.621268,7.680735187605023,0.011705351993441582
5,prefix_cache_routing_4ep_1.5b_hitrate,formal,1,1102,18.4 (Ubuntu 18.4-1.pgdg22.04+1),0.8.5,1366,1102:request:301366,1102:batch:131,-1,False,endpoint-0:worker:0,0,668553,default,endpoint-0,0,completed,,2.218909978866577,0.002177000045776367,301366,1,645,425,92,2.2152654696255922,1785485292.112217,1785485294.3274825,1785485292.1122622,1785485294.3267288,1785485294.3272324,2.2144667617976665,0.0005033500492572784
5,prefix_cache_routing_4ep_1.5b_hitrate,formal,1,1102,18.4 (Ubuntu 18.4-1.pgdg22.04+1),0.8.5,1367,1102:request:301367,1102:batch:131,-1,False,endpoint-0:worker:0,0,668553,default,endpoint-0,0,completed,,5.744985342025757,0.003046751022338867,301367,1,900,515,180,5.737743128091097,1785485292.114905,1785485297.8526478,1785485292.1149547,1785485297.8507318,1785485297.852411,5.73577799834311,0.0016784034669399261
5,prefix_cache_routing_4ep_1.5b_hitrate,formal,1,1102,18.4 (Ubuntu 18.4-1.pgdg22.04+1),0.8.5,1368,1102:request:301368,1102:batch:131,-1,False,endpoint-2:worker:0,0,668556,default,endpoint-2,1,completed,,5.683163404464722,0.002135038375854492,301368,1,492,192,199,5.678902955725789,1785485292.1156895,1785485297.7945917,1785485292.115726,1785485297.7936125,1785485297.7944598,5.677886640653014,0.000847281888127327
5,prefix_cache_routing_4ep_1.5b_hitrate,formal,1,1102,18.4 (Ubuntu 18.4-1.pgdg22.04+1),0.8.5,1369,1102:request:301369,1102:batch:131,-1,False,endpoint-2:worker:0,0,668556,default,endpoint-2,1,completed,,5.6798529624938965,0.0015559196472167969,301369,1,665,324,200,5.6756418608129025,1785485292.1176236,1785485297.7932653,1785485292.1176584,1785485297.792157,1785485297.793054,5.674498936161399,0.0008968804031610489
5,prefix_cache_routing_4ep_1.5b_hitrate,formal,1,1102,18.4 (Ubuntu 18.4-1.pgdg22.04+1),0.8.5,1370,1102:request:301370,1102:batch:131,-1,False,endpoint-2:worker:0,0,668556,default,endpoint-2,1,completed,,5.700979709625244,0.001844167709350586,301370,1,879,497,198,5.697171417996287,1785485292.1496277,1785485297.846799,1785485292.149676,1785485297.8448844,1785485297.8465765,5.695208916440606,0.0016913823783397675
5,prefix_cache_routing_4ep_1.5b_hitrate,formal,1,1102,18.4 (Ubuntu 18.4-1.pgdg22.04+1),0.8.5,1371,1102:request:301371,1102:batch:131,-1,False,endpoint-1:worker:0,0,668554,default,endpoint-1,0,completed,,5.907088756561279,0.002666950225830078,301371,1,1038,632,207,5.901832468807697,1785485292.2050624,1785485298.1068947,1785485292.2051215,1785485298.103907,1785485298.106455,5.89878661558032,0.0025473739951848984
5,prefix_cache_routing_4ep_1.5b_hitrate,formal,1,1102,18.4 (Ubuntu 18.4-1.pgdg22.04+1),0.8.5,1372,1102:request:301372,1102:batch:132,-1,False,endpoint-0:worker:0,0,668553,default,endpoint-0,0,completed,,2.8919970989227295,0.002432107925415039,301372,1,1099,772,110,2.887032652273774,1785485292.2951555,1785485295.1821883,1785485292.2952018,1785485295.1806407,1785485295.1815596,2.885439781472087,0.0009182561188936234
5,prefix_cache_routing_4ep_1.5b_hitrate,formal,1,1102,18.4 (Ubuntu 18.4-1.pgdg22.04+1),0.8.5,1373,1102:request:301373,1102:batch:132,-1,False,endpoint-2:worker:0,0,668556,default,endpoint-2,1,completed,,5.709650754928589,0.0019445419311523438,301373,1,1357,891,218,5.705219596624374,1785485292.31785,1785485298.0230691,1785485292.3178976,1785485298.0211434,1785485298.0227091,5.70324675925076,0.00156482495367527
5,prefix_cache_routing_4ep_1.5b_hitrate,formal,1,1102,18.4 (Ubuntu 18.4-1.pgdg22.04+1),0.8.5,1374,1102:request:301374,1102:batch:132,-1,False,endpoint-1:worker:0,0,668554,default,endpoint-1,0,completed,,5.921877145767212,0.0021011829376220703,301374,1,1419,818,202,5.917361862957478,1785485292.5531013,1785485298.470463,1785485292.5531552,1785485298.4688869,1785485298.4700794,5.915732230991125,0.0011921674013137817
5,prefix_cache_routing_4ep_1.5b_hitrate,formal,1,1102,18.4 (Ubuntu 18.4-1.pgdg22.04+1),0.8.5,1375,1102:request:301375,1102:batch:132,-1,False,endpoint-0:worker:0,0,668553,default,endpoint-0,0,completed,,5.745038270950317,0.0056345462799072266,301375,1,290,9,147,5.730659434571862,1785485292.558718,1785485298.2893772,1785485292.5587554,1785485298.2874105,1785485298.2893114,5.728655202314258,0.0019008256494998932
5,prefix_cache_routing_4ep_1.5b_hitrate,formal,1,1102,18.4 (Ubuntu 18.4-1.pgdg22.04+1),0.8.5,1376,1102:request:301376,1102:batch:132,-1,False,endpoint-0:worker:0,0,668553,default,endpoint-0,0,completed,,5.734777927398682,0.0034265518188476562,301376,1,494,115,140,5.726416951045394,1785485292.5601032,1785485298.28652,1785485292.5601385,1785485298.2843254,1785485298.286223,5.724187199026346,0.0018973760306835175
5,prefix_cache_routing_4ep_1.5b_hitrate,formal,1,1102,18.4 (Ubuntu 18.4-1.pgdg22.04+1),0.8.5,1377,1102:request:301377,1102:batch:132,-1,False,endpoint-2:worker:0,0,668556,default,endpoint-2,1,completed,,5.738344192504883,0.0027968883514404297,301377,1,754,208,112,5.728042328730226,1785485292.5612938,1785485298.289335,1785485292.5613818,1785485298.287099,1785485298.2891371,5.725717596709728,0.0020372867584228516
5,prefix_cache_routing_4ep_1.5b_hitrate,formal,1,1102,18.4 (Ubuntu 18.4-1.pgdg22.04+1),0.8.5,1378,1102:request:301378,1102:batch:132,-1,False,endpoint-1:worker:0,0,668554,default,endpoint-1,0,completed,,5.9234843254089355,0.0017695426940917969,301378,1,1037,356,132,5.9206268433481455,1785485292.5639737,1785485298.4846003,1785485292.56403,1785485298.4835799,1785485298.4843984,5.919549943879247,0.0008183084428310394
5,prefix_cache_routing_4ep_1.5b_hitrate,formal,1,1102,18.4 (Ubuntu 18.4-1.pgdg22.04+1),0.8.5,1379,1102:request:301379,1102:batch:132,-1,False,endpoint-2:worker:0,0,668556,default,endpoint-2,1,completed,,5.740242004394531,0.00152587890625,301379,1,1300,544,176,5.737110171467066,1785485292.5700712,1785485298.3071814,1785485292.5701082,1785485298.3045716,1785485298.3067443,5.734464045614004,0.002172378823161125
5,prefix_cache_routing_4ep_1.5b_hitrate,formal,1,1102,18.4 (Ubuntu 18.4-1.pgdg22.04+1),0.8.5,1380,1102:request:301380,1102:batch:132,-1,False,endpoint-0:worker:0,0,668553,default,endpoint-0,0,completed,,5.728524208068848,0.0016443729400634766,301380,1,274,14,147,5.716911263763905,1785485292.5718381,1785485298.2887492,1785485292.5718799,1785485298.2871437,1785485298.288676,5.71526368893683,0.0015323460102081299
5,prefix_cache_routing_4ep_1.5b_hitrate,formal,1,1102,18.4 (Ubuntu 18.4-1.pgdg22.04+1),0.8.5,1381,1102:request:301381,1102:batch:132,-1,False,endpoint-0:worker:0,0,668553,default,endpoint-0,0,completed,,5.725706100463867,0.0016868114471435547,301381,1,376,90,195,5.7146251033991575,1785485292.5734906,1785485298.2881155,1785485292.5735238,1785485298.2868686,1785485298.2880218,5.713344752788544,0.0011530276387929916
5,prefix_cache_routing_4ep_1.5b_hitrate,formal,1,1102,18.4 (Ubuntu 18.4-1.pgdg22.04+1),0.8.5,1382,1102:request:301382,1102:batch:133,-1,False,endpoint-0:worker:0,0,668553,default,endpoint-0,0,completed,,5.809164524078369,0.002183675765991211,301382,1,1332,749,210,5.800437983125448,1785485292.7369878,1785485298.5374258,1785485292.7370324,1785485298.5359025,1785485298.5371366,5.798870701342821,0.0012335460633039474
5,prefix_cache_routing_4ep_1.5b_hitrate,formal,1,1102,18.4 (Ubuntu 18.4-1.pgdg22.04+1),0.8.5,1383,1102:request:301383,1102:batch:133,-1,False,endpoint-3:worker:0,0,668555,default,endpoint-3,1,completed,,6.914922714233398,0.0033507347106933594,301383,1,363,70,107,6.873193511739373,1785485292.739873,1785485299.613066,1785485292.739919,1785485299.607501,1785485299.6129658,6.867582060396671,0.00546468049287796
5,prefix_cache_routing_4ep_1.5b_hitrate,formal,1,1102,18.4 (Ubuntu 18.4-1.pgdg22.04+1),0.8.5,1384,1102:request:301384,1102:batch:133,-1,False,endpoint-3:worker:0,0,668555,default,endpoint-3,1,completed,,6.893953323364258,0.0032830238342285156,301384,1,267,10,190,6.869469912722707,1785485292.7415257,1785485299.6109955,1785485292.7415671,1785485299.6068397,1785485299.610857,6.8652724120765924,0.004017414525151253
5,prefix_cache_routing_4ep_1.5b_hitrate,formal,1,1102,18.4 (Ubuntu 18.4-1.pgdg22.04+1),0.8.5,1385,1102:request:301385,1102:batch:133,-1,False,endpoint-0:worker:0,0,668553,default,endpoint-0,0,completed,,5.813308238983154,0.007076263427734375,301385,1,585,262,190,5.8050445057451725,1785485292.747231,1785485298.552275,1785485292.747272,1785485298.5515165,1785485298.5521317,5.80424446053803,0.0006151478737592697
5,prefix_cache_routing_4ep_1.5b_hitrate,formal,1,1102,18.4 (Ubuntu 18.4-1.pgdg22.04+1),0.8.5,1386,1102:request:301386,1102:batch:133,-1,False,endpoint-1:worker:0,0,668554,default,endpoint-1,0,completed,,5.865941286087036,0.0031821727752685547,301386,1,268,11,141,5.859313225373626,1785485292.7451706,1785485298.6044836,1785485292.7452264,1785485298.6023746,1785485298.6043375,5.857148576527834,0.001962319016456604
5,prefix_cache_routing_4ep_1.5b_hitrate,formal,1,1102,18.4 (Ubuntu 18.4-1.pgdg22.04+1),0.8.5,1387,1102:request:301387,1102:batch:133,-1,False,endpoint-1:worker:0,0,668554,default,endpoint-1,0,completed,,5.8658130168914795,0.003437042236328125,301387,1,671,358,225,5.858778141438961,1785485292.7470663,1785485298.6058445,1785485292.747115,1785485298.60482,1785485298.6056607,5.857704922556877,0.0008406061679124832
5,prefix_cache_routing_4ep_1.5b_hitrate,formal,1,1102,18.4 (Ubuntu 18.4-1.pgdg22.04+1),0.8.5,1388,1102:request:301388,1102:batch:133,-1,False,endpoint-2:worker:0,0,668556,default,endpoint-2,1,completed,,5.747820138931274,0.003046274185180664,301388,1,1072,704,217,5.741311213001609,1785485292.7946544,1785485298.5359654,1785485292.7947288,1785485298.5339725,1785485298.5356386,5.739244652912021,0.0016651246696710587
5,prefix_cache_routing_4ep_1.5b_hitrate,formal,1,1102,18.4 (Ubuntu 18.4-1.pgdg22.04+1),0.8.5,1389,1102:request:301389,1102:batch:133,-1,False,endpoint-3:worker:0,0,668555,default,endpoint-3,1,completed,,6.728407859802246,0.002161264419555664,301389,1,1320,363,199,6.705546338111162,1785485292.9065547,1785485299.6121006,1785485292.9066057,1785485299.6071794,1785485299.6118717,6.700573340058327,0.004692330956459045
5,prefix_cache_routing_4ep_1.5b_hitrate,formal,1,1102,18.4 (Ubuntu 18.4-1.pgdg22.04+1),0.8.5,1390,1102:request:301390,1102:batch:133,-1,False,endpoint-2:worker:0,0,668556,default,endpoint-2,1,completed,,5.753518342971802,0.0018496513366699219,301390,1,1722,630,142,5.749383797869086,1785485292.990565,1785485298.7399485,1785485292.9906232,1785485298.7373087,1785485298.7395177,5.746686402708292,0.0022081732749938965
5,prefix_cache_routing_4ep_1.5b_hitrate,formal,1,1102,18.4 (Ubuntu 18.4-1.pgdg22.04+1),0.8.5,1391,1102:request:301391,1102:batch:133,-1,False,endpoint-2:worker:0,0,668556,default,endpoint-2,1,completed,,4.572376012802124,0.0026416778564453125,301391,1,212,14,164,4.567756742238998,1785485292.992999,1785485297.5607557,1785485292.9930406,1785485297.55912,1785485297.5606513,4.5660794749855995,0.0015309546142816544
5,prefix_cache_routing_4ep_1.5b_hitrate,formal,1,1102,18.4 (Ubuntu 18.4-1.pgdg22.04+1),0.8.5,1392,1102:request:301392,1102:batch:133,-1,False,endpoint-3:worker:0,0,668555,default,endpoint-3,1,completed,,5.047250986099243,0.0018048286437988281,301392,1,268,78,131,5.043509732931852,1785485292.994059,1785485298.037569,1785485292.994113,1785485298.0359936,1785485298.0372772,5.041881261393428,0.0012830663472414017
5,prefix_cache_routing_4ep_1.5b_hitrate,formal,1,1102,18.4 (Ubuntu 18.4-1.pgdg22.04+1),0.8.5,1393,1102:request:301393,1102:batch:134,-1,False,endpoint-0:worker:0,0,668553,default,endpoint-0,0,completed,,4.863635778427124,0.002214670181274414,301393,1,536,210,163,4.857091395184398,1785485292.9965563,1785485297.8536465,1785485292.9966247,1785485297.8529532,1785485297.8535368,4.856328429654241,0.0005836822092533112
5,prefix_cache_routing_4ep_1.5b_hitrate,formal,1,1102,18.4 (Ubuntu 18.4-1.pgdg22.04+1),0.8.5,1394,1102:request:301394,1102:batch:134,-1,False,endpoint-1:worker:0,0,668554,default,endpoint-1,0,completed,,2.8533363342285156,0.004675149917602539,301394,1,566,304,95,2.846578747034073,1785485293.0010788,1785485295.8476574,1785485293.0011373,1785485295.845628,1785485295.8474405,2.8444918133318424,0.0018111653625965118
5,prefix_cache_routing_4ep_1.5b_hitrate,formal,1,1102,18.4 (Ubuntu 18.4-1.pgdg22.04+1),0.8.5,1395,1102:request:301395,1102:batch:134,-1,False,endpoint-0:worker:0,0,668553,default,endpoint-0,0,completed,,2.569218873977661,0.0014376640319824219,301395,1,913,619,103,2.566257070749998,1785485292.999561,1785485295.5658178,1785485292.999603,1785485295.5643013,1785485295.565403,2.5646990463137627,0.0011010970920324326
5,prefix_cache_routing_4ep_1.5b_hitrate,formal,1,1102,18.4 (Ubuntu 18.4-1.pgdg22.04+1),0.8.5,1396,1102:request:301396,1102:batch:134,-1,False,endpoint-0:worker:0,0,668553,default,endpoint-0,0,completed,,3.0181407928466797,0.0018782615661621094,301396,1,1115,769,111,3.0102695003151894,1785485293.029681,1785485296.0399501,1785485293.0297263,1785485296.0379531,1785485296.0397153,3.0082264970988035,0.001762324944138527
5,prefix_cache_routing_4ep_1.5b_hitrate,formal,1,1102,18.4 (Ubuntu 18.4-1.pgdg22.04+1),0.8.5,1397,1102:request:301397,1102:batch:134,-1,False,endpoint-2:worker:0,0,668556,default,endpoint-2,1,completed,,5.740285634994507,0.0023996829986572266,301397,1,739,381,198,5.7359061781317,1785485293.0322745,1785485298.7681801,1785485293.032365,1785485298.7657046,1785485298.767742,5.7333398424088955,0.0020369887351989746
5,prefix_cache_routing_4ep_1.5b_hitrate,formal,1,1102,18.4 (Ubuntu 18.4-1.pgdg22.04+1),0.8.5,1398,1102:request:301398,1102:batch:134,-1,False,endpoint-1:worker:0,0,668554,default,endpoint-1,0,completed,,5.857462644577026,0.001992940902709961,301398,1,282,19,218,5.851424070075154,1785485293.0340078,1785485298.8854315,1785485293.034064,1785485298.8833191,1785485298.8852875,5.8492556773126125,0.001967480406165123
5,prefix_cache_routing_4ep_1.5b_hitrate,formal,1,1102,18.4 (Ubuntu 18.4-1.pgdg22.04+1),0.8.5,1399,1102:request:301399,1102:batch:134,-1,False,endpoint-1:worker:0,0,668554,default,endpoint-1,0,completed,,5.864013671875,0.0020554065704345703,301399,1,289,27,213,5.850176487118006,1785485293.0361903,1785485298.8863664,1785485293.0362413,1785485298.8847501,1785485298.886264,5.848508775234222,0.0015139952301979065
5,prefix_cache_routing_4ep_1.5b_hitrate,formal,1,1102,18.4 (Ubuntu 18.4-1.pgdg22.04+1),0.8.5,1400,1102:request:301400,1102:batch:134,-1,False,endpoint-1:worker:0,0,668554,default,endpoint-1,0,completed,,5.854965686798096,0.002008199691772461,301400,1,675,332,204,5.849100094288588,1785485293.0382164,1785485298.8873165,1785485293.0382657,1785485298.8850815,1785485298.887152,5.846815928816795,0.0020702574402093887
5,prefix_cache_routing_4ep_1.5b_hitrate,formal,1,1102,18.4 (Ubuntu 18.4-1.pgdg22.04+1),0.8.5,1401,1102:request:301401,1102:batch:134,-1,False,endpoint-0:worker:0,0,668553,default,endpoint-0,0,completed,,5.808481693267822,0.0015671253204345703,301401,1,272,11,194,5.793703196570277,1785485293.0397294,1785485298.8334332,1785485293.0397706,1785485298.8309639,1785485298.8331096,5.791194083169103,0.00214504636824131
5,prefix_cache_routing_4ep_1.5b_hitrate,formal,1,1102,18.4 (Ubuntu 18.4-1.pgdg22.04+1),0.8.5,1402,1102:request:301402,1102:batch:134,-1,False,endpoint-0:worker:0,0,668553,default,endpoint-0,0,completed,,5.776137828826904,0.0018777847290039062,301402,1,286,26,165,5.771650932729244,1785485293.18197,1785485298.9536204,1785485293.1820142,1785485298.9522254,1785485298.9534857,5.770211847499013,0.00125981867313385
5,prefix_cache_routing_4ep_1.5b_hitrate,formal,1,1102,18.4 (Ubuntu 18.4-1.pgdg22.04+1),0.8.5,1403,1102:request:301403,1102:batch:134,-1,False,endpoint-2:worker:0,0,668556,default,endpoint-2,1,completed,,5.682266473770142,0.001870870590209961,301403,1,599,298,205,5.678860053420067,1785485293.2271936,1785485298.906053,1785485293.2272408,1785485298.9043417,1785485298.9058688,5.677101384848356,0.0015264246612787247
5,prefix_cache_routing_4ep_1.5b_hitrate,formal,1,1102,18.4 (Ubuntu 18.4-1.pgdg22.04+1),0.8.5,1404,1102:request:301404,1102:batch:134,-1,False,endpoint-1:worker:0,0,668554,default,endpoint-1,0,completed,,4.0004613399505615,0.0019457340240478516,301404,1,1020,731,129,3.9958909321576357,1785485293.2408915,1785485297.2367818,1785485293.240939,1785485297.2347782,1785485297.2364867,3.9938398730009794,0.0017076339572668076
5,prefix_cache_routing_4ep_1.5b_hitrate,formal,1,1102,18.4 (Ubuntu 18.4-1.pgdg22.04+1),0.8.5,1405,1102:request:301405,1102:batch:135,-1,False,endpoint-1:worker:0,0,668554,default,endpoint-1,0,completed,,2.917614459991455,0.001973390579223633,301405,1,1276,967,114,2.9037224873900414,1785485293.2434142,1785485296.1471367,1785485293.2434604,1785485296.145838,1785485296.146771,2.9023783188313246,0.0009319614619016647
5,prefix_cache_routing_4ep_1.5b_hitrate,formal,1,1102,18.4 (Ubuntu 18.4-1.pgdg22.04+1),0.8.5,1406,1102:request:301406,1102:batch:135,-1,False,endpoint-2:worker:0,0,668556,default,endpoint-2,1,completed,,5.72745156288147,0.002454042434692383,301406,1,320,34,194,5.723661115393043,1785485293.2456117,1785485298.9692721,1785485293.2456856,1785485298.968295,1785485298.9691432,5.722609665244818,0.0008474253118038177
5,prefix_cache_routing_4ep_1.5b_hitrate,formal,1,1102,18.4 (Ubuntu 18.4-1.pgdg22.04+1),0.8.5,1407,1102:request:301407,1102:batch:135,-1,False,endpoint-2:worker:0,0,668556,default,endpoint-2,1,completed,,2.3174049854278564,0.005125284194946289,301407,1,438,255,94,2.3096712063997984,1785485293.249969,1785485295.5596402,1785485293.2500055,1785485295.5587637,1785485295.5594857,2.3087585978209972,0.0007216185331344604
5,prefix_cache_routing_4ep_1.5b_hitrate,formal,1,1102,18.4 (Ubuntu 18.4-1.pgdg22.04+1),0.8.5,1408,1102:request:301408,1102:batch:135,-1,False,endpoint-1:worker:0,0,668554,default,endpoint-1,0,completed,,5.80380916595459,0.001811981201171875,301408,1,774,409,201,5.798691323027015,1785485293.42511,1785485299.223801,1785485293.4251518,1785485299.221614,1785485299.2235591,5.796462533995509,0.0019444376230239868
5,prefix_cache_routing_4ep_1.5b_hitrate,formal,1,1102,18.4 (Ubuntu 18.4-1.pgdg22.04+1),0.8.5,1409,1102:request:301409,1102:batch:135,-1,False,endpoint-1:worker:0,0,668554,default,endpoint-1,0,completed,,4.176555156707764,0.0027408599853515625,301409,1,1055,688,128,4.172221027314663,1785485293.4284658,1785485297.600687,1785485293.4285023,1785485297.599389,1785485297.6003933,4.170887179672718,0.001003563404083252
5,prefix_cache_routing_4ep_1.5b_hitrate,formal,1,1102,18.4 (Ubuntu 18.4-1.pgdg22.04+1),0.8.5,1410,1102:request:301410,1102:batch:135,-1,False,endpoint-1:worker:0,0,668554,default,endpoint-1,0,completed,,5.807011842727661,0.0017626285552978516,301410,1,579,252,198,5.8027188535779715,1785485293.4346342,1785485299.2373528,1785485293.4346726,1785485299.2354035,1785485299.237064,5.800731172785163,0.0016601961106061935
5,prefix_cache_routing_4ep_1.5b_hitrate,formal,1,1102,18.4 (Ubuntu 18.4-1.pgdg22.04+1),0.8.5,1411,1102:request:301411,1102:batch:135,-1,False,endpoint-0:worker:0,0,668553,default,endpoint-0,0,completed,,3.634950637817383,0.002096891403198242,301411,1,841,528,95,3.630325822159648,1785485293.4571512,1785485297.087477,1785485293.4572039,1785485297.0852582,1785485297.0869212,3.6280544698238373,0.0016628410667181015
5,prefix_cache_routing_4ep_1.5b_hitrate,formal,1,1102,18.4 (Ubuntu 18.4-1.pgdg22.04+1),0.8.5,1412,1102:request:301412,1102:batch:135,-1,False,endpoint-0:worker:0,0,668553,default,endpoint-0,0,completed,,5.7698516845703125,0.0035932064056396484,301412,1,1381,836,175,5.764677092432976,1785485293.4881296,1785485299.252806,1785485293.4882228,1785485299.2518177,1785485299.252508,5.763595163822174,0.000690024346113205
5,prefix_cache_routing_4ep_1.5b_hitrate,formal,1,1102,18.4 (Ubuntu 18.4-1.pgdg22.04+1),0.8.5,1413,1102:request:301413,1102:batch:135,-1,False,endpoint-1:worker:0,0,668554,default,endpoint-1,0,completed,,5.740427255630493,0.0021407604217529297,301413,1,620,300,175,5.737166894599795,1785485293.5290651,1785485299.2662318,1785485293.5291128,1785485299.265095,1785485299.2660036,5.73598207719624,0.0009085424244403839
5,prefix_cache_routing_4ep_1.5b_hitrate,formal,1,1102,18.4 (Ubuntu 18.4-1.pgdg22.04+1),0.8.5,1414,1102:request:301414,1102:batch:136,-1,False,endpoint-3:worker:0,0,668555,default,endpoint-3,1,completed,,5.9768006801605225,0.002179384231567383,301414,1,1203,836,138,5.9566420763731,1785485293.6498673,1785485299.6065092,1785485293.6499186,1785485299.6040337,1785485299.6062143,5.954115653410554,0.00218026340007782
5,prefix_cache_routing_4ep_1.5b_hitrate,formal,1,1102,18.4 (Ubuntu 18.4-1.pgdg22.04+1),0.8.5,1415,1102:request:301415,1102:batch:136,-1,False,endpoint-0:worker:0,0,668553,default,endpoint-0,0,completed,,5.769341230392456,0.002779722213745117,301415,1,976,476,181,5.76489133015275,1785485293.652385,1785485299.4172757,1785485293.6524885,1785485299.4162714,1785485299.4170218,5.7637830544263124,0.0007500629872083664
5,prefix_cache_routing_4ep_1.5b_hitrate,formal,1,1102,18.4 (Ubuntu 18.4-1.pgdg22.04+1),0.8.5,1416,1102:request:301416,1102:batch:136,-1,False,endpoint-2:worker:0,0,668556,default,endpoint-2,1,completed,,5.72431206703186,0.0018007755279541016,301416,1,927,485,119,5.720991846174002,1785485293.6942027,1785485299.4151945,1785485293.6942682,1785485299.413964,1785485299.4149024,5.719696408137679,0.0009381100535392761
5,prefix_cache_routing_4ep_1.5b_hitrate,formal,1,1102,18.4 (Ubuntu 18.4-1.pgdg22.04+1),0.8.5,1417,1102:request:301417,1102:batch:136,-1,False,endpoint-1:worker:0,0,668554,default,endpoint-1,0,completed,,5.775811195373535,0.0019168853759765625,301417,1,996,533,192,5.772553201764822,1785485293.704976,1785485299.4775293,1785485293.7050226,1785485299.4745545,1785485299.4769287,5.769532585516572,0.0023736823350191116
5,prefix_cache_routing_4ep_1.5b_hitrate,formal,1,1102,18.4 (Ubuntu 18.4-1.pgdg22.04+1),0.8.5,1418,1102:request:301418,1102:batch:136,-1,False,endpoint-0:worker:0,0,668553,default,endpoint-0,0,completed,,5.742359399795532,0.001865386962890625,301418,1,1230,716,207,5.739082142710686,1785485293.7090833,1785485299.4481652,1785485293.7091317,1785485299.4455671,1785485299.4478335,5.7364359349012375,0.0022661741822957993
5,prefix_cache_routing_4ep_1.5b_hitrate,formal,1,1102,18.4 (Ubuntu 18.4-1.pgdg22.04+1),0.8.5,1419,1102:request:301419,1102:batch:136,-1,False,endpoint-2:worker:0,0,668556,default,endpoint-2,1,completed,,5.6794774532318115,0.0027527809143066406,301419,1,1352,813,225,5.67469990067184,1785485293.8244333,1785485299.4991329,1785485293.8244922,1785485299.4964094,1785485299.4986115,5.671917520463467,0.002202047035098076
5,prefix_cache_routing_4ep_1.5b_hitrate,formal,1,1102,18.4 (Ubuntu 18.4-1.pgdg22.04+1),0.8.5,1420,1102:request:301420,1102:batch:136,-1,False,endpoint-3:worker:0,0,668555,default,endpoint-3,1,completed,,5.782434701919556,0.0024156570434570312,301420,1,1428,871,224,5.7623937875032425,1785485293.856582,1785485299.6189752,1785485293.856636,1785485299.608992,1785485299.6186805,5.75235590711236,0.009688491001725197
5,prefix_cache_routing_4ep_1.5b_hitrate,formal,1,1102,18.4 (Ubuntu 18.4-1.pgdg22.04+1),0.8.5,1421,1102:request:301421,1102:batch:137,-1,False,endpoint-3:worker:0,0,668555,default,endpoint-3,1,completed,,5.743191957473755,0.0025839805603027344,301421,1,1498,922,200,5.704184053465724,1785485293.9471335,1785485299.6513166,1785485293.9472241,1785485299.6482227,1785485299.6510212,5.700998330488801,0.0027986355125904083
5,prefix_cache_routing_4ep_1.5b_hitrate,formal,1,1102,18.4 (Ubuntu 18.4-1.pgdg22.04+1),0.8.5,1422,1102:request:301422,1102:batch:137,-1,False,endpoint-3:worker:0,0,668555,default,endpoint-3,1,completed,,5.751251220703125,0.00536656379699707,301422,1,586,236,182,5.7182913441210985,1785485293.952453,1785485299.6707442,1785485293.9525046,1785485299.6543899,1785485299.6705866,5.701885396614671,0.01619679667055607
5,prefix_cache_routing_4ep_1.5b_hitrate,formal,1,1102,18.4 (Ubuntu 18.4-1.pgdg22.04+1),0.8.5,1423,1102:request:301423,1102:batch:137,-1,False,endpoint-3:worker:0,0,668555,default,endpoint-3,1,completed,,5.75691032409668,0.01938796043395996,301423,1,816,428,218,5.7041541282087564,1785485293.968121,1785485299.6722753,1785485293.968158,1785485299.654667,1785485299.6720984,5.686509119346738,0.017431264743208885
5,prefix_cache_routing_4ep_1.5b_hitrate,formal,1,1102,18.4 (Ubuntu 18.4-1.pgdg22.04+1),0.8.5,1424,1102:request:301424,1102:batch:137,-1,False,endpoint-3:worker:0,0,668555,default,endpoint-3,1,completed,,1.9223253726959229,0.022101402282714844,301424,1,54,12,18,1.8988442718982697,1785485293.9725146,1785485295.8713586,1785485293.9725435,1785485295.8707411,1785485295.8712697,1.8981984239071608,0.0005278363823890686
5,prefix_cache_routing_4ep_1.5b_hitrate,formal,1,1102,18.4 (Ubuntu 18.4-1.pgdg22.04+1),0.8.5,1425,1102:request:301425,1102:batch:137,-1,False,endpoint-3:worker:0,0,668555,default,endpoint-3,1,completed,,2.040121078491211,0.01922464370727539,301425,1,87,34,33,2.019541684538126,1785485293.9712708,1785485295.9908123,1785485293.971307,1785485295.9901206,1785485295.99072,2.018813921138644,0.0005987919867038727
5,prefix_cache_routing_4ep_1.5b_hitrate,formal,1,1102,18.4 (Ubuntu 18.4-1.pgdg22.04+1),0.8.5,1426,1102:request:301426,1102:batch:137,-1,False,endpoint-2:worker:0,0,668556,default,endpoint-2,1,completed,,5.697258710861206,0.002953767776489258,301426,1,637,303,201,5.69043680280447,1785485293.9565246,1785485299.6469607,1785485293.9566126,1785485299.645817,1785485299.6467848,5.689204400405288,0.0009673517197370529
5,prefix_cache_routing_4ep_1.5b_hitrate,formal,1,1102,18.4 (Ubuntu 18.4-1.pgdg22.04+1),0.8.5,1427,1102:request:301427,1102:batch:137,-1,False,endpoint-3:worker:0,0,668555,default,endpoint-3,1,completed,,5.749370574951172,0.01931476593017578,301427,1,1324,869,203,5.690947415307164,1785485293.976626,1785485299.667573,1785485293.9766598,1785485299.6538193,1785485299.6672873,5.677159588783979,0.013467978686094284
5,prefix_cache_routing_4ep_1.5b_hitrate,formal,1,1102,18.4 (Ubuntu 18.4-1.pgdg22.04+1),0.8.5,1428,1102:request:301428,1102:batch:137,-1,False,endpoint-3:worker:0,0,668555,default,endpoint-3,1,completed,,5.731069326400757,0.019327640533447266,301428,1,1538,1033,182,5.69102424941957,1785485293.9782228,1785485299.6692472,1785485293.97826,1785485299.6541011,1785485299.6689587,5.67584128677845,0.014857280999422073
5,prefix_cache_routing_4ep_1.5b_hitrate,formal,1,1102,18.4 (Ubuntu 18.4-1.pgdg22.04+1),0.8.5,1429,1102:request:301429,1102:batch:137,-1,False,endpoint-0:worker:0,0,668553,default,endpoint-0,0,completed,,5.737267017364502,0.0020761489868164062,301429,1,525,208,214,5.71580022200942,1785485293.962577,1785485299.6783767,1785485293.9626353,1785485299.675678,1785485299.6780615,5.713043311610818,0.002383273094892502
5,prefix_cache_routing_4ep_1.5b_hitrate,formal,1,1102,18.4 (Ubuntu 18.4-1.pgdg22.04+1),0.8.5,1430,1102:request:301430,1102:batch:137,-1,False,endpoint-3:worker:0,0,668555,default,endpoint-3,1,completed,,5.729316473007202,0.018245220184326172,301430,1,670,324,202,5.676769195124507,1785485293.9811034,1785485299.6578724,1785485293.9811392,1785485299.6516368,1785485299.6576898,5.670497564598918,0.006053144112229347
5,prefix_cache_routing_4ep_1.5b_hitrate,formal,1,1102,18.4 (Ubuntu 18.4-1.pgdg22.04+1),0.8.5,1431,1102:request:301431,1102:batch:137,-1,False,endpoint-0:worker:0,0,668553,default,endpoint-0,0,completed,,5.735474109649658,0.001256704330444336,301431,1,584,283,222,5.7131559029221535,1785485293.9664724,1785485299.6796281,1785485293.9665148,1785485299.678712,1785485299.6794884,5.712196800857782,0.0007768236100673676
5,prefix_cache_routing_4ep_1.5b_hitrate,formal,1,1102,18.4 (Ubuntu 18.4-1.pgdg22.04+1),0.8.5,1432,1102:request:301432,1102:batch:137,-1,False,endpoint-0:worker:0,0,668553,default,endpoint-0,0,completed,,5.749128818511963,0.002180337905883789,301432,1,727,403,207,5.72503306902945,1785485293.9690177,1785485299.6940508,1785485293.9690595,1785485299.6925461,1785485299.6937575,5.723486416041851,0.0012113191187381744
5,prefix_cache_routing_4ep_1.5b_hitrate,formal,1,1102,18.4 (Ubuntu 18.4-1.pgdg22.04+1),0.8.5,1433,1102:request:301433,1102:batch:138,-1,False,endpoint-1:worker:0,0,668554,default,endpoint-1,0,completed,,5.805651903152466,0.002171754837036133,301433,1,901,549,218,5.801126793026924,1785485293.9715614,1785485299.772688,1785485293.9716125,1785485299.7704973,1785485299.7724059,5.798885637894273,0.0019076298922300339
5,prefix_cache_routing_4ep_1.5b_hitrate,formal,1,1102,18.4 (Ubuntu 18.4-1.pgdg22.04+1),0.8.5,1434,1102:request:301434,1102:batch:138,-1,False,endpoint-3:worker:0,0,668555,default,endpoint-3,1,completed,,3.7197906970977783,0.008090734481811523,301434,1,928,664,132,3.7088604737073183,1785485293.9821744,1785485297.6910357,1785485293.982207,1785485297.6892028,1785485297.6904306,3.7069967351853848,0.0012274403125047684
5,prefix_cache_routing_4ep_1.5b_hitrate,formal,1,1102,18.4 (Ubuntu 18.4-1.pgdg22.04+1),0.8.5,1435,1102:request:301435,1102:batch:138,-1,False,endpoint-3:worker:0,0,668555,default,endpoint-3,1,completed,,5.733810186386108,0.0076067447662353516,301435,1,416,126,155,5.678520103916526,1785485293.9832535,1785485299.6617737,1785485293.983279,1785485299.6526282,1785485299.6616673,5.669349307194352,0.009039022028446198
5,prefix_cache_routing_4ep_1.5b_hitrate,formal,1,1102,18.4 (Ubuntu 18.4-1.pgdg22.04+1),0.8.5,1436,1102:request:301436,1102:batch:138,-1,False,endpoint-3:worker:0,0,668555,default,endpoint-3,1,completed,,5.706840753555298,0.009857177734375,301436,1,1394,679,147,5.670696824789047,1785485293.988543,1785485299.6592398,1785485293.9885936,1785485299.6519918,1785485299.658998,5.6633979715406895,0.007006287574768066
5,prefix_cache_routing_4ep_1.5b_hitrate,formal,1,1102,18.4 (Ubuntu 18.4-1.pgdg22.04+1),0.8.5,1437,1102:request:301437,1102:batch:138,-1,False,endpoint-3:worker:0,0,668555,default,endpoint-3,1,completed,,5.713874816894531,0.01110076904296875,301437,1,1092,422,107,5.672382842749357,1785485293.992142,1785485299.6645248,1785485293.9921784,1785485299.6532407,1785485299.664334,5.661062261089683,0.011093484237790108
5,prefix_cache_routing_4ep_1.5b_hitrate,formal,1,1102,18.4 (Ubuntu 18.4-1.pgdg22.04+1),0.8.5,1438,1102:request:301438,1102:batch:138,-1,False,endpoint-3:worker:0,0,668555,default,endpoint-3,1,completed,,5.7266950607299805,0.010570049285888672,301438,1,787,306,150,5.671982865780592,1785485293.9939268,1785485299.6659095,1785485293.993959,1785485299.653528,1785485299.665767,5.659569015726447,0.012238867580890656
5,prefix_cache_routing_4ep_1.5b_hitrate,formal,1,1102,18.4 (Ubuntu 18.4-1.pgdg22.04+1),0.8.5,1439,1102:request:301439,1102:batch:138,-1,False,endpoint-3:worker:0,0,668555,default,endpoint-3,1,completed,,5.697677135467529,0.009534120559692383,301439,1,1175,550,179,5.667977910488844,1785485293.9951572,1785485299.663135,1785485293.995191,1785485299.6529438,1785485299.6629384,5.657752892002463,0.009994298219680786
5,prefix_cache_routing_4ep_1.5b_hitrate,formal,1,1102,18.4 (Ubuntu 18.4-1.pgdg22.04+1),0.8.5,1440,1102:request:301440,1102:batch:138,-1,False,endpoint-3:worker:0,0,668555,default,endpoint-3,1,completed,,5.478924989700317,0.00911259651184082,301440,1,1403,723,186,5.467692362144589,1785485293.9971254,1785485299.4648182,1785485293.9971657,1785485299.4619772,1785485299.4641554,5.464812247082591,0.002177739515900612
5,prefix_cache_routing_4ep_1.5b_hitrate,formal,1,1102,18.4 (Ubuntu 18.4-1.pgdg22.04+1),0.8.5,1441,1102:request:301441,1102:batch:139,-1,False,endpoint-3:worker:0,0,668555,default,endpoint-3,1,completed,,5.72117805480957,0.00691676139831543,301441,1,1629,900,185,5.675973381847143,1785485293.9979556,1785485299.673929,1785485293.9979827,1785485299.6549544,1785485299.673647,5.65697181597352,0.01869233511388302
5,prefix_cache_routing_4ep_1.5b_hitrate,formal,1,1102,18.4 (Ubuntu 18.4-1.pgdg22.04+1),0.8.5,1442,1102:request:301442,1102:batch:139,-1,False,endpoint-3:worker:0,0,668555,default,endpoint-3,1,completed,,5.684443950653076,0.007994413375854492,301442,1,1094,464,138,5.648519955575466,1785485294.0014162,1785485299.649936,1785485294.0014515,1785485299.647858,1785485299.6496818,5.646406680345535,0.0018237680196762085
5,prefix_cache_routing_4ep_1.5b_hitrate,formal,1,1102,18.4 (Ubuntu 18.4-1.pgdg22.04+1),0.8.5,1443,1102:request:301443,1102:batch:139,-1,False,endpoint-3:worker:0,0,668555,default,endpoint-3,1,completed,,5.702199459075928,0.009119749069213867,301443,1,665,253,176,5.671412035822868,1785485294.0040805,1785485299.6754925,1785485294.004117,1785485299.6552374,1785485299.6753244,5.651120504364371,0.02008694037795067
5,prefix_cache_routing_4ep_1.5b_hitrate,formal,1,1102,18.4 (Ubuntu 18.4-1.pgdg22.04+1),0.8.5,1444,1102:request:301444,1102:batch:139,-1,False,endpoint-3:worker:0,0,668555,default,endpoint-3,1,completed,,5.695513725280762,0.007546901702880859,301444,1,719,298,125,5.655731163918972,1785485294.0047982,1785485299.6605294,1785485294.0048282,1785485299.6523173,1785485299.6603706,5.64748908393085,0.008053528144955635
5,prefix_cache_routing_4ep_1.5b_hitrate,formal,1,1102,18.4 (Ubuntu 18.4-1.pgdg22.04+1),0.8.5,1445,1102:request:301445,1102:batch:139,-1,False,endpoint-1:worker:0,0,668554,default,endpoint-1,0,completed,,5.7819061279296875,0.0017206668853759766,301445,1,774,345,114,5.778249867260456,1785485294.022702,1785485299.8009517,1785485294.0227382,1785485299.7993422,1785485299.8007672,5.776604237034917,0.0014248378574848175
5,prefix_cache_routing_4ep_1.5b_hitrate,formal,1,1102,18.4 (Ubuntu 18.4-1.pgdg22.04+1),0.8.5,1446,1102:request:301446,1102:batch:139,-1,False,endpoint-2:worker:0,0,668556,default,endpoint-2,1,completed,,5.738780975341797,0.0024526119232177734,301446,1,1598,810,125,5.733929434791207,1785485294.1518095,1785485299.8857388,1785485294.1518695,1785485299.8840282,1785485299.8853922,5.732159418985248,0.001363225281238556
5,prefix_cache_routing_4ep_1.5b_hitrate,formal,1,1102,18.4 (Ubuntu 18.4-1.pgdg22.04+1),0.8.5,1447,1102:request:301447,1102:batch:139,-1,False,endpoint-1:worker:0,0,668554,default,endpoint-1,0,completed,,5.764874696731567,0.0026628971099853516,301447,1,1085,389,121,5.7600416131317616,1785485294.1539896,1785485299.9140303,1785485294.1540623,1785485299.9116285,1785485299.9137895,5.757566643878818,0.002160279080271721
5,prefix_cache_routing_4ep_1.5b_hitrate,formal,1,1102,18.4 (Ubuntu 18.4-1.pgdg22.04+1),0.8.5,1448,1102:request:301448,1102:batch:140,-1,False,endpoint-1:worker:0,0,668554,default,endpoint-1,0,completed,,5.766488790512085,0.002222776412963867,301448,1,1500,656,161,5.759842246770859,1785485294.2010972,1785485299.960939,1785485294.2011483,1785485299.9593244,1785485299.9606643,5.7581762205809355,0.0013397987931966782
5,prefix_cache_routing_4ep_1.5b_hitrate,formal,1,1102,18.4 (Ubuntu 18.4-1.pgdg22.04+1),0.8.5,1449,1102:request:301449,1102:batch:140,-1,False,endpoint-3:worker:0,0,668555,default,endpoint-3,1,completed,,4.377254486083984,0.002734661102294922,301449,1,1084,360,125,4.372429424896836,1785485294.2045014,1785485298.5769305,1785485294.2045705,1785485298.5754287,1785485298.5766811,4.370858242735267,0.0012523028999567032
5,prefix_cache_routing_4ep_1.5b_hitrate,formal,1,1102,18.4 (Ubuntu 18.4-1.pgdg22.04+1),0.8.5,1450,1102:request:301450,1102:batch:140,-1,False,endpoint-3:worker:0,0,668555,default,endpoint-3,1,completed,,4.630840301513672,0.003774881362915039,301450,1,1004,496,168,4.624512135982513,1785485294.2079616,1785485298.8324738,1785485294.2080145,1785485298.8301783,1785485298.8319194,4.622164331376553,0.0017406884580850601
5,prefix_cache_routing_4ep_1.5b_hitrate,formal,1,1102,18.4 (Ubuntu 18.4-1.pgdg22.04+1),0.8.5,1451,1102:request:301451,1102:batch:140,-1,False,endpoint-3:worker:0,0,668555,default,endpoint-3,1,completed,,5.795431613922119,0.0029108524322509766,301451,1,1423,795,181,5.7816161923110485,1785485294.2095032,1785485299.9911191,1785485294.209543,1785485299.9771366,1785485299.990807,5.767593847587705,0.013670491054654121
5,prefix_cache_routing_4ep_1.5b_hitrate,formal,1,1102,18.4 (Ubuntu 18.4-1.pgdg22.04+1),0.8.5,1452,1102:request:301452,1102:batch:140,-1,False,endpoint-3:worker:0,0,668555,default,endpoint-3,1,completed,,5.78570032119751,0.0031638145446777344,301452,1,291,26,154,5.767402118071914,1785485294.2113433,1785485299.9787455,1785485294.2113883,1785485299.9748921,1785485299.978633,5.763503465801477,0.003741074353456497
5,prefix_cache_routing_4ep_1.5b_hitrate,formal,1,1102,18.4 (Ubuntu 18.4-1.pgdg22.04+1),0.8.5,1453,1102:request:301453,1102:batch:140,-1,False,endpoint-2:worker:0,0,668556,default,endpoint-2,1,completed,,5.709225177764893,0.0025920867919921875,301453,1,606,268,186,5.704802069813013,1785485294.2123497,1785485299.9171515,1785485294.212412,1785485299.9146535,1785485299.9167929,5.702241605147719,0.0021393299102783203
5,prefix_cache_routing_4ep_1.5b_hitrate,formal,1,1102,18.4 (Ubuntu 18.4-1.pgdg22.04+1),0.8.5,1454,1102:request:301454,1102:batch:140,-1,False,endpoint-3:worker:0,0,668555,default,endpoint-3,1,completed,,4.819044351577759,0.0064258575439453125,301454,1,254,16,124,4.8105483148247,1785485294.2177958,1785485299.0283444,1785485294.2178288,1785485299.026382,1785485299.0280988,4.808553572744131,0.0017166230827569962
5,prefix_cache_routing_4ep_1.5b_hitrate,formal,1,1102,18.4 (Ubuntu 18.4-1.pgdg22.04+1),0.8.5,1455,1102:request:301455,1102:batch:140,-1,False,endpoint-0:worker:0,0,668553,default,endpoint-0,0,completed,,5.771303653717041,0.0018153190612792969,301455,1,482,113,158,5.767861129716039,1785485294.2149909,1785485299.9828517,1785485294.2150254,1785485299.981673,1785485299.982685,5.766648011282086,0.0010117199271917343
5,prefix_cache_routing_4ep_1.5b_hitrate,formal,1,1102,18.4 (Ubuntu 18.4-1.pgdg22.04+1),0.8.5,1456,1102:request:301456,1102:batch:140,-1,False,endpoint-3:worker:0,0,668555,default,endpoint-3,1,completed,,5.805792570114136,0.0036857128143310547,301456,1,814,311,124,5.7733459789305925,1785485294.219245,1785485299.9925911,1785485294.2192817,1785485299.977422,1785485299.9924297,5.7581404354423285,0.015007752925157547
5,prefix_cache_routing_4ep_1.5b_hitrate,formal,1,1102,18.4 (Ubuntu 18.4-1.pgdg22.04+1),0.8.5,1457,1102:request:301457,1102:batch:141,-1,False,endpoint-3:worker:0,0,668555,default,endpoint-3,1,completed,,5.807211637496948,0.0030357837677001953,301457,1,1127,492,106,5.761843480169773,1785485294.2209275,1785485299.982771,1785485294.2209659,1785485299.9759085,1785485299.9825802,5.75494272634387,0.006671564653515816
5,prefix_cache_routing_4ep_1.5b_hitrate,formal,1,1102,18.4 (Ubuntu 18.4-1.pgdg22.04+1),0.8.5,1458,1102:request:301458,1102:batch:141,-1,False,endpoint-3:worker:0,0,668555,default,endpoint-3,1,completed,,5.794153928756714,0.0015668869018554688,301458,1,1555,730,138,5.757622417062521,1785485294.22256,1785485299.9801822,1785485294.2225971,1785485299.9752471,1785485299.9798744,5.752649903297424,0.0046272724866867065
5,prefix_cache_routing_4ep_1.5b_hitrate,formal,1,1102,18.4 (Ubuntu 18.4-1.pgdg22.04+1),0.8.5,1459,1102:request:301459,1102:batch:141,-1,False,endpoint-3:worker:0,0,668555,default,endpoint-3,1,completed,,5.794027328491211,0.0011284351348876953,301459,1,705,253,132,5.764989901334047,1785485294.2245426,1785485299.9895325,1785485294.2245753,1785485299.9768374,1785485299.989385,5.752262115478516,0.012547627091407776
5,prefix_cache_routing_4ep_1.5b_hitrate,formal,1,1102,18.4 (Ubuntu 18.4-1.pgdg22.04+1),0.8.5,1460,1102:request:301460,1102:batch:141,-1,False,endpoint-3:worker:0,0,668555,default,endpoint-3,1,completed,,5.768217325210571,0.0011551380157470703,301460,1,1174,501,135,5.760484961792827,1785485294.227631,1785485299.9881158,1785485294.227668,1785485299.9765432,1785485299.987798,5.748875165358186,0.011254915967583656
5,prefix_cache_routing_4ep_1.5b_hitrate,formal,1,1102,18.4 (Ubuntu 18.4-1.pgdg22.04+1),0.8.5,1461,1102:request:301461,1102:batch:141,-1,False,endpoint-1:worker:0,0,668554,default,endpoint-1,0,completed,,5.735755205154419,0.0022361278533935547,301461,1,268,8,67,5.728733643889427,1785485294.2303,1785485299.9590325,1785485294.2303843,1785485299.9573941,1785485299.958922,5.7270098850131035,0.0015273988246917725
5,prefix_cache_routing_4ep_1.5b_hitrate,formal,1,1102,18.4 (Ubuntu 18.4-1.pgdg22.04+1),0.8.5,1462,1102:request:301462,1102:batch:141,-1,False,endpoint-0:worker:0,0,668553,default,endpoint-0,0,completed,,5.771692276000977,0.001653432846069336,301462,1,361,88,203,5.766329489648342,1785485294.231351,1785485299.99768,1785485294.231405,1785485299.996575,1785485299.9975412,5.765170183032751,0.0009658802300691605
5,prefix_cache_routing_4ep_1.5b_hitrate,formal,1,1102,18.4 (Ubuntu 18.4-1.pgdg22.04+1),0.8.5,1463,1102:request:301463,1102:batch:141,-1,False,endpoint-0:worker:0,0,668553,default,endpoint-0,0,completed,,5.778508424758911,0.002087116241455078,301463,1,595,279,162,5.76208958402276,1785485294.2341576,1785485299.996247,1785485294.2341914,1785485299.9951031,1785485299.9960656,5.760912226513028,0.0009618978947401047
5,prefix_cache_routing_4ep_1.5b_hitrate,formal,1,1102,18.4 (Ubuntu 18.4-1.pgdg22.04+1),0.8.5,1464,1102:request:301464,1102:batch:141,-1,False,endpoint-3:worker:0,0,668555,default,endpoint-3,1,completed,,5.777624130249023,0.0013918876647949219,301464,1,958,545,168,5.749074347317219,1785485294.2365987,1785485299.9856732,1785485294.2366493,1785485299.976228,1785485299.985178,5.739578727632761,0.008950510993599892
5,prefix_cache_routing_4ep_1.5b_hitrate,formal,1,1102,18.4 (Ubuntu 18.4-1.pgdg22.04+1),0.8.5,1465,1102:request:301465,1102:batch:141,-1,False,endpoint-3:worker:0,0,668555,default,endpoint-3,1,completed,,4.019952774047852,0.0017004013061523438,301465,1,1183,793,132,4.016088236123323,1785485294.2399685,1785485298.2560565,1785485294.2400494,1785485298.254036,1785485298.2553957,4.013987228274345,0.0013590194284915924
5,prefix_cache_routing_4ep_1.5b_hitrate,formal,1,1102,18.4 (Ubuntu 18.4-1.pgdg22.04+1),0.8.5,1466,1102:request:301466,1102:batch:141,-1,False,endpoint-3:worker:0,0,668555,default,endpoint-3,1,completed,,5.745252847671509,0.0034055709838867188,301466,1,296,28,191,5.731222040951252,1785485294.243313,1785485299.9745352,1785485294.243355,1785485299.9725237,1785485299.9743898,5.7291692066937685,0.0018652696162462234
5,prefix_cache_routing_4ep_1.5b_hitrate,formal,1,1102,18.4 (Ubuntu 18.4-1.pgdg22.04+1),0.8.5,1467,1102:request:301467,1102:batch:142,-1,False,endpoint-3:worker:0,0,668555,default,endpoint-3,1,completed,,5.757439136505127,0.0031442642211914062,301467,1,623,284,206,5.736809264868498,1785485294.244634,1785485299.9814432,1785485294.244675,1785485299.9755845,1785485299.9812996,5.73090978898108,0.005714926868677139
5,prefix_cache_routing_4ep_1.5b_hitrate,formal,1,1102,18.4 (Ubuntu 18.4-1.pgdg22.04+1),0.8.5,1468,1102:request:301468,1102:batch:142,-1,False,endpoint-0:worker:0,0,668553,default,endpoint-0,0,completed,,5.737287759780884,0.0016617774963378906,301468,1,839,449,179,5.734172414988279,1785485294.3327837,1785485300.0669558,1785485294.3328216,1785485300.0651739,1785485300.0666482,5.7323530204594135,0.0014739111065864563
5,prefix_cache_routing_4ep_1.5b_hitrate,formal,1,1102,18.4 (Ubuntu 18.4-1.pgdg22.04+1),0.8.5,1469,1102:request:301469,1102:batch:142,-1,False,endpoint-0:worker:0,0,668553,default,endpoint-0,0,completed,,4.499371290206909,0.0015442371368408203,301469,1,1059,668,155,4.490594632923603,1785485294.3442018,1785485298.8347962,1785485294.344229,1785485298.8338864,1785485298.8345768,4.489657763391733,0.0006903503090143204
5,prefix_cache_routing_4ep_1.5b_hitrate,formal,1,1102,18.4 (Ubuntu 18.4-1.pgdg22.04+1),0.8.5,1470,1102:request:301470,1102:batch:142,-1,False,endpoint-2:worker:0,0,668556,default,endpoint-2,1,completed,,5.682636499404907,0.0027267932891845703,301470,1,262,4,197,5.677251940593123,1785485294.347537,1785485300.0247877,1785485294.3476768,1785485300.0226498,1785485300.0245373,5.6749730333685875,0.0018873382359743118
5,prefix_cache_routing_4ep_1.5b_hitrate,formal,1,1102,18.4 (Ubuntu 18.4-1.pgdg22.04+1),0.8.5,1471,1102:request:301471,1102:batch:142,-1,False,endpoint-1:worker:0,0,668554,default,endpoint-1,0,completed,,5.817700624465942,0.0024378299713134766,301471,1,408,133,126,5.812780939042568,1785485294.3732517,1785485300.1860318,1785485294.373294,1785485300.1837351,1785485300.185913,5.810440767556429,0.0021780449897050858
5,prefix_cache_routing_4ep_1.5b_hitrate,formal,1,1102,18.4 (Ubuntu 18.4-1.pgdg22.04+1),0.8.5,1472,1102:request:301472,1102:batch:142,-1,False,endpoint-1:worker:0,0,668554,default,endpoint-1,0,completed,,5.8151397705078125,0.004793643951416016,301472,1,268,7,168,5.8056661654263735,1785485294.3773375,1785485300.1830034,1785485294.3773694,1785485300.1815,1785485300.1828527,5.80413106456399,0.0013522617518901825
5,prefix_cache_routing_4ep_1.5b_hitrate,formal,1,1102,18.4 (Ubuntu 18.4-1.pgdg22.04+1),0.8.5,1473,1102:request:301473,1102:batch:142,-1,False,endpoint-1:worker:0,0,668554,default,endpoint-1,0,completed,,5.815114974975586,0.004425525665283203,301473,1,459,132,191,5.806343454867601,1785485294.378652,1785485300.1849957,1785485294.3786871,1785485300.1833622,1785485300.1848366,5.80467520467937,0.001474360004067421
5,prefix_cache_routing_4ep_1.5b_hitrate,formal,1,1102,18.4 (Ubuntu 18.4-1.pgdg22.04+1),0.8.5,1474,1102:request:301474,1102:batch:142,-1,False,endpoint-2:worker:0,0,668556,default,endpoint-2,1,completed,,5.6843132972717285,0.002584218978881836,301474,1,264,6,224,5.678596567362547,1785485294.3783925,1785485300.056988,1785485294.378496,1785485300.0559561,1785485300.0568728,5.6774601601064205,0.0009166784584522247
5,prefix_cache_routing_4ep_1.5b_hitrate,formal,1,1102,18.4 (Ubuntu 18.4-1.pgdg22.04+1),0.8.5,1475,1102:request:301475,1102:batch:142,-1,False,endpoint-2:worker:0,0,668556,default,endpoint-2,1,completed,,5.683181524276733,0.0018308162689208984,301475,1,316,47,225,5.679432103410363,1785485294.4993482,1785485300.17878,1785485294.499402,1785485300.1763365,1785485300.1786373,5.676935339346528,0.0022997818887233734
5,prefix_cache_routing_4ep_1.5b_hitrate,formal,1,1102,18.4 (Ubuntu 18.4-1.pgdg22.04+1),0.8.5,1476,1102:request:301476,1102:batch:142,-1,False,endpoint-1:worker:0,0,668554,default,endpoint-1,0,completed,,5.801188945770264,0.001897573471069336,301476,1,669,324,158,5.796297384425998,1785485294.5188024,1785485300.3150997,1785485294.518851,1785485300.3131666,1785485300.3148818,5.794315608218312,0.0017151478677988052
5,prefix_cache_routing_4ep_1.5b_hitrate,formal,1,1102,18.4 (Ubuntu 18.4-1.pgdg22.04+1),0.8.5,1477,1102:request:301477,1102:batch:142,-1,False,endpoint-1:worker:0,0,668554,default,endpoint-1,0,completed,,5.7949604988098145,0.0016448497772216797,301477,1,1055,663,193,5.79137665219605,1785485294.5213861,1785485300.312763,1785485294.5214329,1785485300.3110626,1785485300.312427,5.789629986509681,0.0013642646372318268
5,prefix_cache_routing_4ep_1.5b_hitrate,formal,1,1102,18.4 (Ubuntu 18.4-1.pgdg22.04+1),0.8.5,1478,1102:request:301478,1102:batch:142,-1,False,endpoint-2:worker:0,0,668556,default,endpoint-2,1,completed,,5.684290647506714,0.0027840137481689453,301478,1,493,196,200,5.678051313385367,1785485294.5261776,1785485300.2042286,1785485294.5262609,1785485300.2022462,1785485300.2038991,5.675985757261515,0.0016528554260730743
5,prefix_cache_routing_4ep_1.5b_hitrate,formal,1,1102,18.4 (Ubuntu 18.4-1.pgdg22.04+1),0.8.5,1479,1102:request:301479,1102:batch:142,-1,False,endpoint-0:worker:0,0,668553,default,endpoint-0,0,completed,,5.777585506439209,0.0029938220977783203,301479,1,265,7,176,5.772491868585348,1785485294.528172,1785485300.300663,1785485294.5282507,1785485300.297938,1785485300.3004694,5.769688833504915,0.002530105412006378
5,prefix_cache_routing_4ep_1.5b_hitrate,formal,1,1102,18.4 (Ubuntu 18.4-1.pgdg22.04+1),0.8.5,1480,1102:request:301480,1102:batch:142,-1,False,endpoint-1:worker:0,0,668554,default,endpoint-1,0,completed,,5.797148704528809,0.0014836788177490234,301480,1,628,256,173,5.794549737125635,1785485294.5282092,1785485300.3227587,1785485294.5282512,1785485300.321657,1785485300.3225849,5.793405631557107,0.0009279157966375351
5,prefix_cache_routing_4ep_1.5b_hitrate,formal,1,1102,18.4 (Ubuntu 18.4-1.pgdg22.04+1),0.8.5,1481,1102:request:301481,1102:batch:142,-1,False,endpoint-2:worker:0,0,668556,default,endpoint-2,1,completed,,5.680155277252197,0.004049539566040039,301481,1,269,11,177,5.673900313675404,1785485294.532298,1785485300.2061982,1785485294.5323377,1785485300.204698,1785485300.2060475,5.672360759228468,0.0013493094593286514
5,prefix_cache_routing_4ep_1.5b_hitrate,formal,1,1102,18.4 (Ubuntu 18.4-1.pgdg22.04+1),0.8.5,1482,1102:request:301482,1102:batch:142,-1,False,endpoint-3:worker:0,0,668555,default,endpoint-3,1,completed,,5.664361953735352,0.0022125244140625,301482,1,268,9,181,5.656967109069228,1785485294.5340805,1785485300.1910474,1785485294.534126,1785485300.1880882,1785485300.190939,5.653961980715394,0.0028506796807050705
5,prefix_cache_routing_4ep_1.5b_hitrate,formal,1,1102,18.4 (Ubuntu 18.4-1.pgdg22.04+1),0.8.5,1483,1102:request:301483,1102:batch:142,-1,False,endpoint-3:worker:0,0,668555,default,endpoint-3,1,completed,,5.660308361053467,0.0032618045806884766,301483,1,996,556,196,5.650652391836047,1785485294.5366585,1785485300.187311,1785485294.5367074,1785485300.1856341,1785485300.1869957,5.648927193135023,0.0013609807938337326
5,prefix_cache_routing_4ep_1.5b_hitrate,formal,1,1102,18.4 (Ubuntu 18.4-1.pgdg22.04+1),0.8.5,1484,1102:request:301484,1102:batch:143,-1,False,endpoint-3:worker:0,0,668555,default,endpoint-3,1,completed,,5.658607006072998,0.0014507770538330078,301484,1,1308,791,192,5.652814002707601,1785485294.5396652,1785485300.1924791,1785485294.5397043,1785485300.188415,1785485300.19221,5.6487107034772635,0.0037947725504636765
5,prefix_cache_routing_4ep_1.5b_hitrate,formal,1,1102,18.4 (Ubuntu 18.4-1.pgdg22.04+1),0.8.5,1485,1102:request:301485,1102:batch:143,-1,False,endpoint-3:worker:0,0,668555,default,endpoint-3,1,completed,,5.662055253982544,0.0012371540069580078,301485,1,344,79,221,5.6481668800115585,1785485294.5416217,1785485300.1897883,1785485294.5416539,1785485300.1877143,1785485300.1896489,5.646060552448034,0.0019344817847013474
5,prefix_cache_routing_4ep_1.5b_hitrate,formal,1,1102,18.4 (Ubuntu 18.4-1.pgdg22.04+1),0.8.5,1486,1102:request:301486,1102:batch:143,-1,False,endpoint-3:worker:0,0,668555,default,endpoint-3,1,completed,,4.4739837646484375,0.002033710479736328,301486,1,345,111,186,4.469798436388373,1785485294.5440507,1785485299.013849,1785485294.5440905,1785485299.0117798,1785485299.0135195,4.46769012324512,0.0017392728477716446
5,prefix_cache_routing_4ep_1.5b_hitrate,formal,1,1102,18.4 (Ubuntu 18.4-1.pgdg22.04+1),0.8.5,1487,1102:request:301487,1102:batch:143,-1,False,endpoint-3:worker:0,0,668555,default,endpoint-3,1,completed,,6.390599489212036,0.0022287368774414062,301487,1,582,281,201,6.3862180188298225,1785485294.54575,1785485300.931968,1785485294.5457947,1785485300.9298146,1785485300.931684,6.384021075442433,0.0018680412322282791
5,prefix_cache_routing_4ep_1.5b_hitrate,formal,1,1102,18.4 (Ubuntu 18.4-1.pgdg22.04+1),0.8.5,1488,1102:request:301488,1102:batch:143,-1,False,endpoint-3:worker:0,0,668555,default,endpoint-3,1,completed,,6.636229753494263,0.0011742115020751953,301488,1,903,531,208,6.632955307140946,1785485294.5473099,1785485301.180265,1785485294.5473478,1785485301.178483,1785485301.1799726,6.631136380136013,0.001488473266363144
5,prefix_cache_routing_4ep_1.5b_hitrate,formal,1,1102,18.4 (Ubuntu 18.4-1.pgdg22.04+1),0.8.5,1489,1102:request:301489,1102:batch:143,-1,False,endpoint-3:worker:0,0,668555,default,endpoint-3,1,completed,,7.012164115905762,0.0011196136474609375,301489,1,1322,878,225,7.009453171864152,1785485294.549501,1785485301.5589542,1785485294.5495412,1785485301.55645,1785485301.5585973,7.006909511983395,0.0021467041224241257
5,prefix_cache_routing_4ep_1.5b_hitrate,formal,1,1102,18.4 (Ubuntu 18.4-1.pgdg22.04+1),0.8.5,1490,1102:request:301490,1102:batch:143,-1,False,endpoint-3:worker:0,0,668555,default,endpoint-3,1,completed,,6.415789365768433,0.0011818408966064453,301490,1,223,9,158,6.41281814314425,1785485294.5510705,1785485300.9638886,1785485294.5511,1785485300.9617004,1785485300.963764,6.4106009639799595,0.0020629707723855972
5,prefix_cache_routing_4ep_1.5b_hitrate,formal,1,1102,18.4 (Ubuntu 18.4-1.pgdg22.04+1),0.8.5,1491,1102:request:301491,1102:batch:143,-1,False,endpoint-1:worker:0,0,668554,default,endpoint-1,0,completed,,3.332042932510376,0.0031218528747558594,301491,1,422,207,109,3.3267035726457834,1785485294.5552094,1785485297.8819134,1785485294.5552418,1785485297.8800526,1785485297.8816571,3.3248113431036472,0.0016041342169046402
5,prefix_cache_routing_4ep_1.5b_hitrate,formal,1,1102,18.4 (Ubuntu 18.4-1.pgdg22.04+1),0.8.5,1492,1102:request:301492,1102:batch:143,-1,False,endpoint-3:worker:0,0,668555,default,endpoint-3,1,completed,,7.38799262046814,0.0011932849884033203,301492,1,760,353,192,7.38494454883039,1785485294.5557723,1785485301.9407167,1785485294.5558097,1785485301.937834,1785485301.9404762,7.382025081664324,0.0026412885636091232
5,prefix_cache_routing_4ep_1.5b_hitrate,formal,1,1102,18.4 (Ubuntu 18.4-1.pgdg22.04+1),0.8.5,1493,1102:request:301493,1102:batch:143,-1,False,endpoint-1:worker:0,0,668554,default,endpoint-1,0,completed,,5.7896645069122314,0.0013470649719238281,301493,1,1074,520,117,5.783589944243431,1785485294.5581565,1785485300.3417463,1785485294.558191,1785485300.34015,1785485300.3413677,5.781958827748895,0.0012177638709545135
5,prefix_cache_routing_4ep_1.5b_hitrate,formal,1,1102,18.4 (Ubuntu 18.4-1.pgdg22.04+1),0.8.5,1494,1102:request:301494,1102:batch:144,-1,False,endpoint-3:worker:0,0,668555,default,endpoint-3,1,completed,,7.713156700134277,0.0012087821960449219,301494,1,1429,730,187,7.709812706336379,1785485294.5607522,1785485302.2705648,1785485294.560793,1785485302.2690206,1785485302.270206,7.70822811126709,0.0011850148439407349
5,prefix_cache_routing_4ep_1.5b_hitrate,formal,1,1102,18.4 (Ubuntu 18.4-1.pgdg22.04+1),0.8.5,1495,1102:request:301495,1102:batch:144,-1,False,endpoint-1:worker:0,0,668554,default,endpoint-1,0,completed,,5.782012462615967,0.001340627670288086,301495,1,277,17,210,5.776506043970585,1785485294.562906,1785485300.339412,1785485294.5629427,1785485300.3376408,1785485300.3388982,5.774698136374354,0.0012569203972816467
5,prefix_cache_routing_4ep_1.5b_hitrate,formal,1,1102,18.4 (Ubuntu 18.4-1.pgdg22.04+1),0.8.5,1496,1102:request:301496,1102:batch:144,-1,False,endpoint-3:worker:0,0,668555,default,endpoint-3,1,completed,,7.924021244049072,0.0012197494506835938,301496,1,720,379,221,7.9213561955839396,1785485294.5659282,1785485302.4872842,1785485294.5659626,1785485302.4859712,1785485302.4870524,7.920009553432465,0.001080656424164772
5,prefix_cache_routing_4ep_1.5b_hitrate,formal,1,1102,18.4 (Ubuntu 18.4-1.pgdg22.04+1),0.8.5,1497,1102:request:301497,1102:batch:144,-1,False,endpoint-3:worker:0,0,668555,default,endpoint-3,1,completed,,8.37996530532837,0.001232147216796875,301497,1,1158,748,199,8.377205315977335,1785485294.5684476,1785485302.9456525,1785485294.5684862,1785485302.9427602,1785485302.9453247,8.374274613335729,0.002563782036304474
5,prefix_cache_routing_4ep_1.5b_hitrate,formal,1,1102,18.4 (Ubuntu 18.4-1.pgdg22.04+1),0.8.5,1498,1102:request:301498,1102:batch:144,-1,False,endpoint-3:worker:0,0,668555,default,endpoint-3,1,completed,,7.273550987243652,0.0014507770538330078,301498,1,478,253,107,7.270073352381587,1785485294.5710201,1785485301.841093,1785485294.5710542,1785485301.8393009,1785485301.8409033,7.268247507512569,0.0016012564301490784
5,prefix_cache_routing_4ep_1.5b_hitrate,formal,1,1102,18.4 (Ubuntu 18.4-1.pgdg22.04+1),0.8.5,1499,1102:request:301499,1102:batch:144,-1,False,endpoint-3:worker:0,0,668555,default,endpoint-3,1,completed,,8.708893775939941,0.0013065338134765625,301499,1,730,367,218,8.70635937154293,1785485294.5743988,1785485303.280758,1785485294.5744345,1785485303.2794898,1785485303.2805252,8.705055741593242,0.0010350309312343597
5,prefix_cache_routing_4ep_1.5b_hitrate,formal,1,1102,18.4 (Ubuntu 18.4-1.pgdg22.04+1),0.8.5,1500,1102:request:301500,1102:batch:144,-1,False,endpoint-3:worker:0,0,668555,default,endpoint-3,1,completed,,8.908225536346436,0.0011715888977050781,301500,1,1140,695,211,8.905688190832734,1785485294.5767708,1785485303.482459,1785485294.5768058,1785485303.4807794,1785485303.4821665,8.903974251821637,0.0013863127678632736
5,prefix_cache_routing_4ep_1.5b_hitrate,formal,1,1102,18.4 (Ubuntu 18.4-1.pgdg22.04+1),0.8.5,1501,1102:request:301501,1102:batch:144,-1,False,endpoint-3:worker:0,0,668555,default,endpoint-3,1,completed,,9.146970272064209,0.0012230873107910156,301501,1,733,393,174,9.143478576093912,1785485294.5816813,1785485303.72516,1785485294.5817163,1785485303.7232325,1785485303.7247772,9.141517052426934,0.0015443358570337296
5,prefix_cache_routing_4ep_1.5b_hitrate,formal,1,1102,18.4 (Ubuntu 18.4-1.pgdg22.04+1),0.8.5,1502,1102:request:301502,1102:batch:144,-1,False,endpoint-0:worker:0,0,668553,default,endpoint-0,0,completed,,5.761467933654785,0.0023202896118164062,301502,1,1168,728,187,5.757428610697389,1785485294.6446493,1785485300.4020767,1785485294.6447756,1785485300.4007015,1785485300.4017498,5.755925999954343,0.0010478682816028595
5,prefix_cache_routing_4ep_1.5b_hitrate,formal,1,1102,18.4 (Ubuntu 18.4-1.pgdg22.04+1),0.8.5,1503,1102:request:301503,1102:batch:145,-1,False,endpoint-2:worker:0,0,668556,default,endpoint-2,1,completed,,5.659574270248413,0.001962900161743164,301503,1,694,361,202,5.654621573165059,1785485294.6463761,1785485300.3009973,1785485294.646437,1785485300.2982104,1785485300.3007576,5.6517743822187185,0.0025463998317718506
5,prefix_cache_routing_4ep_1.5b_hitrate,formal,1,1102,18.4 (Ubuntu 18.4-1.pgdg22.04+1),0.8.5,1504,1102:request:301504,1102:batch:145,-1,False,endpoint-0:worker:0,0,668553,default,endpoint-0,0,completed,,5.767386198043823,0.0016007423400878906,301504,1,1174,734,208,5.762867635115981,1785485294.6493924,1785485300.4122596,1785485294.6494377,1785485300.4110136,1785485300.4119542,5.761576022952795,0.0009403731673955917
5,prefix_cache_routing_4ep_1.5b_hitrate,formal,1,1102,18.4 (Ubuntu 18.4-1.pgdg22.04+1),0.8.5,1505,1102:request:301505,1102:batch:145,-1,False,endpoint-0:worker:0,0,668553,default,endpoint-0,0,completed,,5.765949726104736,0.0011932849884033203,301505,1,884,506,187,5.762471904978156,1785485294.6512911,1785485300.413763,1785485294.6513317,1785485300.4125783,1785485300.4135706,5.761246716603637,0.0009920988231897354
5,prefix_cache_routing_4ep_1.5b_hitrate,formal,1,1102,18.4 (Ubuntu 18.4-1.pgdg22.04+1),0.8.5,1506,1102:request:301506,1102:batch:145,-1,False,endpoint-2:worker:0,0,668556,default,endpoint-2,1,completed,,5.639663457870483,0.0019638538360595703,301506,1,1362,865,183,5.636148951947689,1785485294.69755,1785485300.3336987,1785485294.6975937,1785485300.3312645,1785485300.333373,5.633671194314957,0.0021083783358335495
5,prefix_cache_routing_4ep_1.5b_hitrate,formal,1,1102,18.4 (Ubuntu 18.4-1.pgdg22.04+1),0.8.5,1507,1102:request:301507,1102:batch:145,-1,False,endpoint-0:worker:0,0,668553,default,endpoint-0,0,completed,,5.72997260093689,0.002340078353881836,301507,1,289,23,213,5.726393848657608,1785485294.6999264,1785485300.4263194,1785485294.7000043,1785485300.4252744,1785485300.4262068,5.72526990622282,0.0009320676326751709
5,prefix_cache_routing_4ep_1.5b_hitrate,formal,1,1102,18.4 (Ubuntu 18.4-1.pgdg22.04+1),0.8.5,1508,1102:request:301508,1102:batch:145,-1,False,endpoint-1:worker:0,0,668554,default,endpoint-1,0,completed,,5.271763801574707,0.0018606185913085938,301508,1,511,231,199,5.2608301136642694,1785485294.7011857,1785485299.9620154,1785485294.7012274,1785485299.9596744,1785485299.9618657,5.25844687782228,0.002191482111811638
5,prefix_cache_routing_4ep_1.5b_hitrate,formal,1,1102,18.4 (Ubuntu 18.4-1.pgdg22.04+1),0.8.5,1509,1102:request:301509,1102:batch:145,-1,False,endpoint-2:worker:0,0,668556,default,endpoint-2,1,completed,,5.357256650924683,0.001495361328125,301509,1,248,6,193,5.35240881331265,1785485294.7032492,1785485300.0556576,1785485294.7032828,1785485300.054173,1785485300.0555494,5.350890496745706,0.0013762526214122772
5,prefix_cache_routing_4ep_1.5b_hitrate,formal,1,1102,18.4 (Ubuntu 18.4-1.pgdg22.04+1),0.8.5,1510,1102:request:301510,1102:batch:145,-1,False,endpoint-1:worker:0,0,668554,default,endpoint-1,0,completed,,4.8605146408081055,0.0015070438385009766,301510,1,299,67,163,4.857808403670788,1785485294.704994,1785485299.562802,1785485294.7050352,1785485299.5616496,1785485299.5626678,4.856614468619227,0.0010180138051509857
5,prefix_cache_routing_4ep_1.5b_hitrate,formal,1,1102,18.4 (Ubuntu 18.4-1.pgdg22.04+1),0.8.5,1511,1102:request:301511,1102:batch:145,-1,False,endpoint-3:worker:0,0,668555,default,endpoint-3,1,completed,,8.52536678314209,0.0028183460235595703,301511,1,493,216,167,8.520382814109325,1785485294.8790293,1785485303.3994114,1785485294.8791125,1785485303.3977208,1785485303.3992264,8.518608961254358,0.0015045516192913055
5,prefix_cache_routing_4ep_1.5b_hitrate,formal,1,1102,18.4 (Ubuntu 18.4-1.pgdg22.04+1),0.8.5,1512,1102:request:301512,1102:batch:145,-1,False,endpoint-1:worker:0,0,668554,default,endpoint-1,0,completed,,5.76521635055542,0.0018892288208007812,301512,1,794,404,180,5.758551063016057,1785485294.881804,1785485300.640355,1785485294.8818443,1785485300.637806,1785485300.6400821,5.755961904302239,0.0022761765867471695
5,prefix_cache_routing_4ep_1.5b_hitrate,formal,1,1102,18.4 (Ubuntu 18.4-1.pgdg22.04+1),0.8.5,1513,1102:request:301513,1102:batch:145,-1,False,endpoint-3:worker:0,0,668555,default,endpoint-3,1,completed,,9.24610161781311,0.0013682842254638672,301513,1,1095,631,187,9.242285683751106,1785485294.8846626,1785485304.126948,1785485294.8847022,1785485304.1254656,1785485304.1266418,9.240763880312443,0.0011755730956792831
5,prefix_cache_routing_4ep_1.5b_hitrate,formal,1,1102,18.4 (Ubuntu 18.4-1.pgdg22.04+1),0.8.5,1514,1102:request:301514,1102:batch:145,-1,False,endpoint-2:worker:0,0,668556,default,endpoint-2,1,completed,,2.6514434814453125,0.0019142627716064453,301514,1,105,2,82,2.6467683780938387,1785485294.8870573,1785485297.5338259,1785485294.8871107,1785485297.532248,1785485297.533698,2.645137518644333,0.0014497898519039154
5,prefix_cache_routing_4ep_1.5b_hitrate,formal,1,1102,18.4 (Ubuntu 18.4-1.pgdg22.04+1),0.8.5,1515,1102:request:301515,1102:batch:145,-1,False,endpoint-1:worker:0,0,668554,default,endpoint-1,0,completed,,5.76226282119751,0.0015130043029785156,301515,1,288,27,146,5.7529664393514395,1785485294.8884315,1785485300.6413977,1785485294.8884778,1785485300.6383219,1785485300.6412868,5.749844430014491,0.002964993938803673
5,prefix_cache_routing_4ep_1.5b_hitrate,formal,1,1102,18.4 (Ubuntu 18.4-1.pgdg22.04+1),0.8.5,1516,1102:request:301516,1102:batch:146,-1,False,endpoint-1:worker:0,0,668554,default,endpoint-1,0,completed,,5.7557923793792725,0.0014159679412841797,301516,1,654,262,91,5.750517455860972,1785485294.8916924,1785485300.6422095,1785485294.8917356,1785485300.6367013,1785485300.6420252,5.7449667658656836,0.005322730168700218
5,prefix_cache_routing_4ep_1.5b_hitrate,formal,1,1102,18.4 (Ubuntu 18.4-1.pgdg22.04+1),0.8.5,1517,1102:request:301517,1102:batch:146,-1,False,endpoint-1:worker:0,0,668554,default,endpoint-1,0,completed,,5.7581257820129395,0.0014660358428955078,301517,1,1096,420,219,5.754234921187162,1785485294.8965366,1785485300.6507714,1785485294.8965805,1785485300.6490583,1785485300.650442,5.752477988600731,0.001383686438202858
5,prefix_cache_routing_4ep_1.5b_hitrate,formal,1,1102,18.4 (Ubuntu 18.4-1.pgdg22.04+1),0.8.5,1518,1102:request:301518,1102:batch:146,-1,False,endpoint-2:worker:0,0,668556,default,endpoint-2,1,completed,,5.453914165496826,0.0016696453094482422,301518,1,1298,555,185,5.448202120140195,1785485294.9013097,1785485300.3495114,1785485294.9013803,1785485300.3480194,1785485300.3491669,5.446639055386186,0.0011474210768938065
5,prefix_cache_routing_4ep_1.5b_hitrate,formal,1,1102,18.4 (Ubuntu 18.4-1.pgdg22.04+1),0.8.5,1519,1102:request:301519,1102:batch:146,-1,False,endpoint-2:worker:0,0,668556,default,endpoint-2,1,completed,,5.690471887588501,0.0019116401672363281,301519,1,1572,722,178,5.6857810989022255,1785485295.037406,1785485300.723187,1785485295.0374734,1785485300.72184,1785485300.7228193,5.6843664813786745,0.000979490578174591
5,prefix_cache_routing_4ep_1.5b_hitrate,formal,1,1102,18.4 (Ubuntu 18.4-1.pgdg22.04+1),0.8.5,1520,1102:request:301520,1102:batch:146,-1,False,endpoint-0:worker:0,0,668553,default,endpoint-0,0,completed,,5.7377660274505615,0.002817392349243164,301520,1,279,20,207,5.731613991782069,1785485295.0403485,1785485300.7719617,1785485295.0404193,1785485300.770681,1785485300.7718441,5.730261042714119,0.0011633094400167465
5,prefix_cache_routing_4ep_1.5b_hitrate,formal,1,1102,18.4 (Ubuntu 18.4-1.pgdg22.04+1),0.8.5,1521,1102:request:301521,1102:batch:146,-1,False,endpoint-0:worker:0,0,668553,default,endpoint-0,0,completed,,5.7343268394470215,0.004462718963623047,301521,1,622,266,158,5.726263351738453,1785485295.0439527,1785485300.770216,1785485295.0439928,1785485300.7684844,1785485300.769945,5.724491899833083,0.0014603137969970703
5,prefix_cache_routing_4ep_1.5b_hitrate,formal,1,1102,18.4 (Ubuntu 18.4-1.pgdg22.04+1),0.8.5,1522,1102:request:301522,1102:batch:146,-1,False,endpoint-0:worker:0,0,668553,default,endpoint-0,0,completed,,5.136607885360718,0.0031032562255859375,301522,1,719,347,190,5.131025176495314,1785485295.0446687,1785485300.1756938,1785485295.0447032,1785485300.1743073,1785485300.1754618,5.129604659974575,0.0011541042476892471
5,prefix_cache_routing_4ep_1.5b_hitrate,formal,1,1102,18.4 (Ubuntu 18.4-1.pgdg22.04+1),0.8.5,1523,1102:request:301523,1102:batch:146,-1,False,endpoint-2:worker:0,0,668556,default,endpoint-2,1,completed,,5.685669183731079,0.0015025138854980469,301523,1,265,7,117,5.678442545235157,1785485295.045033,1785485300.7234752,1785485295.0450726,1785485300.7200818,1785485300.723369,5.675010109320283,0.0032860487699508667
5,prefix_cache_routing_4ep_1.5b_hitrate,formal,1,1102,18.4 (Ubuntu 18.4-1.pgdg22.04+1),0.8.5,1524,1102:request:301524,1102:batch:146,-1,False,endpoint-1:worker:0,0,668554,default,endpoint-1,0,completed,,5.755615472793579,0.0020685195922851562,301524,1,539,210,125,5.740720836445689,1785485295.0473702,1785485300.788091,1785485295.0474393,1785485300.786517,1785485300.7879531,5.739077357575297,0.0014361478388309479
5,prefix_cache_routing_4ep_1.5b_hitrate,formal,1,1102,18.4 (Ubuntu 18.4-1.pgdg22.04+1),0.8.5,1525,1102:request:301525,1102:batch:146,-1,False,endpoint-1:worker:0,0,668554,default,endpoint-1,0,completed,,5.743444442749023,0.001413583755493164,301525,1,966,487,144,5.736762708052993,1785485295.0493438,1785485300.7861063,1785485295.0493836,1785485300.7837167,1785485300.7857966,5.734333792701364,0.0020791087299585342
5,prefix_cache_routing_4ep_1.5b_hitrate,formal,1,1102,18.4 (Ubuntu 18.4-1.pgdg22.04+1),0.8.5,1526,1102:request:301526,1102:batch:147,-1,False,endpoint-2:worker:0,0,668556,default,endpoint-2,1,completed,,5.6883533000946045,0.0019497871398925781,301526,1,1207,672,142,5.684525718912482,1785485295.0681891,1785485300.7527153,1785485295.0682292,1785485300.7496846,1785485300.7520897,5.681455617770553,0.0024053771048784256
5,prefix_cache_routing_4ep_1.5b_hitrate,formal,1,1102,18.4 (Ubuntu 18.4-1.pgdg22.04+1),0.8.5,1527,1102:request:301527,1102:batch:147,-1,False,endpoint-0:worker:0,0,668553,default,endpoint-0,0,completed,,5.733312606811523,0.0019347667694091797,301527,1,604,200,149,5.72716717235744,1785485295.0717137,1785485300.798881,1785485295.07176,1785485300.796523,1785485300.7985666,5.724763408303261,0.0020434949547052383
5,prefix_cache_routing_4ep_1.5b_hitrate,formal,1,1102,18.4 (Ubuntu 18.4-1.pgdg22.04+1),0.8.5,1528,1102:request:301528,1102:batch:147,-1,False,endpoint-2:worker:0,0,668556,default,endpoint-2,1,completed,,5.7160584926605225,0.001859426498413086,301528,1,711,276,170,5.712853282690048,1785485295.1188726,1785485300.8317256,1785485295.1189103,1785485300.8301082,1785485300.8314643,5.7111983727663755,0.001355532556772232
5,prefix_cache_routing_4ep_1.5b_hitrate,formal,1,1102,18.4 (Ubuntu 18.4-1.pgdg22.04+1),0.8.5,1529,1102:request:301529,1102:batch:147,-1,False,endpoint-0:worker:0,0,668553,default,endpoint-0,0,completed,,3.0752437114715576,0.002069234848022461,301529,1,912,502,73,3.0669085159897804,1785485295.190155,1785485298.2570636,1785485295.1902177,1785485298.2545905,1785485298.2565358,3.0643734391778708,0.0019448809325695038
5,prefix_cache_routing_4ep_1.5b_hitrate,formal,1,1102,18.4 (Ubuntu 18.4-1.pgdg22.04+1),0.8.5,1530,1102:request:301530,1102:batch:147,-1,False,endpoint-2:worker:0,0,668556,default,endpoint-2,1,completed,,3.8002030849456787,0.0020036697387695312,301530,1,179,11,107,3.796317730098963,1785485295.1920362,1785485298.9883537,1785485295.1920753,1785485298.9860358,1785485298.9881413,3.7939609345048666,0.002105552703142166
5,prefix_cache_routing_4ep_1.5b_hitrate,formal,1,1102,18.4 (Ubuntu 18.4-1.pgdg22.04+1),0.8.5,1531,1102:request:301531,1102:batch:147,-1,False,endpoint-0:worker:0,0,668553,default,endpoint-0,0,completed,,5.720705270767212,0.0016684532165527344,301531,1,346,42,156,5.714011445641518,1785485295.1935952,1785485300.9076064,1785485295.1936378,1785485300.9056177,1785485300.9074783,5.711979949846864,0.0018603801727294922
5,prefix_cache_routing_4ep_1.5b_hitrate,formal,1,1102,18.4 (Ubuntu 18.4-1.pgdg22.04+1),0.8.5,1532,1102:request:301532,1102:batch:147,-1,False,endpoint-2:worker:0,0,668556,default,endpoint-2,1,completed,,4.2456347942352295,0.0013124942779541016,301532,1,374,83,114,4.242286955937743,1785485295.1958075,1785485299.4380946,1785485295.1958456,1785485299.435614,1785485299.4378004,4.2397690657526255,0.002186112105846405
5,prefix_cache_routing_4ep_1.5b_hitrate,formal,1,1102,18.4 (Ubuntu 18.4-1.pgdg22.04+1),0.8.5,1533,1102:request:301533,1102:batch:147,-1,False,endpoint-2:worker:0,0,668556,default,endpoint-2,1,completed,,5.641361713409424,0.0017709732055664062,301533,1,546,129,211,5.638033302500844,1785485295.2069855,1785485300.8450186,1785485295.2070186,1785485300.8439367,1785485300.8448617,5.6369185205549,0.0009248275309801102
5,prefix_cache_routing_4ep_1.5b_hitrate,formal,1,1102,18.4 (Ubuntu 18.4-1.pgdg22.04+1),0.8.5,1534,1102:request:301534,1102:batch:147,-1,False,endpoint-1:worker:0,0,668554,default,endpoint-1,0,completed,,5.76323676109314,0.0050220489501953125,301534,1,623,188,97,5.756720531731844,1785485295.2369132,1785485300.9936335,1785485295.2369523,1785485300.9924035,1785485300.9934158,5.75545179285109,0.0010118354111909866
5,prefix_cache_routing_4ep_1.5b_hitrate,formal,1,1102,18.4 (Ubuntu 18.4-1.pgdg22.04+1),0.8.5,1535,1102:request:301535,1102:batch:147,-1,False,endpoint-1:worker:0,0,668554,default,endpoint-1,0,completed,,5.752283573150635,0.0017516613006591797,301535,1,1148,375,119,5.747044865041971,1785485295.2775853,1785485301.02463,1785485295.2776127,1785485301.0229626,1785485301.0243638,5.745350474491715,0.0014003198593854904
5,prefix_cache_routing_4ep_1.5b_hitrate,formal,1,1102,18.4 (Ubuntu 18.4-1.pgdg22.04+1),0.8.5,1536,1102:request:301536,1102:batch:147,-1,False,endpoint-1:worker:0,0,668554,default,endpoint-1,0,completed,,5.756644010543823,0.001443624496459961,301536,1,837,385,143,5.746604906395078,1785485295.2795203,1785485301.026125,1785485295.2795572,1785485301.0249603,1785485301.0259416,5.745403224602342,0.000981191173195839
5,prefix_cache_routing_4ep_1.5b_hitrate,formal,1,1102,18.4 (Ubuntu 18.4-1.pgdg22.04+1),0.8.5,1537,1102:request:301537,1102:batch:148,-1,False,endpoint-0:worker:0,0,668553,default,endpoint-0,0,completed,,3.00536847114563,0.002056121826171875,301537,1,1198,694,93,3.0018140971660614,1785485295.3273,1785485298.329114,1785485295.3273513,1785485298.3279214,1785485298.3288128,3.000570112839341,0.0008912403136491776
5,prefix_cache_routing_4ep_1.5b_hitrate,formal,1,1102,18.4 (Ubuntu 18.4-1.pgdg22.04+1),0.8.5,1538,1102:request:301538,1102:batch:148,-1,False,endpoint-2:worker:0,0,668556,default,endpoint-2,1,completed,,5.66705584526062,0.0018663406372070312,301538,1,651,108,152,5.663870695978403,1785485295.3309503,1785485300.9948208,1785485295.3309877,1785485300.993649,1785485300.9946508,5.662661174312234,0.0010019224137067795
5,prefix_cache_routing_4ep_1.5b_hitrate,formal,1,1102,18.4 (Ubuntu 18.4-1.pgdg22.04+1),0.8.5,1539,1102:request:301539,1102:batch:148,-1,False,endpoint-2:worker:0,0,668556,default,endpoint-2,1,completed,,5.636194229125977,0.0020151138305664062,301539,1,780,192,172,5.630252676084638,1785485295.4246495,1785485301.054902,1785485295.4246893,1785485301.053355,1785485301.0546203,5.628665948286653,0.0012648999691009521
5,prefix_cache_routing_4ep_1.5b_hitrate,formal,1,1102,18.4 (Ubuntu 18.4-1.pgdg22.04+1),0.8.5,1540,1102:request:301540,1102:batch:148,-1,False,endpoint-2:worker:0,0,668556,default,endpoint-2,1,completed,,5.633269548416138,0.0014564990997314453,301540,1,1143,469,168,5.62863608263433,1785485295.4283397,1785485301.0569758,1785485295.4283793,1785485301.0553246,1785485301.056642,5.626945437863469,0.0013171061873435974
5,prefix_cache_routing_4ep_1.5b_hitrate,formal,1,1102,18.4 (Ubuntu 18.4-1.pgdg22.04+1),0.8.5,1541,1102:request:301541,1102:batch:148,-1,False,endpoint-1:worker:0,0,668554,default,endpoint-1,0,completed,,5.792568683624268,0.0019249916076660156,301541,1,1498,760,160,5.788735451176763,1785485295.4671311,1785485301.2558663,1785485295.4671624,1785485301.2534573,1785485301.255415,5.786296311765909,0.001956416293978691
5,prefix_cache_routing_4ep_1.5b_hitrate,formal,1,1102,18.4 (Ubuntu 18.4-1.pgdg22.04+1),0.8.5,1542,1102:request:301542,1102:batch:148,-1,False,endpoint-0:worker:0,0,668553,default,endpoint-0,0,completed,,5.657235383987427,0.0027627944946289062,301542,1,597,238,122,5.65191057138145,1785485295.4706492,1785485301.1225593,1785485295.4707367,1785485301.1203637,1785485301.1222687,5.649627158418298,0.001904526725411415
5,prefix_cache_routing_4ep_1.5b_hitrate,formal,1,1102,18.4 (Ubuntu 18.4-1.pgdg22.04+1),0.8.5,1543,1102:request:301543,1102:batch:148,-1,False,endpoint-0:worker:0,0,668553,default,endpoint-0,0,completed,,5.630945205688477,0.002093791961669922,301543,1,983,491,142,5.626930268481374,1785485295.5720952,1785485301.1990254,1785485295.5721333,1785485301.1969671,1785485301.198774,5.624834418296814,0.001806359738111496
5,prefix_cache_routing_4ep_1.5b_hitrate,formal,1,1102,18.4 (Ubuntu 18.4-1.pgdg22.04+1),0.8.5,1544,1102:request:301544,1102:batch:148,-1,False,endpoint-2:worker:0,0,668556,default,endpoint-2,1,completed,,4.003405809402466,0.002487659454345703,301544,1,1158,698,105,3.997152477502823,1785485295.6427903,1785485299.6399426,1785485295.6428664,1785485299.636994,1785485299.639321,3.9941281359642744,0.00232657790184021
5,prefix_cache_routing_4ep_1.5b_hitrate,formal,1,1102,18.4 (Ubuntu 18.4-1.pgdg22.04+1),0.8.5,1545,1102:request:301545,1102:batch:149,-1,False,endpoint-2:worker:0,0,668556,default,endpoint-2,1,completed,,5.725083589553833,0.0022745132446289062,301545,1,1412,813,186,5.719694687053561,1785485295.685431,1785485301.4051256,1785485295.685465,1785485301.4029508,1785485301.4044542,5.717486156150699,0.0015032067894935608
5,prefix_cache_routing_4ep_1.5b_hitrate,formal,1,1102,18.4 (Ubuntu 18.4-1.pgdg22.04+1),0.8.5,1546,1102:request:301546,1102:batch:149,-1,False,endpoint-1:worker:0,0,668554,default,endpoint-1,0,completed,,5.795512676239014,0.0023262500762939453,301546,1,600,222,120,5.791246023029089,1785485295.6874256,1785485301.4786706,1785485295.6874952,1785485301.4765744,1785485301.4784575,5.7890800051391125,0.0018820315599441528
5,prefix_cache_routing_4ep_1.5b_hitrate,formal,1,1102,18.4 (Ubuntu 18.4-1.pgdg22.04+1),0.8.5,1547,1102:request:301547,1102:batch:149,-1,False,endpoint-0:worker:0,0,668553,default,endpoint-0,0,completed,,5.672785997390747,0.0017848014831542969,301547,1,972,460,80,5.668978633359075,1785485295.7280195,1785485301.396998,1785485295.728056,1785485301.395768,1785485301.3967385,5.667712114751339,0.0009701382368803024
5,prefix_cache_routing_4ep_1.5b_hitrate,formal,1,1102,18.4 (Ubuntu 18.4-1.pgdg22.04+1),0.8.5,1548,1102:request:301548,1102:batch:149,-1,False,endpoint-2:worker:0,0,668556,default,endpoint-2,1,completed,,5.6652233600616455,0.0042209625244140625,301548,1,1062,536,74,5.658960221335292,1785485295.8011935,1785485301.4601533,1785485295.8013506,1785485301.4583657,1785485301.4597433,5.65698879212141,0.0013772286474704742
5,prefix_cache_routing_4ep_1.5b_hitrate,formal,1,1102,18.4 (Ubuntu 18.4-1.pgdg22.04+1),0.8.5,1549,1102:request:301549,1102:batch:149,-1,False,endpoint-1:worker:0,0,668554,default,endpoint-1,0,completed,,5.787313938140869,0.0024471282958984375,301549,1,1392,798,221,5.783000646159053,1785485295.8558645,1785485301.638864,1785485295.8560057,1785485301.6377923,1785485301.6384704,5.7817863170057535,0.0006780195981264114
5,prefix_cache_routing_4ep_1.5b_hitrate,formal,1,1102,18.4 (Ubuntu 18.4-1.pgdg22.04+1),0.8.5,1550,1102:request:301550,1102:batch:149,-1,False,endpoint-0:worker:0,0,668553,default,endpoint-0,0,completed,,5.641865253448486,0.0019030570983886719,301550,1,546,240,173,5.6372761111706495,1785485295.8583148,1785485301.495591,1785485295.8583665,1785485301.4927053,1785485301.4951692,5.634339511394501,0.002463502809405327
5,prefix_cache_routing_4ep_1.5b_hitrate,formal,1,1102,18.4 (Ubuntu 18.4-1.pgdg22.04+1),0.8.5,1551,1102:request:301551,1102:batch:149,-1,False,endpoint-2:worker:0,0,668556,default,endpoint-2,1,completed,,5.69657039642334,0.002799510955810547,301551,1,896,488,138,5.690175669267774,1785485295.9153376,1785485301.6055133,1785485295.915373,1785485301.6047199,1785485301.6052623,5.689347164705396,0.00054219551384449
5,prefix_cache_routing_4ep_1.5b_hitrate,formal,1,1102,18.4 (Ubuntu 18.4-1.pgdg22.04+1),0.8.5,1552,1102:request:301552,1102:batch:149,-1,False,endpoint-1:worker:0,0,668554,default,endpoint-1,0,completed,,5.757450819015503,0.0018129348754882812,301552,1,1053,589,168,5.751840153709054,1785485295.9176707,1785485301.6695106,1785485295.9177158,1785485301.667558,1785485301.66923,5.749842673540115,0.001671651378273964
5,prefix_cache_routing_4ep_1.5b_hitrate,formal,1,1102,18.4 (Ubuntu 18.4-1.pgdg22.04+1),0.8.5,1553,1102:request:301553,1102:batch:149,-1,False,endpoint-1:worker:0,0,668554,default,endpoint-1,0,completed,,5.759027719497681,0.0017917156219482422,301553,1,274,15,157,5.750978963449597,1785485295.9202812,1785485301.6712599,1785485295.9203162,1785485301.6704962,1785485301.6711493,5.750180112197995,0.0006531346589326859
5,prefix_cache_routing_4ep_1.5b_hitrate,formal,1,1102,18.4 (Ubuntu 18.4-1.pgdg22.04+1),0.8.5,1554,1102:request:301554,1102:batch:150,-1,False,endpoint-0:worker:0,0,668553,default,endpoint-0,0,completed,,5.634146451950073,0.002505064010620117,301554,1,622,241,90,5.6296970173716545,1785485295.9226995,1785485301.5523958,1785485295.9227774,1785485301.550049,1785485301.5522313,5.627271819859743,0.0021819844841957092
5,prefix_cache_routing_4ep_1.5b_hitrate,formal,1,1102,18.4 (Ubuntu 18.4-1.pgdg22.04+1),0.8.5,1555,1102:request:301555,1102:batch:150,-1,False,endpoint-3:worker:0,0,668555,default,endpoint-3,1,completed,,8.648515701293945,0.0017583370208740234,301555,1,1059,548,154,8.585234249010682,1785485295.9244576,1785485304.5096917,1785485295.9245138,1785485304.5047455,1785485304.5094817,8.580231444910169,0.004736211150884628
5,prefix_cache_routing_4ep_1.5b_hitrate,formal,1,1102,18.4 (Ubuntu 18.4-1.pgdg22.04+1),0.8.5,1556,1102:request:301556,1102:batch:150,-1,False,endpoint-1:worker:0,0,668554,default,endpoint-1,0,completed,,5.751814365386963,0.0014133453369140625,301556,1,375,95,164,5.743663998320699,1785485295.9265375,1785485301.6702013,1785485295.9265723,1785485301.6684573,1785485301.6700652,5.7418853640556335,0.0016075372695922852
5,prefix_cache_routing_4ep_1.5b_hitrate,formal,1,1102,18.4 (Ubuntu 18.4-1.pgdg22.04+1),0.8.5,1557,1102:request:301557,1102:batch:150,-1,False,endpoint-2:worker:0,0,668556,default,endpoint-2,1,completed,,5.709151268005371,0.0019297599792480469,301557,1,585,256,173,5.697283912450075,1785485295.928796,1785485301.62608,1785485295.9288383,1785485301.6245117,1785485301.625754,5.6956741604954,0.0012422073632478714
5,prefix_cache_routing_4ep_1.5b_hitrate,formal,1,1102,18.4 (Ubuntu 18.4-1.pgdg22.04+1),0.8.5,1558,1102:request:301558,1102:batch:150,-1,False,endpoint-2:worker:0,0,668556,default,endpoint-2,1,completed,,5.7031090259552,0.001890420913696289,301558,1,877,491,205,5.695832889527082,1785485295.932191,1785485301.6280239,1785485295.9322243,1785485301.6267567,1785485301.6278079,5.694532232359052,0.001051170751452446
5,prefix_cache_routing_4ep_1.5b_hitrate,formal,1,1102,18.4 (Ubuntu 18.4-1.pgdg22.04+1),0.8.5,1559,1102:request:301559,1102:batch:150,-1,False,endpoint-2:worker:0,0,668556,default,endpoint-2,1,completed,,5.700780391693115,0.0018537044525146484,301559,1,314,46,147,5.6935257613658905,1785485295.9338436,1785485301.6273694,1785485295.9338768,1785485301.6264138,1785485301.6272523,5.692537175491452,0.0008383486419916153
5,prefix_cache_routing_4ep_1.5b_hitrate,formal,1,1102,18.4 (Ubuntu 18.4-1.pgdg22.04+1),0.8.5,1560,1102:request:301560,1102:batch:150,-1,False,endpoint-0:worker:0,0,668553,default,endpoint-0,0,completed,,5.213373422622681,0.001596689224243164,301560,1,750,326,201,5.210388412699103,1785485295.9376013,1785485301.1479895,1785485295.9376388,1785485301.1467612,1785485301.1477783,5.209122786298394,0.0010169707238674164
5,prefix_cache_routing_4ep_1.5b_hitrate,formal,1,1102,18.4 (Ubuntu 18.4-1.pgdg22.04+1),0.8.5,1561,1102:request:301561,1102:batch:150,-1,False,endpoint-0:worker:0,0,668553,default,endpoint-0,0,completed,,5.628536701202393,0.0011334419250488281,301561,1,1454,968,169,5.624713072553277,1785485295.9417698,1785485301.5664828,1785485295.9418204,1785485301.5652747,1785485301.5661566,5.623454418033361,0.0008815545588731766
5,prefix_cache_routing_4ep_1.5b_hitrate,formal,1,1102,18.4 (Ubuntu 18.4-1.pgdg22.04+1),0.8.5,1562,1102:request:301562,1102:batch:150,-1,False,endpoint-0:worker:0,0,668553,default,endpoint-0,0,completed,,5.629304647445679,0.001318216323852539,301562,1,574,275,189,5.623821401968598,1785485295.9441352,1785485301.5679564,1785485295.944167,1785485301.5667977,1785485301.567785,5.622630827128887,0.000987119972705841
5,prefix_cache_routing_4ep_1.5b_hitrate,formal,1,1102,18.4 (Ubuntu 18.4-1.pgdg22.04+1),0.8.5,1563,1102:request:301563,1102:batch:150,-1,False,endpoint-0:worker:0,0,668553,default,endpoint-0,0,completed,,4.96295690536499,0.001239776611328125,301563,1,717,423,164,4.957427399232984,1785485295.9477088,1785485300.905136,1785485295.9477432,1785485300.9031458,1785485300.904835,4.955402920022607,0.001688893884420395
5,prefix_cache_routing_4ep_1.5b_hitrate,formal,1,1102,18.4 (Ubuntu 18.4-1.pgdg22.04+1),0.8.5,1564,1102:request:301564,1102:batch:150,-1,False,endpoint-0:worker:0,0,668553,default,endpoint-0,0,completed,,5.656596660614014,0.0023288726806640625,301564,1,968,603,201,5.631394470110536,1785485295.9524684,1785485301.5838628,1785485295.9525075,1785485301.5822117,1785485301.583526,5.629704734310508,0.0013140011578798294
5,prefix_cache_routing_4ep_1.5b_hitrate,formal,1,1102,18.4 (Ubuntu 18.4-1.pgdg22.04+1),0.8.5,1565,1102:request:301565,1102:batch:151,-1,False,endpoint-0:worker:0,0,668553,default,endpoint-0,0,completed,,5.665227174758911,0.0015740394592285156,301565,1,1213,818,207,5.649115659296513,1785485295.9545224,1785485301.603638,1785485295.9545572,1785485301.5855484,1785485301.6033382,5.6309911124408245,0.017789825797080994
5,prefix_cache_routing_4ep_1.5b_hitrate,formal,1,1102,18.4 (Ubuntu 18.4-1.pgdg22.04+1),0.8.5,1566,1102:request:301566,1102:batch:151,-1,False,endpoint-2:worker:0,0,668556,default,endpoint-2,1,completed,,5.688445568084717,0.001379251480102539,301566,1,548,247,208,5.68217820674181,1785485295.9568205,1785485301.6389987,1785485295.9568484,1785485301.6383252,1785485301.6388204,5.681476786732674,0.0004950929433107376
5,prefix_cache_routing_4ep_1.5b_hitrate,formal,1,1102,18.4 (Ubuntu 18.4-1.pgdg22.04+1),0.8.5,1567,1102:request:301567,1102:batch:151,-1,False,endpoint-0:worker:0,0,668553,default,endpoint-0,0,completed,,5.654435873031616,0.001901388168334961,301567,1,822,481,210,5.643667297437787,1785485295.9611552,1785485301.6048217,1785485295.9612496,1785485301.5858297,1785485301.6046376,5.6245798747986555,0.01880812831223011
5,prefix_cache_routing_4ep_1.5b_hitrate,formal,1,1102,18.4 (Ubuntu 18.4-1.pgdg22.04+1),0.8.5,1568,1102:request:301568,1102:batch:151,-1,False,endpoint-2:worker:0,0,668556,default,endpoint-2,1,completed,,5.685948610305786,0.001537322998046875,301568,1,281,22,213,5.678195962682366,1785485295.9626837,1785485301.6408794,1785485295.9627244,1785485301.6396542,1785485301.640786,5.676929699257016,0.0011318139731884003
5,prefix_cache_routing_4ep_1.5b_hitrate,formal,1,1102,18.4 (Ubuntu 18.4-1.pgdg22.04+1),0.8.5,1569,1102:request:301569,1102:batch:151,-1,False,endpoint-0:worker:0,0,668553,default,endpoint-0,0,completed,,3.167271614074707,0.0015227794647216797,301569,1,326,167,114,3.16336084343493,1785485295.9719036,1785485299.135264,1785485295.971935,1785485299.1337016,1785485299.1351528,3.1617672592401505,0.0014503523707389832
5,prefix_cache_routing_4ep_1.5b_hitrate,formal,1,1102,18.4 (Ubuntu 18.4-1.pgdg22.04+1),0.8.5,1570,1102:request:301570,1102:batch:151,-1,False,endpoint-0:worker:0,0,668553,default,endpoint-0,0,completed,,5.64847207069397,0.0013098716735839844,301570,1,636,324,216,5.614569140598178,1785485295.9737353,1785485301.5883043,1785485295.973771,1785485301.584653,1785485301.58816,5.610881835222244,0.0035072043538093567
5,prefix_cache_routing_4ep_1.5b_hitrate,formal,1,1102,18.4 (Ubuntu 18.4-1.pgdg22.04+1),0.8.5,1571,1102:request:301571,1102:batch:151,-1,False,endpoint-2:worker:0,0,668556,default,endpoint-2,1,completed,,5.672394275665283,0.0016222000122070312,301571,1,391,115,211,5.664600145071745,1785485295.9757328,1785485301.6403327,1785485295.9757886,1785485301.6392996,1785485301.6401944,5.663511086255312,0.0008945614099502563
5,prefix_cache_routing_4ep_1.5b_hitrate,formal,1,1102,18.4 (Ubuntu 18.4-1.pgdg22.04+1),0.8.5,1572,1102:request:301572,1102:batch:151,-1,False,endpoint-0:worker:0,0,668553,default,endpoint-0,0,completed,,5.6619017124176025,0.0011715888977050781,301572,1,300,32,197,5.625377060845494,1785485295.9769626,1785485301.6023395,1785485295.976997,1785485301.5852623,1785485301.6022239,5.608265642076731,0.016961371526122093
5,prefix_cache_routing_4ep_1.5b_hitrate,formal,1,1102,18.4 (Ubuntu 18.4-1.pgdg22.04+1),0.8.5,1573,1102:request:301573,1102:batch:151,-1,False,endpoint-0:worker:0,0,668553,default,endpoint-0,0,completed,,5.631272792816162,0.0012388229370117188,301573,1,603,279,216,5.60758875310421,1785485295.97967,1785485301.5872586,1785485295.9797044,1785485301.5842772,1785485301.5871036,5.604573195800185,0.0028260089457035065
5,prefix_cache_routing_4ep_1.5b_hitrate,formal,1,1102,18.4 (Ubuntu 18.4-1.pgdg22.04+1),0.8.5,1574,1102:request:301574,1102:batch:151,-1,False,endpoint-0:worker:0,0,668553,default,endpoint-0,0,completed,,5.647257566452026,0.0014333724975585938,301574,1,781,432,178,5.627847943454981,1785485295.982326,1785485301.6101737,1785485295.9823623,1785485301.586112,1785485301.609951,5.603749580681324,0.023839008063077927
5,prefix_cache_routing_4ep_1.5b_hitrate,formal,1,1102,18.4 (Ubuntu 18.4-1.pgdg22.04+1),0.8.5,1575,1102:request:301575,1102:batch:151,-1,False,endpoint-0:worker:0,0,668553,default,endpoint-0,0,completed,,5.638940811157227,0.0012137889862060547,301575,1,1022,606,142,5.6170100774616,1785485295.9837606,1785485301.6007707,1785485295.9837956,1785485301.5849657,1785485301.6000342,5.601170038804412,0.015077665448188782
5,prefix_cache_routing_4ep_1.5b_hitrate,formal,1,1102,18.4 (Ubuntu 18.4-1.pgdg22.04+1),0.8.5,1576,1102:request:301576,1102:batch:151,-1,False,endpoint-0:worker:0,0,668553,default,endpoint-0,0,completed,,3.8086864948272705,0.001971721649169922,301576,1,1267,774,117,3.803555218502879,1785485296.049949,1785485299.853504,1785485296.0499938,1785485299.850759,1785485299.8531518,3.8007658813148737,0.002392007037997246
5,prefix_cache_routing_4ep_1.5b_hitrate,formal,1,1102,18.4 (Ubuntu 18.4-1.pgdg22.04+1),0.8.5,1577,1102:request:301577,1102:batch:152,-1,False,endpoint-0:worker:0,0,668553,default,endpoint-0,0,completed,,5.57526969909668,0.0016834735870361328,301577,1,1569,931,181,5.5561232808977365,1785485296.0522494,1785485301.6083724,1785485296.0522945,1785485301.6063755,1785485301.608049,5.554081238806248,0.0016733184456825256
5,prefix_cache_routing_4ep_1.5b_hitrate,formal,1,1102,18.4 (Ubuntu 18.4-1.pgdg22.04+1),0.8.5,1578,1102:request:301578,1102:batch:152,-1,False,endpoint-1:worker:0,0,668554,default,endpoint-1,0,completed,,5.795596599578857,0.0024175643920898438,301578,1,584,248,204,5.791298042982817,1785485296.0547528,1785485301.84605,1785485296.0548224,1785485301.8438337,1785485301.8457553,5.78901201672852,0.0019214004278182983
5,prefix_cache_routing_4ep_1.5b_hitrate,formal,1,1102,18.4 (Ubuntu 18.4-1.pgdg22.04+1),0.8.5,1579,1102:request:301579,1102:batch:152,-1,False,endpoint-1:worker:0,0,668554,default,endpoint-1,0,completed,,4.352511644363403,0.004498481750488281,301579,1,229,32,161,4.346437279134989,1785485296.0587015,1785485300.405139,1785485296.058735,1785485300.4038303,1785485300.4049833,4.345095913857222,0.0011526495218276978
5,prefix_cache_routing_4ep_1.5b_hitrate,formal,1,1102,18.4 (Ubuntu 18.4-1.pgdg22.04+1),0.8.5,1580,1102:request:301580,1102:batch:152,-1,False,endpoint-3:worker:0,0,668555,default,endpoint-3,1,completed,,8.459721326828003,0.0022895336151123047,301580,1,410,126,221,8.454488748684525,1785485296.0587764,1785485304.5132647,1785485296.0588372,1785485304.5059888,1785485304.513155,8.447151392698288,0.00716632604598999
5,prefix_cache_routing_4ep_1.5b_hitrate,formal,1,1102,18.4 (Ubuntu 18.4-1.pgdg22.04+1),0.8.5,1581,1102:request:301581,1102:batch:152,-1,False,endpoint-0:worker:0,0,668553,default,endpoint-0,0,completed,,5.553751468658447,0.0017366409301757812,301581,1,466,165,205,5.548626329749823,1785485296.0608468,1785485301.6094728,1785485296.0608912,1785485301.60676,1785485301.609342,5.545868745073676,0.002582170069217682
5,prefix_cache_routing_4ep_1.5b_hitrate,formal,1,1102,18.4 (Ubuntu 18.4-1.pgdg22.04+1),0.8.5,1582,1102:request:301582,1102:batch:152,-1,False,endpoint-1:worker:0,0,668554,default,endpoint-1,0,completed,,4.185527801513672,0.0017249584197998047,301582,1,828,534,155,4.182154206559062,1785485296.1002274,1785485300.282381,1785485296.1002688,1785485300.280738,1785485300.2820623,4.180469708517194,0.0013236720114946365
5,prefix_cache_routing_4ep_1.5b_hitrate,formal,1,1102,18.4 (Ubuntu 18.4-1.pgdg22.04+1),0.8.5,1583,1102:request:301583,1102:batch:152,-1,False,endpoint-2:worker:0,0,668556,default,endpoint-2,1,completed,,5.711285829544067,0.0020623207092285156,301583,1,1074,672,223,5.706358416005969,1785485296.1475878,1785485301.853946,1785485296.1476324,1785485301.8528535,1785485301.8536417,5.705221671611071,0.0007874574512243271
5,prefix_cache_routing_4ep_1.5b_hitrate,formal,1,1102,18.4 (Ubuntu 18.4-1.pgdg22.04+1),0.8.5,1584,1102:request:301584,1102:batch:152,-1,False,endpoint-2:worker:0,0,668556,default,endpoint-2,1,completed,,5.708146572113037,0.00266265869140625,301584,1,1580,1084,224,5.703051580116153,1785485296.1521697,1785485301.855221,1785485296.1522481,1785485301.8542955,1785485301.8548982,5.7020475417375565,0.0006026085466146469
5,prefix_cache_routing_4ep_1.5b_hitrate,formal,1,1102,18.4 (Ubuntu 18.4-1.pgdg22.04+1),0.8.5,1585,1102:request:301585,1102:batch:152,-1,False,endpoint-1:worker:0,0,668554,default,endpoint-1,0,completed,,5.808293342590332,0.001814126968383789,301585,1,352,74,179,5.794986499473453,1785485296.1537259,1785485301.9487116,1785485296.1537588,1785485301.9463563,1785485301.9486067,5.792597288265824,0.002250632271170616
5,prefix_cache_routing_4ep_1.5b_hitrate,formal,1,1102,18.4 (Ubuntu 18.4-1.pgdg22.04+1),0.8.5,1586,1102:request:301586,1102:batch:152,-1,False,endpoint-1:worker:0,0,668554,default,endpoint-1,0,completed,,5.795596361160278,0.0015358924865722656,301586,1,877,500,216,5.788994491100311,1785485296.1562755,1785485301.9452698,1785485296.1563082,1785485301.943125,1785485301.9448152,5.786817919462919,0.001689353957772255
5,prefix_cache_routing_4ep_1.5b_hitrate,formal,1,1102,18.4 (Ubuntu 18.4-1.pgdg22.04+1),0.8.5,1587,1102:request:301587,1102:batch:153,-1,False,endpoint-2:worker:0,0,668556,default,endpoint-2,1,completed,,5.713905096054077,0.0014379024505615234,301587,1,1400,922,199,5.706585204228759,1785485296.1595256,1785485301.8661108,1785485296.159561,1785485301.8640673,1785485301.865857,5.704506389796734,0.0017895158380270004
5,prefix_cache_routing_4ep_1.5b_hitrate,formal,1,1102,18.4 (Ubuntu 18.4-1.pgdg22.04+1),0.8.5,1588,1102:request:301588,1102:batch:153,-1,False,endpoint-1:worker:0,0,668554,default,endpoint-1,0,completed,,5.789689302444458,0.0014734268188476562,301588,1,659,321,203,5.784514408558607,1785485296.1627245,1785485301.9472387,1785485296.1627588,1785485301.945641,1785485301.9470472,5.782882058992982,0.001405920833349228
5,prefix_cache_routing_4ep_1.5b_hitrate,formal,1,1102,18.4 (Ubuntu 18.4-1.pgdg22.04+1),0.8.5,1589,1102:request:301589,1102:batch:153,-1,False,endpoint-1:worker:0,0,668554,default,endpoint-1,0,completed,,5.799285173416138,0.0026056766510009766,301589,1,1113,677,196,5.782215382903814,1785485296.1658344,1785485301.9480495,1785485296.165868,1785485301.9460213,1785485301.9478016,5.780153039842844,0.0017803870141506195
5,prefix_cache_routing_4ep_1.5b_hitrate,formal,1,1102,18.4 (Ubuntu 18.4-1.pgdg22.04+1),0.8.5,1590,1102:request:301590,1102:batch:153,-1,False,endpoint-2:worker:0,0,668556,default,endpoint-2,1,completed,,5.701543807983398,0.0017633438110351562,301590,1,1528,1024,191,5.696412943303585,1785485296.1689432,1785485301.865356,1785485296.1689901,1785485301.863591,1785485301.8650312,5.694600874558091,0.0014401543885469437
5,prefix_cache_routing_4ep_1.5b_hitrate,formal,1,1102,18.4 (Ubuntu 18.4-1.pgdg22.04+1),0.8.5,1591,1102:request:301591,1102:batch:153,-1,False,endpoint-2:worker:0,0,668556,default,endpoint-2,1,completed,,5.703775405883789,0.01127004623413086,301591,1,859,493,191,5.687250778079033,1785485296.203269,1785485301.8905196,1785485296.2033012,1785485301.8860734,1785485301.8903441,5.682772172614932,0.004270952194929123
5,prefix_cache_routing_4ep_1.5b_hitrate,formal,1,1102,18.4 (Ubuntu 18.4-1.pgdg22.04+1),0.8.5,1592,1102:request:301592,1102:batch:153,-1,False,endpoint-2:worker:0,0,668556,default,endpoint-2,1,completed,,5.050142526626587,0.009310483932495117,301592,1,1345,902,175,5.038767248392105,1785485296.2056935,1785485301.2444608,1785485296.2057278,1785485301.2421818,1785485301.2440336,5.036454536020756,0.0018515568226575851
5,prefix_cache_routing_4ep_1.5b_hitrate,formal,1,1102,18.4 (Ubuntu 18.4-1.pgdg22.04+1),0.8.5,1593,1102:request:301593,1102:batch:153,-1,False,endpoint-2:worker:0,0,668556,default,endpoint-2,1,completed,,5.750620603561401,0.008392572402954102,301593,1,589,272,196,5.681657813489437,1785485296.2074482,1785485301.889106,1785485296.2074811,1785485301.8854742,1785485301.888968,5.677993267774582,0.00349343940615654
5,prefix_cache_routing_4ep_1.5b_hitrate,formal,1,1102,18.4 (Ubuntu 18.4-1.pgdg22.04+1),0.8.5,1594,1102:request:301594,1102:batch:154,-1,False,endpoint-2:worker:0,0,668556,default,endpoint-2,1,completed,,5.706045627593994,0.007414340972900391,301594,1,910,529,208,5.679761344566941,1785485296.2087095,1785485301.888471,1785485296.2087364,1785485301.8851602,1785485301.8882616,5.676423890516162,0.0031013861298561096
5,prefix_cache_routing_4ep_1.5b_hitrate,formal,1,1102,18.4 (Ubuntu 18.4-1.pgdg22.04+1),0.8.5,1595,1102:request:301595,1102:batch:154,-1,False,endpoint-2:worker:0,0,668556,default,endpoint-2,1,completed,,2.9542808532714844,0.009018421173095703,301595,1,1013,726,110,2.9432342033833265,1785485296.2147295,1785485299.1579633,1785485296.2147722,1785485299.1552138,1785485299.1574605,2.9404424019157887,0.002246139571070671
5,prefix_cache_routing_4ep_1.5b_hitrate,formal,1,1102,18.4 (Ubuntu 18.4-1.pgdg22.04+1),0.8.5,1596,1102:request:301596,1102:batch:154,-1,False,endpoint-2:worker:0,0,668556,default,endpoint-2,1,completed,,4.140624761581421,0.0061223506927490234,301596,1,1337,947,162,4.131530990824103,1785485296.2161644,1785485300.3476954,1785485296.2162006,1785485300.3464031,1785485300.347407,4.130202615633607,0.0010038278996944427
5,prefix_cache_routing_4ep_1.5b_hitrate,formal,1,1102,18.4 (Ubuntu 18.4-1.pgdg22.04+1),0.8.5,1597,1102:request:301597,1102:batch:154,-1,False,endpoint-2:worker:0,0,668556,default,endpoint-2,1,completed,,5.690449953079224,0.006870746612548828,301597,1,666,342,198,5.668917007744312,1785485296.2188437,1785485301.8877606,1785485296.2188795,1785485301.8848083,1785485301.887572,5.66592881642282,0.0027637984603643417
5,prefix_cache_routing_4ep_1.5b_hitrate,formal,1,1102,18.4 (Ubuntu 18.4-1.pgdg22.04+1),0.8.5,1598,1102:request:301598,1102:batch:154,-1,False,endpoint-2:worker:0,0,668556,default,endpoint-2,1,completed,,5.679153680801392,0.005751848220825195,301598,1,833,476,208,5.663287527859211,1785485296.2211897,1785485301.884477,1785485296.2212245,1785485301.8835866,1785485301.8842611,5.662362214177847,0.000674346461892128
5,prefix_cache_routing_4ep_1.5b_hitrate,formal,1,1102,18.4 (Ubuntu 18.4-1.pgdg22.04+1),0.8.5,1599,1102:request:301599,1102:batch:154,-1,False,endpoint-2:worker:0,0,668556,default,endpoint-2,1,completed,,5.679265260696411,0.002710580825805664,301599,1,1404,939,206,5.670292980968952,1785485296.2228148,1785485301.8931077,1785485296.2228534,1785485301.8869488,1785485301.892871,5.6640954576432705,0.005922142416238785
5,prefix_cache_routing_4ep_1.5b_hitrate,formal,1,1102,18.4 (Ubuntu 18.4-1.pgdg22.04+1),0.8.5,1600,1102:request:301600,1102:batch:154,-1,False,endpoint-2:worker:0,0,668556,default,endpoint-2,1,completed,,5.679495334625244,0.0014331340789794922,301600,1,1646,1134,185,5.666462438181043,1785485296.2249382,1785485301.8914008,1785485296.2249732,1785485301.8863652,1785485301.8911006,5.661391880363226,0.004735300317406654
5,prefix_cache_routing_4ep_1.5b_hitrate,formal,1,1102,18.4 (Ubuntu 18.4-1.pgdg22.04+1),0.8.5,1601,1102:request:301601,1102:batch:155,-1,False,endpoint-3:worker:0,0,668555,default,endpoint-3,1,completed,,8.313397645950317,0.0024993419647216797,301601,1,686,329,191,8.283327424898744,1785485296.2281046,1785485304.5114315,1785485296.228189,1785485304.5053697,1785485304.511279,8.277180572971702,0.005909351631999016
5,prefix_cache_routing_4ep_1.5b_hitrate,formal,1,1102,18.4 (Ubuntu 18.4-1.pgdg22.04+1),0.8.5,1602,1102:request:301602,1102:batch:155,-1,False,endpoint-2:worker:0,0,668556,default,endpoint-2,1,completed,,5.683434963226318,0.0014011859893798828,301602,1,1258,758,193,5.661806479096413,1785485296.2304218,1785485301.892228,1785485296.230467,1785485301.8866498,1785485301.8920112,5.656182559207082,0.00536143034696579
5,prefix_cache_routing_4ep_1.5b_hitrate,formal,1,1102,18.4 (Ubuntu 18.4-1.pgdg22.04+1),0.8.5,1603,1102:request:301603,1102:batch:155,-1,False,endpoint-2:worker:0,0,668556,default,endpoint-2,1,completed,,5.680142879486084,0.0015141963958740234,301603,1,698,334,197,5.656526446342468,1785485296.23327,1785485301.889796,1785485296.2333128,1785485301.8857794,1785485301.8896334,5.652466703206301,0.0038541648536920547
5,prefix_cache_routing_4ep_1.5b_hitrate,formal,1,1102,18.4 (Ubuntu 18.4-1.pgdg22.04+1),0.8.5,1604,1102:request:301604,1102:batch:155,-1,False,endpoint-2:worker:0,0,668556,default,endpoint-2,1,completed,,5.6966712474823,0.0052797794342041016,301604,1,883,484,193,5.663850672543049,1785485296.2421088,1785485301.9059594,1785485296.2421503,1785485301.8987195,1785485301.905788,5.656569005921483,0.007068270817399025
5,prefix_cache_routing_4ep_1.5b_hitrate,formal,1,1102,18.4 (Ubuntu 18.4-1.pgdg22.04+1),0.8.5,1605,1102:request:301605,1102:batch:155,-1,False,endpoint-2:worker:0,0,668556,default,endpoint-2,1,completed,,5.696457386016846,0.001245737075805664,301605,1,1138,682,192,5.65617405064404,1785485296.244898,1785485301.9010718,1785485296.24494,1785485301.8972178,1785485301.9008508,5.652277687564492,0.00363309308886528
5,prefix_cache_routing_4ep_1.5b_hitrate,formal,1,1102,18.4 (Ubuntu 18.4-1.pgdg22.04+1),0.8.5,1606,1102:request:301606,1102:batch:155,-1,False,endpoint-2:worker:0,0,668556,default,endpoint-2,1,completed,,5.661335706710815,0.001010894775390625,301606,1,1416,892,200,5.647190056741238,1785485296.2493489,1785485301.896539,1785485296.2493906,1785485301.895104,1785485301.896239,5.645713498815894,0.0011349134147167206
5,prefix_cache_routing_4ep_1.5b_hitrate,formal,1,1102,18.4 (Ubuntu 18.4-1.pgdg22.04+1),0.8.5,1607,1102:request:301607,1102:batch:155,-1,False,endpoint-1:worker:0,0,668554,default,endpoint-1,0,completed,,5.722513437271118,0.0021402835845947266,301607,1,557,241,191,5.719237517565489,1785485296.2524943,1785485301.9717314,1785485296.2525506,1785485301.970945,1785485301.9715421,5.718394072726369,0.000597069039940834
5,prefix_cache_routing_4ep_1.5b_hitrate,formal,1,1102,18.4 (Ubuntu 18.4-1.pgdg22.04+1),0.8.5,1608,1102:request:301608,1102:batch:155,-1,False,endpoint-2:worker:0,0,668556,default,endpoint-2,1,completed,,5.711775541305542,0.007702827453613281,301608,1,902,499,185,5.64077577367425,1785485296.2612333,1785485301.902009,1785485296.261283,1785485301.8975298,1785485301.9018273,5.63624706864357,0.004297485575079918
5,prefix_cache_routing_4ep_1.5b_hitrate,formal,1,1102,18.4 (Ubuntu 18.4-1.pgdg22.04+1),0.8.5,1609,1102:request:301609,1102:batch:156,-1,False,endpoint-0:worker:0,0,668553,default,endpoint-0,0,completed,,5.474277496337891,0.0019519329071044922,301609,1,1152,701,190,5.450195863842964,1785485296.2582781,1785485301.7084734,1785485296.2583392,1785485301.705207,1785485301.7082481,5.44686814211309,0.003040831536054611
5,prefix_cache_routing_4ep_1.5b_hitrate,formal,1,1102,18.4 (Ubuntu 18.4-1.pgdg22.04+1),0.8.5,1610,1102:request:301610,1102:batch:156,-1,False,endpoint-0:worker:0,0,668553,default,endpoint-0,0,completed,,5.453478097915649,0.0013141632080078125,301610,1,1408,907,194,5.443185700103641,1785485296.2613108,1785485301.7044961,1785485296.261365,1785485301.7021458,1785485301.704139,5.440781569108367,0.001992562785744667
5,prefix_cache_routing_4ep_1.5b_hitrate,formal,1,1102,18.4 (Ubuntu 18.4-1.pgdg22.04+1),0.8.5,1611,1102:request:301611,1102:batch:156,-1,False,endpoint-0:worker:0,0,668553,default,endpoint-0,0,completed,,5.460755825042725,0.0011143684387207031,301611,1,700,335,178,5.445594429969788,1785485296.2638888,1785485301.7094831,1785485296.2639282,1785485301.7055302,1785485301.7093146,5.441602060571313,0.003784390166401863
5,prefix_cache_routing_4ep_1.5b_hitrate,formal,1,1102,18.4 (Ubuntu 18.4-1.pgdg22.04+1),0.8.5,1612,1102:request:301612,1102:batch:156,-1,False,endpoint-2:worker:0,0,668556,default,endpoint-2,1,completed,,5.659699201583862,0.0015976428985595703,301612,1,1054,595,180,5.631868144497275,1785485296.26823,1785485301.9000976,1785485296.2682843,1785485301.8968651,1785485301.8998697,5.62858060374856,0.0030045341700315475
5,prefix_cache_routing_4ep_1.5b_hitrate,formal,1,1102,18.4 (Ubuntu 18.4-1.pgdg22.04+1),0.8.5,1613,1102:request:301613,1102:batch:156,-1,False,endpoint-0:worker:0,0,668553,default,endpoint-0,0,completed,,5.449734926223755,0.0015151500701904297,301613,1,1403,858,196,5.435029609128833,1785485296.2723558,1785485301.7073848,1785485296.272412,1785485301.7048516,1785485301.7070558,5.432439560070634,0.0022039655596017838
5,prefix_cache_routing_4ep_1.5b_hitrate,formal,1,1102,18.4 (Ubuntu 18.4-1.pgdg22.04+1),0.8.5,1614,1102:request:301614,1102:batch:156,-1,False,endpoint-0:worker:0,0,668553,default,endpoint-0,0,completed,,5.461389541625977,0.0038628578186035156,301614,1,338,70,180,5.433707049116492,1785485296.2767513,1785485301.710458,1785485296.276787,1785485301.7058387,1785485301.7103548,5.429051699116826,0.0045160651206970215
5,prefix_cache_routing_4ep_1.5b_hitrate,formal,1,1102,18.4 (Ubuntu 18.4-1.pgdg22.04+1),0.8.5,1615,1102:request:301615,1102:batch:156,-1,False,endpoint-0:worker:0,0,668553,default,endpoint-0,0,completed,,5.458966016769409,0.0032236576080322266,301615,1,667,330,195,5.433570835739374,1785485296.2779431,1785485301.7115138,1785485296.277986,1785485301.706132,1785485301.7113504,5.428145878016949,0.005218693986535072
5,prefix_cache_routing_4ep_1.5b_hitrate,formal,1,1102,18.4 (Ubuntu 18.4-1.pgdg22.04+1),0.8.5,1616,1102:request:301616,1102:batch:156,-1,False,endpoint-2:worker:0,0,668556,default,endpoint-2,1,completed,,5.645263433456421,0.0017631053924560547,301616,1,866,475,200,5.625708835199475,1785485296.2792337,1785485301.9049423,1785485296.279298,1785485301.8984177,1785485301.904777,5.619119446724653,0.006359254941344261
5,prefix_cache_routing_4ep_1.5b_hitrate,formal,1,1102,18.4 (Ubuntu 18.4-1.pgdg22.04+1),0.8.5,1617,1102:request:301617,1102:batch:157,-1,False,endpoint-2:worker:0,0,668556,default,endpoint-2,1,completed,,5.646830081939697,0.0022161006927490234,301617,1,1271,789,195,5.621712321415544,1785485296.2822487,1785485301.903961,1785485296.282293,1785485301.8981328,1785485301.9037306,5.615839798003435,0.005597881972789764
5,prefix_cache_routing_4ep_1.5b_hitrate,formal,1,1102,18.4 (Ubuntu 18.4-1.pgdg22.04+1),0.8.5,1618,1102:request:301618,1102:batch:157,-1,False,endpoint-1:worker:0,0,668554,default,endpoint-1,0,completed,,4.469242572784424,0.0020036697387695312,301618,1,1454,974,168,4.464110746979713,1785485296.32525,1785485300.78936,1785485296.325307,1785485300.7869103,1785485300.78903,4.461603017523885,0.002120012417435646
5,prefix_cache_routing_4ep_1.5b_hitrate,formal,1,1102,18.4 (Ubuntu 18.4-1.pgdg22.04+1),0.8.5,1619,1102:request:301619,1102:batch:157,-1,False,endpoint-2:worker:0,0,668556,default,endpoint-2,1,completed,,5.594995021820068,0.0023047924041748047,301619,1,548,239,207,5.5794003661721945,1785485296.3275454,1785485301.9069452,1785485296.327626,1785485301.8990037,1785485301.9068224,5.571377411484718,0.00781874917447567
5,prefix_cache_routing_4ep_1.5b_hitrate,formal,1,1102,18.4 (Ubuntu 18.4-1.pgdg22.04+1),0.8.5,1620,1102:request:301620,1102:batch:157,-1,False,endpoint-0:worker:0,0,668553,default,endpoint-0,0,completed,,5.636861562728882,0.0017595291137695312,301620,1,821,465,197,5.59057398699224,1785485296.3296332,1785485301.9202068,1785485296.3296874,1785485301.9177072,1785485301.920009,5.588019911199808,0.0023014117032289505
5,prefix_cache_routing_4ep_1.5b_hitrate,formal,1,1102,18.4 (Ubuntu 18.4-1.pgdg22.04+1),0.8.5,1621,1102:request:301621,1102:batch:157,-1,False,endpoint-0:worker:0,0,668553,default,endpoint-0,0,completed,,5.61573338508606,0.0014421939849853516,301621,1,1208,761,220,5.590687008574605,1785485296.3328044,1785485301.923491,1785485296.33286,1785485301.9186995,1785485301.9232361,5.5858395751565695,0.00453655980527401
5,prefix_cache_routing_4ep_1.5b_hitrate,formal,1,1102,18.4 (Ubuntu 18.4-1.pgdg22.04+1),0.8.5,1622,1102:request:301622,1102:batch:157,-1,False,endpoint-2:worker:0,0,668556,default,endpoint-2,1,completed,,5.586427211761475,0.0017344951629638672,301622,1,661,319,218,5.567967852577567,1785485296.334965,1785485301.9029324,1785485296.3350027,1785485301.8978293,1785485301.9027736,5.562826808542013,0.004943976178765297
5,prefix_cache_routing_4ep_1.5b_hitrate,formal,1,1102,18.4 (Ubuntu 18.4-1.pgdg22.04+1),0.8.5,1623,1102:request:301623,1102:batch:157,-1,False,endpoint-0:worker:0,0,668553,default,endpoint-0,0,completed,,5.5892884731292725,0.0012705326080322266,301623,1,861,485,196,5.585145518183708,1785485296.3371818,1785485301.922327,1785485296.3372178,1785485301.9183898,1785485301.922158,5.581172067672014,0.003768259659409523
5,prefix_cache_routing_4ep_1.5b_hitrate,formal,1,1102,18.4 (Ubuntu 18.4-1.pgdg22.04+1),0.8.5,1624,1102:request:301624,1102:batch:157,-1,False,endpoint-0:worker:0,0,668553,default,endpoint-0,0,completed,,5.5923895835876465,0.0013523101806640625,301624,1,1273,798,176,5.581221126019955,1785485296.3400805,1785485301.9213014,1785485296.340117,1785485301.9180634,1785485301.9210496,5.577946234494448,0.0029864665120840073
5,prefix_cache_routing_4ep_1.5b_hitrate,formal,1,1102,18.4 (Ubuntu 18.4-1.pgdg22.04+1),0.8.5,1625,1102:request:301625,1102:batch:158,-1,False,endpoint-1:worker:0,0,668554,default,endpoint-1,0,completed,,5.7533934116363525,0.0023529529571533203,301625,1,1568,1028,195,5.748267935588956,1785485296.3825185,1785485302.130786,1785485296.3825834,1785485302.128907,1785485302.1303675,5.746324611827731,0.0014593768864870071
5,prefix_cache_routing_4ep_1.5b_hitrate,formal,1,1102,18.4 (Ubuntu 18.4-1.pgdg22.04+1),0.8.5,1626,1102:request:301626,1102:batch:158,-1,False,endpoint-0:worker:0,0,668553,default,endpoint-0,0,completed,,5.543344020843506,0.0040509700775146484,301626,1,619,299,203,5.532618056982756,1785485296.386496,1785485301.9191139,1785485296.386566,1785485301.9146845,1785485301.9189098,5.528119366616011,0.004224427044391632
5,prefix_cache_routing_4ep_1.5b_hitrate,formal,1,1102,18.4 (Ubuntu 18.4-1.pgdg22.04+1),0.8.5,1627,1102:request:301627,1102:batch:158,-1,False,endpoint-2:worker:0,0,668556,default,endpoint-2,1,completed,,5.530962228775024,0.002512693405151367,301627,1,928,544,196,5.520581459626555,1785485296.3888965,1785485301.9094777,1785485296.388937,1785485301.907524,1785485301.909272,5.51858695410192,0.0017479360103607178
5,prefix_cache_routing_4ep_1.5b_hitrate,formal,1,1102,18.4 (Ubuntu 18.4-1.pgdg22.04+1),0.8.5,1628,1102:request:301628,1102:batch:158,-1,False,endpoint-2:worker:0,0,668556,default,endpoint-2,1,completed,,5.555166959762573,0.0013663768768310547,301628,1,1330,863,197,5.519635172560811,1785485296.3910663,1785485301.9107013,1785485296.3911052,1785485301.9078832,1785485301.9104435,5.516778063029051,0.0025601722300052643
5,prefix_cache_routing_4ep_1.5b_hitrate,formal,1,1102,18.4 (Ubuntu 18.4-1.pgdg22.04+1),0.8.5,1629,1102:request:301629,1102:batch:158,-1,False,endpoint-2:worker:0,0,668556,default,endpoint-2,1,completed,,5.544046401977539,0.001081705093383789,301629,1,1572,1050,186,5.517326490953565,1785485296.3946524,1785485301.9119787,1785485296.3946931,1785485301.9082034,1785485301.9116921,5.513510055840015,0.003488607704639435
5,prefix_cache_routing_4ep_1.5b_hitrate,formal,1,1102,18.4 (Ubuntu 18.4-1.pgdg22.04+1),0.8.5,1630,1102:request:301630,1102:batch:158,-1,False,endpoint-1:worker:0,0,668554,default,endpoint-1,0,completed,,5.688308238983154,0.0019199848175048828,301630,1,733,386,181,5.67988384142518,1785485296.4802303,1785485302.1601138,1785485296.4802697,1785485302.1585326,1785485302.159939,5.678263209760189,0.001406341791152954
5,prefix_cache_routing_4ep_1.5b_hitrate,formal,1,1102,18.4 (Ubuntu 18.4-1.pgdg22.04+1),0.8.5,1631,1102:request:301631,1102:batch:158,-1,False,endpoint-1:worker:0,0,668554,default,endpoint-1,0,completed,,5.700441122055054,0.002936840057373047,301631,1,1092,678,201,5.6783331502228975,1785485296.4833748,1785485302.1617072,1785485296.4834723,1785485302.1593127,1785485302.1614878,5.675839897245169,0.00217515230178833
5,prefix_cache_routing_4ep_1.5b_hitrate,formal,1,1102,18.4 (Ubuntu 18.4-1.pgdg22.04+1),0.8.5,1632,1102:request:301632,1102:batch:159,-1,False,endpoint-0:worker:0,0,668553,default,endpoint-0,0,completed,,5.696159362792969,0.0017070770263671875,301632,1,1616,1103,179,5.654503673315048,1785485296.4869006,1785485302.1414042,1785485296.4869316,1785485302.1391447,1785485302.1410837,5.652213392779231,0.001938648521900177
5,prefix_cache_routing_4ep_1.5b_hitrate,formal,1,1102,18.4 (Ubuntu 18.4-1.pgdg22.04+1),0.8.5,1633,1102:request:301633,1102:batch:159,-1,False,endpoint-1:worker:0,0,668554,default,endpoint-1,0,completed,,5.699267148971558,0.001667022705078125,301633,1,653,303,185,5.669621163979173,1785485296.4883285,1785485302.1579497,1785485296.4883661,1785485302.1564715,1785485302.1576161,5.668105872347951,0.0011444110423326492
5,prefix_cache_routing_4ep_1.5b_hitrate,formal,1,1102,18.4 (Ubuntu 18.4-1.pgdg22.04+1),0.8.5,1634,1102:request:301634,1102:batch:159,-1,False,endpoint-0:worker:0,0,668553,default,endpoint-0,0,completed,,5.656538486480713,0.0014030933380126953,301634,1,1150,707,206,5.64801324903965,1785485296.4907484,1785485302.1387618,1785485296.4907749,1785485302.1357121,1785485302.138147,5.644938359037042,0.002434544265270233
5,prefix_cache_routing_4ep_1.5b_hitrate,formal,1,1102,18.4 (Ubuntu 18.4-1.pgdg22.04+1),0.8.5,1635,1102:request:301635,1102:batch:159,-1,False,endpoint-0:worker:0,0,668553,default,endpoint-0,0,completed,,5.6648945808410645,0.0012600421905517578,301635,1,1603,1080,207,5.649356791749597,1785485296.4931989,1785485302.1425557,1785485296.493228,1785485302.139509,1785485302.142271,5.646280927583575,0.002761904150247574
5,prefix_cache_routing_4ep_1.5b_hitrate,formal,1,1102,18.4 (Ubuntu 18.4-1.pgdg22.04+1),0.8.5,1636,1102:request:301636,1102:batch:159,-1,False,endpoint-0:worker:0,0,668553,default,endpoint-0,0,completed,,5.667658805847168,0.0012316703796386719,301636,1,742,401,174,5.65010460652411,1785485296.494633,1785485302.1447375,1785485296.4946632,1785485302.1401439,1785485302.1445866,5.645480623468757,0.004442712292075157
5,prefix_cache_routing_4ep_1.5b_hitrate,formal,1,1102,18.4 (Ubuntu 18.4-1.pgdg22.04+1),0.8.5,1637,1102:request:301637,1102:batch:159,-1,False,endpoint-1:worker:0,0,668554,default,endpoint-1,0,completed,,5.681490659713745,0.0015747547149658203,301637,1,1177,745,188,5.663336860015988,1785485296.4975865,1785485302.1609232,1785485296.4976423,1785485302.158995,1785485302.1606736,5.661352759227157,0.0016785301268100739
5,prefix_cache_routing_4ep_1.5b_hitrate,formal,1,1102,18.4 (Ubuntu 18.4-1.pgdg22.04+1),0.8.5,1638,1102:request:301638,1102:batch:160,-1,False,endpoint-0:worker:0,0,668553,default,endpoint-0,0,completed,,5.65235161781311,0.0015234947204589844,301638,1,1569,1045,192,5.643598368391395,1785485296.5000997,1785485302.143698,1785485296.5001304,1785485302.1398358,1785485302.1434286,5.6397056840360165,0.00359279103577137
5,prefix_cache_routing_4ep_1.5b_hitrate,formal,1,1102,18.4 (Ubuntu 18.4-1.pgdg22.04+1),0.8.5,1639,1102:request:301639,1102:batch:160,-1,False,endpoint-3:worker:0,0,668555,default,endpoint-3,1,completed,,8.015205144882202,0.002633810043334961,301639,1,634,302,200,8.000620801001787,1785485296.502682,1785485304.5033026,1785485296.5027363,1785485304.5011685,1785485304.5030444,7.9984331000596285,0.001874661073088646
5,prefix_cache_routing_4ep_1.5b_hitrate,formal,1,1102,18.4 (Ubuntu 18.4-1.pgdg22.04+1),0.8.5,1640,1102:request:301640,1102:batch:160,-1,False,endpoint-1:worker:0,0,668554,default,endpoint-1,0,completed,,5.640519380569458,0.0020301342010498047,301640,1,1105,675,204,5.629681399092078,1785485296.5910618,1785485302.220743,1785485296.5910995,1785485302.219262,1785485302.2203069,5.628162827342749,0.0010447483509778976
5,prefix_cache_routing_4ep_1.5b_hitrate,formal,1,1102,18.4 (Ubuntu 18.4-1.pgdg22.04+1),0.8.5,1641,1102:request:301641,1102:batch:160,-1,False,endpoint-1:worker:0,0,668554,default,endpoint-1,0,completed,,5.647555351257324,0.0012557506561279297,301641,1,1548,1030,194,5.6291115693748,1785485296.594621,1785485302.2237322,1785485296.5946584,1785485302.2211158,1785485302.2234087,5.626457491889596,0.0022927522659301758
5,prefix_cache_routing_4ep_1.5b_hitrate,formal,1,1102,18.4 (Ubuntu 18.4-1.pgdg22.04+1),0.8.5,1642,1102:request:301642,1102:batch:160,-1,False,endpoint-1:worker:0,0,668554,default,endpoint-1,0,completed,,5.642066478729248,0.0018429756164550781,301642,1,371,93,181,5.630533568561077,1785485296.5967226,1785485302.227256,1785485296.5967548,1785485302.2227287,1785485302.2271597,5.625973844900727,0.0044310130178928375
5,prefix_cache_routing_4ep_1.5b_hitrate,formal,1,1102,18.4 (Ubuntu 18.4-1.pgdg22.04+1),0.8.5,1643,1102:request:301643,1102:batch:160,-1,False,endpoint-0:worker:0,0,668553,default,endpoint-0,0,completed,,5.6847546100616455,0.002420186996459961,301643,1,687,340,173,5.670559884980321,1785485296.5987594,1785485302.2693186,1785485296.598835,1785485302.2678301,1785485302.2690225,5.668995140120387,0.0011922288686037064
5,prefix_cache_routing_4ep_1.5b_hitrate,formal,1,1102,18.4 (Ubuntu 18.4-1.pgdg22.04+1),0.8.5,1644,1102:request:301644,1102:batch:160,-1,False,endpoint-1:worker:0,0,668554,default,endpoint-1,0,completed,,5.6453070640563965,0.001291036605834961,301644,1,1073,639,213,5.623618023470044,1785485296.6008322,1785485302.22445,1785485296.6008658,1785485302.2214677,1785485302.2242403,5.620601816102862,0.0027726050466299057
5,prefix_cache_routing_4ep_1.5b_hitrate,formal,1,1102,18.4 (Ubuntu 18.4-1.pgdg22.04+1),0.8.5,1645,1102:request:301645,1102:batch:161,-1,False,endpoint-1:worker:0,0,668554,default,endpoint-1,0,completed,,5.644965887069702,0.0019068717956542969,301645,1,1533,990,184,5.621986448764801,1785485296.6045825,1785485302.226569,1785485296.6046271,1785485302.2224174,1785485302.2263124,5.617790304124355,0.0038949567824602127
5,prefix_cache_routing_4ep_1.5b_hitrate,formal,1,1102,18.4 (Ubuntu 18.4-1.pgdg22.04+1),0.8.5,1646,1102:request:301646,1102:batch:161,-1,False,endpoint-1:worker:0,0,668554,default,endpoint-1,0,completed,,5.647270441055298,0.002447843551635742,301646,1,710,363,209,5.619143223389983,1785485296.6066196,1785485302.2257628,1785485296.6066628,1785485302.222112,1785485302.2256145,5.615449406206608,0.0035025011748075485
5,prefix_cache_routing_4ep_1.5b_hitrate,formal,1,1102,18.4 (Ubuntu 18.4-1.pgdg22.04+1),0.8.5,1647,1102:request:301647,1102:batch:161,-1,False,endpoint-0:worker:0,0,668553,default,endpoint-0,0,completed,,5.676273345947266,0.0015535354614257812,301647,1,1124,698,207,5.654513690620661,1785485296.619828,1785485302.2743416,1785485296.6198564,1785485302.2703125,1785485302.274128,5.6504560355097055,0.003815431147813797
5,prefix_cache_routing_4ep_1.5b_hitrate,formal,1,1102,18.4 (Ubuntu 18.4-1.pgdg22.04+1),0.8.5,1648,1102:request:301648,1102:batch:161,-1,False,endpoint-0:worker:0,0,668553,default,endpoint-0,0,completed,,5.665396690368652,0.0011920928955078125,301648,1,1401,921,179,5.656859740614891,1785485296.6220832,1785485302.2789428,1785485296.6221132,1785485302.272164,1785485302.278684,5.650050742551684,0.006519822403788567
5,prefix_cache_routing_4ep_1.5b_hitrate,formal,1,1102,18.4 (Ubuntu 18.4-1.pgdg22.04+1),0.8.5,1649,1102:request:301649,1102:batch:161,-1,False,endpoint-1:worker:0,0,668554,default,endpoint-1,0,completed,,5.624687671661377,0.002341747283935547,301649,1,618,303,186,5.6003938633948565,1785485296.6247003,1785485302.2250938,1785485296.6247709,1785485302.2217898,1785485302.2249541,5.597018755972385,0.0031643547117710114
5,prefix_cache_routing_4ep_1.5b_hitrate,formal,1,1102,18.4 (Ubuntu 18.4-1.pgdg22.04+1),0.8.5,1650,1102:request:301650,1102:batch:161,-1,False,endpoint-0:worker:0,0,668553,default,endpoint-0,0,completed,,5.676647901535034,0.0011599063873291016,301650,1,1084,675,188,5.647747298702598,1785485296.6257174,1785485302.2734647,1785485296.625748,1785485302.269793,1785485302.2732065,5.6440450474619865,0.003413306549191475
5,prefix_cache_routing_4ep_1.5b_hitrate,formal,1,1102,18.4 (Ubuntu 18.4-1.pgdg22.04+1),0.8.5,1651,1102:request:301651,1102:batch:161,-1,False,endpoint-0:worker:0,0,668553,default,endpoint-0,0,completed,,5.656270503997803,0.0012488365173339844,301651,1,1518,1021,201,5.647168161347508,1785485296.6290722,1785485302.27624,1785485296.6291058,1785485302.2712188,1785485302.2759714,5.642113026231527,0.004752349108457565
5,prefix_cache_routing_4ep_1.5b_hitrate,formal,1,1102,18.4 (Ubuntu 18.4-1.pgdg22.04+1),0.8.5,1652,1102:request:301652,1102:batch:162,-1,False,endpoint-0:worker:0,0,668553,default,endpoint-0,0,completed,,5.653846979141235,0.0014846324920654297,301652,1,528,226,173,5.6459321696311235,1785485296.6311464,1785485302.2770786,1785485296.6311789,1785485302.2715993,1785485302.2769575,5.640420643612742,0.005357932299375534
5,prefix_cache_routing_4ep_1.5b_hitrate,formal,1,1102,18.4 (Ubuntu 18.4-1.pgdg22.04+1),0.8.5,1653,1102:request:301653,1102:batch:162,-1,False,endpoint-0:worker:0,0,668553,default,endpoint-0,0,completed,,5.666024208068848,0.001012563705444336,301653,1,895,512,198,5.646693205460906,1785485296.6332133,1785485302.2799063,1785485296.6332426,1785485302.2724395,1785485302.27974,5.639196902513504,0.007300442084670067
5,prefix_cache_routing_4ep_1.5b_hitrate,formal,1,1102,18.4 (Ubuntu 18.4-1.pgdg22.04+1),0.8.5,1654,1102:request:301654,1102:batch:162,-1,False,endpoint-0:worker:0,0,668553,default,endpoint-0,0,completed,,5.673322439193726,0.0010480880737304688,301654,1,1306,839,197,5.638649126514792,1785485296.6366065,1785485302.2752554,1785485296.6366363,1785485302.2707732,1785485302.275006,5.634137229993939,0.004232589155435562
5,prefix_cache_routing_4ep_1.5b_hitrate,formal,1,1102,18.4 (Ubuntu 18.4-1.pgdg22.04+1),0.8.5,1655,1102:request:301655,1102:batch:162,-1,False,endpoint-1:worker:0,0,668554,default,endpoint-1,0,completed,,5.711365699768066,0.0017123222351074219,301655,1,1636,1101,198,5.688074931502342,1785485296.6812897,1785485302.3693645,1785485296.6813245,1785485302.3636012,1785485302.3690944,5.682276397943497,0.005493182688951492
5,prefix_cache_routing_4ep_1.5b_hitrate,formal,1,1102,18.4 (Ubuntu 18.4-1.pgdg22.04+1),0.8.5,1656,1102:request:301656,1102:batch:162,-1,False,endpoint-0:worker:0,0,668553,default,endpoint-0,0,completed,,5.625385046005249,0.0017821788787841797,301656,1,564,247,195,5.594773797318339,1785485296.6831527,1785485302.277926,1785485296.6832106,1785485302.271886,1785485302.2778046,5.588675335049629,0.005918508395552635
5,prefix_cache_routing_4ep_1.5b_hitrate,formal,1,1102,18.4 (Ubuntu 18.4-1.pgdg22.04+1),0.8.5,1657,1102:request:301657,1102:batch:162,-1,False,endpoint-1:worker:0,0,668554,default,endpoint-1,0,completed,,5.68526554107666,0.0019888877868652344,301657,1,954,556,170,5.6463802214711905,1785485296.720841,1785485302.3672206,1785485296.7208836,1785485302.3626604,1785485302.3670397,5.641776606440544,0.004379302263259888
5,prefix_cache_routing_4ep_1.5b_hitrate,formal,1,1102,18.4 (Ubuntu 18.4-1.pgdg22.04+1),0.8.5,1658,1102:request:301658,1102:batch:162,-1,False,endpoint-1:worker:0,0,668554,default,endpoint-1,0,completed,,5.675514459609985,0.0026433467864990234,301658,1,1609,1041,178,5.6450387090444565,1785485296.7235339,1785485302.3685725,1785485296.7235742,1785485302.363297,1785485302.3683074,5.639722874388099,0.005010414868593216
5,prefix_cache_routing_4ep_1.5b_hitrate,formal,1,1102,18.4 (Ubuntu 18.4-1.pgdg22.04+1),0.8.5,1659,1102:request:301659,1102:batch:163,-1,False,endpoint-1:worker:0,0,668554,default,endpoint-1,0,completed,,5.662584543228149,0.0029010772705078125,301659,1,975,551,191,5.645755214616656,1785485296.7259467,1785485302.3717017,1785485296.7259827,1785485302.3644783,1785485302.371523,5.638495780527592,0.00704427994787693
5,prefix_cache_routing_4ep_1.5b_hitrate,formal,1,1102,18.4 (Ubuntu 18.4-1.pgdg22.04+1),0.8.5,1660,1102:request:301660,1102:batch:163,-1,False,endpoint-1:worker:0,0,668554,default,endpoint-1,0,completed,,5.680872917175293,0.0025930404663085938,301660,1,1314,797,188,5.638407027348876,1785485296.7281928,1785485302.3665998,1785485296.7282336,1785485302.3623388,1785485302.366371,5.634105432778597,0.004032060503959656
5,prefix_cache_routing_4ep_1.5b_hitrate,formal,1,1102,18.4 (Ubuntu 18.4-1.pgdg22.04+1),0.8.5,1661,1102:request:301661,1102:batch:163,-1,False,endpoint-1:worker:0,0,668554,default,endpoint-1,0,completed,,5.650364875793457,0.003209829330444336,301661,1,1653,1057,195,5.638802736997604,1785485296.7313967,1785485302.3701992,1785485296.7314322,1785485302.3639026,1785485302.3699267,5.632470218464732,0.0060241445899009705
5,prefix_cache_routing_4ep_1.5b_hitrate,formal,1,1102,18.4 (Ubuntu 18.4-1.pgdg22.04+1),0.8.5,1662,1102:request:301662,1102:batch:163,-1,False,endpoint-1:worker:0,0,668554,default,endpoint-1,0,completed,,5.655381441116333,0.003556966781616211,301662,1,586,252,220,5.637677362188697,1785485296.7332187,1785485302.3708959,1785485296.7332559,1785485302.364196,1785485302.3707721,5.63094031624496,0.006576023995876312
5,prefix_cache_routing_4ep_1.5b_hitrate,formal,1,1102,18.4 (Ubuntu 18.4-1.pgdg22.04+1),0.8.5,1663,1102:request:301663,1102:batch:163,-1,False,endpoint-1:worker:0,0,668554,default,endpoint-1,0,completed,,5.666867733001709,0.003670930862426758,301663,1,1086,651,195,5.629862958565354,1785485296.7353938,1785485302.3652568,1785485296.7354352,1785485302.3616552,1785485302.3650017,5.62622020766139,0.003346215933561325
5,prefix_cache_routing_4ep_1.5b_hitrate,formal,1,1102,18.4 (Ubuntu 18.4-1.pgdg22.04+1),0.8.5,1664,1102:request:301664,1102:batch:163,-1,False,endpoint-1:worker:0,0,668554,default,endpoint-1,0,completed,,5.648623466491699,0.003667116165161133,301664,1,1511,978,191,5.628067387267947,1785485296.7378938,1785485302.3659613,1785485296.7379308,1785485302.362009,1785485302.3656776,5.624078448861837,0.0036683492362499237
5,prefix_cache_routing_4ep_1.5b_hitrate,formal,1,1102,18.4 (Ubuntu 18.4-1.pgdg22.04+1),0.8.5,1665,1102:request:301665,1102:batch:163,-1,False,endpoint-1:worker:0,0,668554,default,endpoint-1,0,completed,,5.646558523178101,0.003969669342041016,301665,1,582,257,188,5.628151968121529,1785485296.7396648,1785485302.367817,1785485296.7397017,1785485302.3629875,1785485302.3676918,5.6232855301350355,0.004704490303993225
5,prefix_cache_routing_4ep_1.5b_hitrate,formal,1,1102,18.4 (Ubuntu 18.4-1.pgdg22.04+1),0.8.5,1666,1102:request:301666,1102:batch:164,-1,False,endpoint-1:worker:0,0,668554,default,endpoint-1,0,completed,,5.636259078979492,0.00419163703918457,301666,1,1047,592,191,5.6194236390292645,1785485296.741864,1785485302.3612876,1785485296.7419038,1785485302.3595963,1785485302.36096,5.617693280801177,0.0013630911707878113
5,prefix_cache_routing_4ep_1.5b_hitrate,formal,1,1102,18.4 (Ubuntu 18.4-1.pgdg22.04+1),0.8.5,1667,1102:request:301667,1102:batch:164,-1,False,endpoint-3:worker:0,0,668555,default,endpoint-3,1,completed,,7.770426988601685,0.0020160675048828125,301667,1,1362,825,184,7.749957261607051,1785485296.7606373,1785485304.5105944,1785485296.760681,1785485304.5050623,1785485304.5103595,7.744381545111537,0.005297139286994934
5,prefix_cache_routing_4ep_1.5b_hitrate,formal,1,1102,18.4 (Ubuntu 18.4-1.pgdg22.04+1),0.8.5,1668,1102:request:301668,1102:batch:164,-1,False,endpoint-2:worker:0,0,668556,default,endpoint-2,1,completed,,5.706377983093262,0.0024716854095458984,301668,1,1695,1085,170,5.700474143028259,1785485297.0513294,1785485302.7518032,1785485297.0513976,1785485302.7508273,1785485302.7514977,5.699429772794247,0.0006702225655317307
5,prefix_cache_routing_4ep_1.5b_hitrate,formal,1,1102,18.4 (Ubuntu 18.4-1.pgdg22.04+1),0.8.5,1669,1102:request:301669,1102:batch:164,-1,False,endpoint-2:worker:0,0,668556,default,endpoint-2,1,completed,,5.7034149169921875,0.0035066604614257812,301669,1,494,185,189,5.695886606350541,1785485297.0541298,1785485302.750017,1785485297.0541692,1785485302.7479808,1785485302.749637,5.693812867626548,0.0016554947942495346
5,prefix_cache_routing_4ep_1.5b_hitrate,formal,1,1102,18.4 (Ubuntu 18.4-1.pgdg22.04+1),0.8.5,1670,1102:request:301670,1102:batch:164,-1,False,endpoint-0:worker:0,0,668553,default,endpoint-0,0,completed,,5.644860029220581,0.002457857131958008,301670,1,1082,628,199,5.639553943648934,1785485297.0546403,1785485302.6941934,1785485297.0547347,1785485302.692139,1785485302.6936784,5.637404942885041,0.0015387143939733505
5,prefix_cache_routing_4ep_1.5b_hitrate,formal,1,1102,18.4 (Ubuntu 18.4-1.pgdg22.04+1),0.8.5,1671,1102:request:301671,1102:batch:164,-1,False,endpoint-1:worker:0,0,668554,default,endpoint-1,0,completed,,5.64670467376709,0.0020041465759277344,301671,1,1448,925,188,5.6424998342990875,1785485297.2435002,1785485302.8860004,1785485297.2435443,1785485302.88414,1785485302.8851643,5.640596617013216,0.0010234825313091278
5,prefix_cache_routing_4ep_1.5b_hitrate,formal,1,1102,18.4 (Ubuntu 18.4-1.pgdg22.04+1),0.8.5,1672,1102:request:301672,1102:batch:164,-1,False,endpoint-0:worker:0,0,668553,default,endpoint-0,0,completed,,5.634520769119263,0.003284454345703125,301672,1,704,344,180,5.628670524805784,1785485297.2465465,1785485302.8752165,1785485297.2466393,1785485302.8732572,1785485302.8747473,5.626618474721909,0.0014895852655172348
5,prefix_cache_routing_4ep_1.5b_hitrate,formal,1,1102,18.4 (Ubuntu 18.4-1.pgdg22.04+1),0.8.5,1673,1102:request:301673,1102:batch:165,-1,False,endpoint-2:worker:0,0,668556,default,endpoint-2,1,completed,,5.740272521972656,0.0022728443145751953,301673,1,1090,649,189,5.733989762142301,1785485297.5374718,1785485303.271462,1785485297.5375118,1785485303.2691236,1785485303.27067,5.73161212541163,0.0015460513532161713
5,prefix_cache_routing_4ep_1.5b_hitrate,formal,1,1102,18.4 (Ubuntu 18.4-1.pgdg22.04+1),0.8.5,1674,1102:request:301674,1102:batch:165,-1,False,endpoint-1:worker:0,0,668554,default,endpoint-1,0,completed,,5.668562173843384,0.0022449493408203125,301674,1,1568,1032,199,5.6637743804603815,1785485297.7684789,1785485303.4322531,1785485297.7685275,1785485303.4309604,1785485303.4317484,5.662433436140418,0.0007873866707086563
5,prefix_cache_routing_4ep_1.5b_hitrate,formal,1,1102,18.4 (Ubuntu 18.4-1.pgdg22.04+1),0.8.5,1675,1102:request:301675,1102:batch:165,-1,False,endpoint-2:worker:0,0,668556,default,endpoint-2,1,completed,,5.7299230098724365,0.002573251724243164,301675,1,754,376,171,5.7253101747483015,1785485297.7707417,1785485303.4960518,1785485297.7708046,1785485303.4940047,1785485303.495541,5.723200798034668,0.0015354417264461517
5,prefix_cache_routing_4ep_1.5b_hitrate,formal,1,1102,18.4 (Ubuntu 18.4-1.pgdg22.04+1),0.8.5,1676,1102:request:301676,1102:batch:165,-1,False,endpoint-3:worker:0,0,668555,default,endpoint-3,1,completed,,6.746933221817017,0.002363443374633789,301676,1,1135,675,182,6.736492546275258,1785485297.7723486,1785485304.508841,1785485297.77239,1785485304.5044243,1785485304.5086312,6.732034455984831,0.00420692004263401
5,prefix_cache_routing_4ep_1.5b_hitrate,formal,1,1102,18.4 (Ubuntu 18.4-1.pgdg22.04+1),0.8.5,1677,1102:request:301677,1102:batch:165,-1,False,endpoint-3:worker:0,0,668555,default,endpoint-3,1,completed,,6.723018646240234,0.002202749252319336,301677,1,1379,861,168,6.695952596142888,1785485297.812065,1785485304.508017,1785485297.8121095,1785485304.5040898,1785485304.507744,6.691980164498091,0.003654101863503456
5,prefix_cache_routing_4ep_1.5b_hitrate,formal,1,1102,18.4 (Ubuntu 18.4-1.pgdg22.04+1),0.8.5,1678,1102:request:301678,1102:batch:165,-1,False,endpoint-2:worker:0,0,668556,default,endpoint-2,1,completed,,5.717084646224976,0.0025284290313720703,301678,1,634,272,188,5.712949775159359,1785485297.8143518,1785485303.5273015,1785485297.8144076,1785485303.5257714,1785485303.5269315,5.7113638781011105,0.001160191372036934
5,prefix_cache_routing_4ep_1.5b_hitrate,formal,1,1102,18.4 (Ubuntu 18.4-1.pgdg22.04+1),0.8.5,1679,1102:request:301679,1102:batch:165,-1,False,endpoint-2:worker:0,0,668556,default,endpoint-2,1,completed,,5.71052098274231,0.0017764568328857422,301679,1,1141,645,183,5.705221485346556,1785485297.8526413,1785485303.5578628,1785485297.8526804,1785485303.5550175,1785485303.5569937,5.70233765989542,0.001976046711206436
5,prefix_cache_routing_4ep_1.5b_hitrate,formal,1,1102,18.4 (Ubuntu 18.4-1.pgdg22.04+1),0.8.5,1680,1102:request:301680,1102:batch:166,-1,False,endpoint-0:worker:0,0,668553,default,endpoint-0,0,completed,,5.6623570919036865,0.0019061565399169922,301680,1,1532,960,202,5.6580245438963175,1785485297.8626497,1785485303.5206742,1785485297.862684,1785485303.518661,1785485303.5200853,5.655978275462985,0.0014235135167837143
5,prefix_cache_routing_4ep_1.5b_hitrate,formal,1,1102,18.4 (Ubuntu 18.4-1.pgdg22.04+1),0.8.5,1681,1102:request:301681,1102:batch:166,-1,False,endpoint-1:worker:0,0,668554,default,endpoint-1,0,completed,,5.614122152328491,0.0026128292083740234,301681,1,813,455,182,5.609318433329463,1785485297.8651776,1785485303.4744952,1785485297.8652658,1785485303.4732213,1785485303.473992,5.6079555582255125,0.0007706694304943085
5,prefix_cache_routing_4ep_1.5b_hitrate,formal,1,1102,18.4 (Ubuntu 18.4-1.pgdg22.04+1),0.8.5,1682,1102:request:301682,1102:batch:166,-1,False,endpoint-2:worker:0,0,668556,default,endpoint-2,1,completed,,5.716792583465576,0.002572298049926758,301682,1,1218,779,195,5.712392512708902,1785485298.0306292,1785485303.7430212,1785485298.0306807,1785485303.7422264,1785485303.7427592,5.71154591999948,0.0005324389785528183
5,prefix_cache_routing_4ep_1.5b_hitrate,formal,1,1102,18.4 (Ubuntu 18.4-1.pgdg22.04+1),0.8.5,1683,1102:request:301683,1102:batch:166,-1,False,endpoint-3:worker:0,0,668555,default,endpoint-3,1,completed,,6.397531509399414,0.0025272369384765625,301683,1,1600,1087,192,6.386060638353229,1785485298.1263556,1785485304.5124164,1785485298.1264071,1785485304.5056736,1785485304.512145,6.379266487434506,0.006471250206232071
5,prefix_cache_routing_4ep_1.5b_hitrate,formal,1,1102,18.4 (Ubuntu 18.4-1.pgdg22.04+1),0.8.5,1684,1102:request:301684,1102:batch:166,-1,False,endpoint-1:worker:0,0,668554,default,endpoint-1,0,completed,,5.647843837738037,0.002525806427001953,301684,1,634,315,208,5.623460728675127,1785485298.1284428,1785485303.751903,1785485298.1285222,1785485303.7510219,1785485303.7515938,5.622499575838447,0.0005717556923627853
5,prefix_cache_routing_4ep_1.5b_hitrate,formal,1,1102,18.4 (Ubuntu 18.4-1.pgdg22.04+1),0.8.5,1685,1102:request:301685,1102:batch:166,-1,False,endpoint-3:worker:0,0,668555,default,endpoint-3,1,completed,,5.77973198890686,0.0023450851440429688,301685,1,976,613,184,5.774346340447664,1785485298.2634175,1785485304.0377638,1785485298.263465,1785485304.0361674,1785485304.037399,5.772703560069203,0.0012303683906793594
5,prefix_cache_routing_4ep_1.5b_hitrate,formal,1,1102,18.4 (Ubuntu 18.4-1.pgdg22.04+1),0.8.5,1686,1102:request:301686,1102:batch:167,-1,False,endpoint-0:worker:0,0,668553,default,endpoint-0,0,completed,,5.663234233856201,0.0021123886108398438,301686,1,1504,1005,197,5.652105705812573,1785485298.2962048,1785485303.9483106,1785485298.29624,1785485303.945868,1785485303.9474638,5.64962912350893,0.0015950687229633331
5,prefix_cache_routing_4ep_1.5b_hitrate,formal,1,1102,18.4 (Ubuntu 18.4-1.pgdg22.04+1),0.8.5,1687,1102:request:301687,1102:batch:167,-1,False,endpoint-1:worker:0,0,668554,default,endpoint-1,0,completed,,5.654291391372681,0.0028963088989257812,301687,1,731,361,188,5.649059299379587,1785485298.2987921,1785485303.9478507,1785485298.2988887,1785485303.946891,1785485303.9476082,5.648002460598946,0.0007165968418121338
5,prefix_cache_routing_4ep_1.5b_hitrate,formal,1,1102,18.4 (Ubuntu 18.4-1.pgdg22.04+1),0.8.5,1688,1102:request:301688,1102:batch:167,-1,False,endpoint-2:worker:0,0,668556,default,endpoint-2,1,completed,,5.793406248092651,0.002330303192138672,301688,1,1303,800,194,5.788313750177622,1785485298.3133397,1785485304.1016533,1785485298.3133848,1785485304.100672,1785485304.1013129,5.787288069725037,0.0006399545818567276
5,prefix_cache_routing_4ep_1.5b_hitrate,formal,1,1102,18.4 (Ubuntu 18.4-1.pgdg22.04+1),0.8.5,1689,1102:request:301689,1102:batch:167,-1,False,endpoint-2:worker:0,0,668556,default,endpoint-2,1,completed,,5.7963762283325195,0.0031452178955078125,301689,1,375,105,196,5.786780472844839,1785485298.3158584,1785485304.102639,1785485298.3158934,1785485304.1020412,1785485304.102513,5.786148007959127,0.0004716813564300537
5,prefix_cache_routing_4ep_1.5b_hitrate,formal,1,1102,18.4 (Ubuntu 18.4-1.pgdg22.04+1),0.8.5,1690,1102:request:301690,1102:batch:167,-1,False,endpoint-0:worker:0,0,668553,default,endpoint-0,0,completed,,5.66589879989624,0.002233743667602539,301690,1,745,404,190,5.658120831474662,1785485298.316612,1785485303.9747324,1785485298.3166897,1785485303.974226,1785485303.9745882,5.657536072656512,0.00036238133907318115
5,prefix_cache_routing_4ep_1.5b_hitrate,formal,1,1102,18.4 (Ubuntu 18.4-1.pgdg22.04+1),0.8.5,1691,1102:request:301691,1102:batch:167,-1,False,endpoint-0:worker:0,0,668553,default,endpoint-0,0,completed,,5.643733024597168,0.0017135143280029297,301691,1,1186,765,217,5.639570407569408,1785485298.3343754,1785485303.9739454,1785485298.334411,1785485303.9732997,1785485303.9736807,5.638888528570533,0.00038106925785541534
5,prefix_cache_routing_4ep_1.5b_hitrate,formal,1,1102,18.4 (Ubuntu 18.4-1.pgdg22.04+1),0.8.5,1692,1102:request:301692,1102:batch:167,-1,False,endpoint-3:worker:0,0,668555,default,endpoint-3,1,completed,,6.117597818374634,0.0025763511657714844,301692,1,1602,1101,186,6.063448676839471,1785485298.4436765,1785485304.5071247,1785485298.4437232,1785485304.5037234,1785485304.5067549,6.059999693185091,0.003031635656952858
5,prefix_cache_routing_4ep_1.5b_hitrate,formal,1,1102,18.4 (Ubuntu 18.4-1.pgdg22.04+1),0.8.5,1693,1102:request:301693,1102:batch:167,-1,False,endpoint-1:worker:0,0,668554,default,endpoint-1,0,completed,,5.6750404834747314,0.00225067138671875,301693,1,666,334,209,5.670175157487392,1785485298.4786084,1785485304.1487832,1785485298.4786563,1785485304.1468544,1785485304.148122,5.668198429048061,0.0012672152370214462
5,prefix_cache_routing_4ep_1.5b_hitrate,formal,1,1102,18.4 (Ubuntu 18.4-1.pgdg22.04+1),0.8.5,1694,1102:request:301694,1102:batch:168,-1,False,endpoint-1:worker:0,0,668554,default,endpoint-1,0,completed,,5.672022581100464,0.0018429756164550781,301694,1,1067,646,197,5.668825773522258,1785485298.4905443,1785485304.1593697,1785485298.4905891,1785485304.1586752,1785485304.159099,5.6680863276124,0.00042351335287094116
5,prefix_cache_routing_4ep_1.5b_hitrate,formal,1,1102,18.4 (Ubuntu 18.4-1.pgdg22.04+1),0.8.5,1695,1102:request:301695,1102:batch:168,-1,False,endpoint-2:worker:0,0,668556,default,endpoint-2,1,completed,,5.46464991569519,0.002299785614013672,301695,1,1410,919,190,5.459981428459287,1785485298.5436099,1785485304.0035908,1785485298.5436578,1785485304.0021186,1785485304.0032752,5.4584615882486105,0.001155860722064972
5,prefix_cache_routing_4ep_1.5b_hitrate,formal,1,1102,18.4 (Ubuntu 18.4-1.pgdg22.04+1),0.8.5,1696,1102:request:301696,1102:batch:168,-1,False,endpoint-1:worker:0,0,668554,default,endpoint-1,0,completed,,5.649486303329468,0.002425670623779297,301696,1,688,333,199,5.645026987418532,1785485298.5455222,1785485304.1905487,1785485298.5456116,1785485304.1890697,1785485304.190097,5.643458474427462,0.0010270141065120697
5,prefix_cache_routing_4ep_1.5b_hitrate,formal,1,1102,18.4 (Ubuntu 18.4-1.pgdg22.04+1),0.8.5,1697,1102:request:301697,1102:batch:168,-1,False,endpoint-0:worker:0,0,668553,default,endpoint-0,0,completed,,5.6296186447143555,0.002100706100463867,301697,1,1053,599,197,5.622288390994072,1785485298.5476046,1785485304.1698925,1785485298.547641,1785485304.1685786,1785485304.169441,5.620938330888748,0.0008616801351308823
5,prefix_cache_routing_4ep_1.5b_hitrate,formal,1,1102,18.4 (Ubuntu 18.4-1.pgdg22.04+1),0.8.5,1698,1102:request:301698,1102:batch:168,-1,False,endpoint-3:worker:0,0,668555,default,endpoint-3,1,completed,,5.964111566543579,0.0019989013671875,301698,1,1458,927,220,5.943466309458017,1785485298.5830731,1785485304.526539,1785485298.5831118,1785485304.5220706,1785485304.526274,5.9389586597681046,0.004203513264656067
5,prefix_cache_routing_4ep_1.5b_hitrate,formal,1,1102,18.4 (Ubuntu 18.4-1.pgdg22.04+1),0.8.5,1699,1102:request:301699,1102:batch:168,-1,False,endpoint-0:worker:0,0,668553,default,endpoint-0,0,completed,,5.617708206176758,0.0023581981658935547,301699,1,697,348,203,5.61378825455904,1785485298.5854487,1785485304.1992366,1785485298.5855234,1785485304.197922,1785485304.1988077,5.6123982928693295,0.0008859001100063324
5,prefix_cache_routing_4ep_1.5b_hitrate,formal,1,1102,18.4 (Ubuntu 18.4-1.pgdg22.04+1),0.8.5,1700,1102:request:301700,1102:batch:168,-1,False,endpoint-2:worker:0,0,668556,default,endpoint-2,1,completed,,5.81292724609375,0.0022225379943847656,301700,1,1108,666,206,5.80656248703599,1785485298.7473035,1785485304.5538661,1785485298.7473564,1785485304.552162,1785485304.5532324,5.8048060182482,0.0010700542479753494
5,prefix_cache_routing_4ep_1.5b_hitrate,formal,1,1102,18.4 (Ubuntu 18.4-1.pgdg22.04+1),0.8.5,1701,1102:request:301701,1102:batch:169,-1,False,endpoint-3:worker:0,0,668555,default,endpoint-3,1,completed,,5.688486576080322,0.0022323131561279297,301701,1,1453,947,182,5.681344836950302,1785485298.8400118,1785485304.5213566,1785485298.840064,1785485304.5199158,1785485304.5210497,5.6798516400158405,0.0011340714991092682
5,prefix_cache_routing_4ep_1.5b_hitrate,formal,1,1102,18.4 (Ubuntu 18.4-1.pgdg22.04+1),0.8.5,1702,1102:request:301702,1102:batch:169,-1,False,endpoint-2:worker:0,0,668556,default,endpoint-2,1,completed,,5.811405658721924,0.00371551513671875,301702,1,302,34,197,5.80623809248209,1785485298.8432424,1785485304.6494799,1785485298.843316,1785485304.6488423,1785485304.6492753,5.805526489391923,0.0004328470677137375
5,prefix_cache_routing_4ep_1.5b_hitrate,formal,1,1102,18.4 (Ubuntu 18.4-1.pgdg22.04+1),0.8.5,1703,1102:request:301703,1102:batch:169,-1,False,endpoint-2:worker:0,0,668556,default,endpoint-2,1,completed,,5.827882289886475,0.0038933753967285156,301703,1,648,291,186,5.8218722976744175,1785485298.8450806,1785485304.6669528,1785485298.845121,1785485304.666251,1785485304.6666944,5.821130324155092,0.00044308416545391083
5,prefix_cache_routing_4ep_1.5b_hitrate,formal,1,1102,18.4 (Ubuntu 18.4-1.pgdg22.04+1),0.8.5,1704,1102:request:301704,1102:batch:169,-1,False,endpoint-0:worker:0,0,668553,default,endpoint-0,0,completed,,5.605725049972534,0.0018079280853271484,301704,1,1108,644,186,5.602272180840373,1785485298.8475926,1785485304.4498644,1785485298.847633,1785485304.4482703,1785485304.449325,5.600638037547469,0.0010542795062065125
5,prefix_cache_routing_4ep_1.5b_hitrate,formal,1,1102,18.4 (Ubuntu 18.4-1.pgdg22.04+1),0.8.5,1705,1102:request:301705,1102:batch:169,-1,False,endpoint-1:worker:0,0,668554,default,endpoint-1,0,completed,,5.713334083557129,0.002068758010864258,301705,1,1429,895,202,5.709299270063639,1785485298.8952718,1785485304.6045709,1785485298.895325,1785485304.602651,1785485304.603751,5.707326579838991,0.0010995622724294662
5,prefix_cache_routing_4ep_1.5b_hitrate,formal,1,1102,18.4 (Ubuntu 18.4-1.pgdg22.04+1),0.8.5,1706,1102:request:301706,1102:batch:169,-1,False,endpoint-3:worker:0,0,668555,default,endpoint-3,1,completed,,5.670634031295776,0.001783132553100586,301706,1,620,296,191,5.637379132211208,1785485298.8967063,1785485304.534085,1785485298.896751,1785485304.5233674,1785485304.5339384,5.626616306602955,0.010571014136075974
5,prefix_cache_routing_4ep_1.5b_hitrate,formal,1,1102,18.4 (Ubuntu 18.4-1.pgdg22.04+1),0.8.5,1707,1102:request:301707,1102:batch:169,-1,False,endpoint-3:worker:0,0,668555,default,endpoint-3,1,completed,,5.650155067443848,0.0018134117126464844,301707,1,1063,650,207,5.633716365322471,1785485298.8991377,1785485304.532854,1785485298.8991802,1785485304.5230558,1785485304.5326052,5.6238753739744425,0.009549494832754135
5,prefix_cache_routing_4ep_1.5b_hitrate,formal,1,1102,18.4 (Ubuntu 18.4-1.pgdg22.04+1),0.8.5,1708,1102:request:301708,1102:batch:169,-1,False,endpoint-3:worker:0,0,668555,default,endpoint-3,1,completed,,5.479295969009399,0.0024445056915283203,301708,1,1510,1007,184,5.446613904088736,1785485299.0787914,1785485304.525405,1785485299.0788457,1785485304.521721,1785485304.5250678,5.442874912172556,0.003346949815750122
5,prefix_cache_routing_4ep_1.5b_hitrate,formal,1,1102,18.4 (Ubuntu 18.4-1.pgdg22.04+1),0.8.5,1709,1102:request:301709,1102:batch:170,-1,False,endpoint-2:worker:0,0,668556,default,endpoint-2,1,completed,,5.854546070098877,0.002995729446411133,301709,1,715,346,190,5.850299131125212,1785485299.0824747,1785485304.9327734,1785485299.0825596,1785485304.932293,1785485304.9325633,5.849733306095004,0.0002702344208955765
5,prefix_cache_routing_4ep_1.5b_hitrate,formal,1,1102,18.4 (Ubuntu 18.4-1.pgdg22.04+1),0.8.5,1710,1102:request:301710,1102:batch:170,-1,False,endpoint-2:worker:0,0,668556,default,endpoint-2,1,completed,,5.840191125869751,0.002076387405395508,301710,1,1151,667,198,5.835743172094226,1785485299.1647623,1785485305.000505,1785485299.164798,1785485304.9990184,1785485304.9999192,5.83422064781189,0.0009003933519124985
5,prefix_cache_routing_4ep_1.5b_hitrate,formal,1,1102,18.4 (Ubuntu 18.4-1.pgdg22.04+1),0.8.5,1711,1102:request:301711,1102:batch:170,-1,False,endpoint-1:worker:0,0,668554,default,endpoint-1,0,completed,,5.72310733795166,0.0023872852325439453,301711,1,1574,996,194,5.7183728870004416,1785485299.244882,1785485304.9632545,1785485299.244936,1785485304.9620337,1785485304.962812,5.717098427936435,0.0007772482931613922
5,prefix_cache_routing_4ep_1.5b_hitrate,formal,1,1102,18.4 (Ubuntu 18.4-1.pgdg22.04+1),0.8.5,1712,1102:request:301712,1102:batch:170,-1,False,endpoint-0:worker:0,0,668553,default,endpoint-0,0,completed,,5.621273756027222,0.0029914379119873047,301712,1,735,360,207,5.615530537441373,1785485299.2472086,1785485304.8627384,1785485299.2473004,1785485304.8609724,1785485304.8623211,5.613672776147723,0.0013480708003044128
5,prefix_cache_routing_4ep_1.5b_hitrate,formal,1,1102,18.4 (Ubuntu 18.4-1.pgdg22.04+1),0.8.5,1713,1102:request:301713,1102:batch:170,-1,False,endpoint-0:worker:0,0,668553,default,endpoint-0,0,completed,,5.621503829956055,0.002954244613647461,301713,1,1226,728,182,5.616429543122649,1785485299.2606344,1785485304.8770638,1785485299.2606697,1785485304.8758554,1785485304.8765726,5.615185782313347,0.00071709044277668
5,prefix_cache_routing_4ep_1.5b_hitrate,formal,1,1102,18.4 (Ubuntu 18.4-1.pgdg22.04+1),0.8.5,1714,1102:request:301714,1102:batch:170,-1,False,endpoint-0:worker:0,0,668553,default,endpoint-0,0,completed,,5.639893531799316,0.0019369125366210938,301714,1,1569,983,188,5.6351771466434,1785485299.4538083,1785485305.088986,1785485299.4538467,1785485305.0871484,1785485305.0881147,5.633302615955472,0.0009652506560087204
5,prefix_cache_routing_4ep_1.5b_hitrate,formal,1,1102,18.4 (Ubuntu 18.4-1.pgdg22.04+1),0.8.5,1715,1102:request:301715,1102:batch:170,-1,False,endpoint-1:worker:0,0,668554,default,endpoint-1,0,completed,,5.659386873245239,0.0031735897064208984,301715,1,782,394,187,5.653831215575337,1785485299.4567735,1785485305.110604,1785485299.456867,1785485305.1092932,1785485305.110316,5.6524266339838505,0.0010218694806098938
5,prefix_cache_routing_4ep_1.5b_hitrate,formal,1,1102,18.4 (Ubuntu 18.4-1.pgdg22.04+1),0.8.5,1716,1102:request:301716,1102:batch:171,-1,False,endpoint-3:worker:0,0,668555,default,endpoint-3,1,completed,,5.073033571243286,0.0026590824127197266,301716,1,1268,768,199,5.058992179110646,1785485299.4725134,1785485304.5315053,1785485299.472553,1785485304.522725,1785485304.5311508,5.050172122195363,0.008425883948802948
5,prefix_cache_routing_4ep_1.5b_hitrate,formal,1,1102,18.4 (Ubuntu 18.4-1.pgdg22.04+1),0.8.5,1717,1102:request:301717,1102:batch:171,-1,False,endpoint-2:worker:0,0,668556,default,endpoint-2,1,completed,,5.849513292312622,0.002869129180908203,301717,1,316,47,199,5.845274165272713,1785485299.4743915,1785485305.3196652,1785485299.4744687,1785485305.3189485,1785485305.3195012,5.844480136409402,0.0005520768463611603
5,prefix_cache_routing_4ep_1.5b_hitrate,formal,1,1102,18.4 (Ubuntu 18.4-1.pgdg22.04+1),0.8.5,1718,1102:request:301718,1102:batch:171,-1,False,endpoint-3:worker:0,0,668555,default,endpoint-3,1,completed,,5.095301151275635,0.0016372203826904297,301718,1,602,281,211,5.054884444922209,1785485299.4747882,1785485304.5296724,1785485299.4748392,1785485304.5224016,1785485304.5288785,5.04756224155426,0.006481274962425232
5,prefix_cache_routing_4ep_1.5b_hitrate,formal,1,1102,18.4 (Ubuntu 18.4-1.pgdg22.04+1),0.8.5,1719,1102:request:301719,1102:batch:171,-1,False,endpoint-0:worker:0,0,668553,default,endpoint-0,0,completed,,5.64502739906311,0.0023987293243408203,301719,1,881,509,197,5.640866355970502,1785485299.4771218,1785485305.117988,1785485299.4772055,1785485305.1165533,1785485305.1174467,5.639347864314914,0.0008932221680879593
5,prefix_cache_routing_4ep_1.5b_hitrate,formal,1,1102,18.4 (Ubuntu 18.4-1.pgdg22.04+1),0.8.5,1720,1102:request:301720,1102:batch:171,-1,False,endpoint-2:worker:0,0,668556,default,endpoint-2,1,completed,,5.84816575050354,0.0019502639770507812,301720,1,1217,774,196,5.8441600650548935,1785485299.5059412,1785485305.3501012,1785485299.5059738,1785485305.3490956,1785485305.3497236,5.8431222178041935,0.0006275959312915802
5,prefix_cache_routing_4ep_1.5b_hitrate,formal,1,1102,18.4 (Ubuntu 18.4-1.pgdg22.04+1),0.8.5,1721,1102:request:301721,1102:batch:171,-1,False,endpoint-3:worker:0,0,668555,default,endpoint-3,1,completed,,5.298293352127075,0.0024628639221191406,301721,1,1606,1083,195,5.264809787273407,1785485299.6296237,1785485304.894433,1785485299.6296759,1785485304.8884742,1785485304.8941405,5.258798215538263,0.0056663621217012405
5,prefix_cache_routing_4ep_1.5b_hitrate,formal,1,1102,18.4 (Ubuntu 18.4-1.pgdg22.04+1),0.8.5,1722,1102:request:301722,1102:batch:171,-1,False,endpoint-1:worker:0,0,668554,default,endpoint-1,0,completed,,5.632714033126831,0.002806425094604492,301722,1,778,383,200,5.6260022427886724,1785485299.631969,1785485305.2579703,1785485299.6320608,1785485305.2573037,1785485305.2577612,5.625242775306106,0.0004575122147798538
5,prefix_cache_routing_4ep_1.5b_hitrate,formal,1,1102,18.4 (Ubuntu 18.4-1.pgdg22.04+1),0.8.5,1723,1102:request:301723,1102:batch:171,-1,False,endpoint-3:worker:0,0,668555,default,endpoint-3,1,completed,,5.2932984828948975,0.0013837814331054688,301723,1,1264,750,201,5.260268105193973,1785485299.6328332,1785485304.8931012,1785485299.6328743,1785485304.8878443,1785485304.8928835,5.254970047622919,0.0050389692187309265
5,prefix_cache_routing_4ep_1.5b_hitrate,formal,1,1102,18.4 (Ubuntu 18.4-1.pgdg22.04+1),0.8.5,1724,1102:request:301724,1102:batch:172,-1,False,endpoint-3:worker:0,0,668555,default,endpoint-3,1,completed,,5.290856122970581,0.001432180404663086,301724,1,1590,1014,199,5.260868465527892,1785485299.6356852,1785485304.8965535,1785485299.6357188,1785485304.8890595,1785485304.8962383,5.253340637311339,0.0071786753833293915
5,prefix_cache_routing_4ep_1.5b_hitrate,formal,1,1102,18.4 (Ubuntu 18.4-1.pgdg22.04+1),0.8.5,1725,1102:request:301725,1102:batch:172,-1,False,endpoint-1:worker:0,0,668554,default,endpoint-1,0,completed,,5.624842405319214,0.0015745162963867188,301725,1,633,298,169,5.619525955989957,1785485299.6374164,1785485305.2569423,1785485299.6374547,1785485305.2552433,1785485305.2565,5.617789324373007,0.0012562442570924759
5,prefix_cache_routing_4ep_1.5b_hitrate,formal,1,1102,18.4 (Ubuntu 18.4-1.pgdg22.04+1),0.8.5,1726,1102:request:301726,1102:batch:172,-1,False,endpoint-3:worker:0,0,668555,default,endpoint-3,1,completed,,5.272457122802734,0.0011930465698242188,301726,1,988,569,209,5.253259602934122,1785485299.6392107,1785485304.8924704,1785485299.6392448,1785485304.8875327,1785485304.8922853,5.248287931084633,0.004752650856971741
5,prefix_cache_routing_4ep_1.5b_hitrate,formal,1,1102,18.4 (Ubuntu 18.4-1.pgdg22.04+1),0.8.5,1727,1102:request:301727,1102:batch:172,-1,False,endpoint-3:worker:0,0,668555,default,endpoint-3,1,completed,,5.284422159194946,0.0034193992614746094,301727,1,1391,879,199,5.246491676196456,1785485299.6447933,1785485304.8912847,1785485299.6448345,1785485304.8868756,1785485304.8910246,5.242041161283851,0.00414901040494442
5,prefix_cache_routing_4ep_1.5b_hitrate,formal,1,1102,18.4 (Ubuntu 18.4-1.pgdg22.04+1),0.8.5,1728,1102:request:301728,1102:batch:172,-1,False,endpoint-3:worker:0,0,668555,default,endpoint-3,1,completed,,5.270616292953491,0.0033979415893554688,301728,1,610,275,186,5.251803789287806,1785485299.646342,1785485304.8981457,1785485299.6463757,1785485304.8896332,1785485304.8980062,5.243257524445653,0.008372906595468521
5,prefix_cache_routing_4ep_1.5b_hitrate,formal,1,1102,18.4 (Ubuntu 18.4-1.pgdg22.04+1),0.8.5,1729,1102:request:301729,1102:batch:172,-1,False,endpoint-2:worker:0,0,668556,default,endpoint-2,1,completed,,5.800302743911743,0.0029435157775878906,301729,1,1051,627,193,5.794854141771793,1785485299.6480837,1785485305.4429376,1785485299.6481571,1785485305.441904,1785485305.442706,5.793747115880251,0.000801747664809227
5,prefix_cache_routing_4ep_1.5b_hitrate,formal,1,1102,18.4 (Ubuntu 18.4-1.pgdg22.04+1),0.8.5,1730,1102:request:301730,1102:batch:172,-1,False,endpoint-3:worker:0,0,668555,default,endpoint-3,1,completed,,5.249370813369751,0.03127765655517578,301730,1,1336,846,216,5.206355780363083,1785485299.6797857,1785485304.8861413,1785485299.680028,1785485304.8845603,1785485304.8857927,5.204533571377397,0.0012314021587371826
5,prefix_cache_routing_4ep_1.5b_hitrate,formal,1,1102,18.4 (Ubuntu 18.4-1.pgdg22.04+1),0.8.5,1731,1102:request:301731,1102:batch:173,-1,False,endpoint-2:worker:0,0,668556,default,endpoint-2,1,completed,,5.796013593673706,0.0016591548919677734,301731,1,919,522,187,5.792194409295917,1785485299.65174,1785485305.4439344,1785485299.6517751,1785485305.4432466,1785485305.4437494,5.7914715223014355,0.0005026590079069138
5,prefix_cache_routing_4ep_1.5b_hitrate,formal,1,1102,18.4 (Ubuntu 18.4-1.pgdg22.04+1),0.8.5,1732,1102:request:301732,1102:batch:173,-1,False,endpoint-3:worker:0,0,668555,default,endpoint-3,1,completed,,5.225309133529663,0.0018267631530761719,301732,1,1442,926,188,5.214635744690895,1785485299.6827815,1785485304.897417,1785485299.6828144,1785485304.8893473,1785485304.8971305,5.206533007323742,0.007783008739352226
5,prefix_cache_routing_4ep_1.5b_hitrate,formal,1,1102,18.4 (Ubuntu 18.4-1.pgdg22.04+1),0.8.5,1733,1102:request:301733,1102:batch:173,-1,False,endpoint-3:worker:0,0,668555,default,endpoint-3,1,completed,,5.243577718734741,0.0032966136932373047,301733,1,648,330,198,5.207832556217909,1785485299.6858432,1785485304.8936758,1785485299.6858776,1785485304.8881655,1785485304.8935387,5.202288039028645,0.0053733717650175095
5,prefix_cache_routing_4ep_1.5b_hitrate,formal,1,1102,18.4 (Ubuntu 18.4-1.pgdg22.04+1),0.8.5,1734,1102:request:301734,1102:batch:173,-1,False,endpoint-3:worker:0,0,668555,default,endpoint-3,1,completed,,5.2356178760528564,0.0032842159271240234,301734,1,959,569,198,5.211003897711635,1785485299.688055,1785485304.8990586,1785485299.688091,1785485304.8899136,1785485304.8987975,5.201822528615594,0.008883742615580559
5,prefix_cache_routing_4ep_1.5b_hitrate,formal,1,1102,18.4 (Ubuntu 18.4-1.pgdg22.04+1),0.8.5,1735,1102:request:301735,1102:batch:173,-1,False,endpoint-3:worker:0,0,668555,default,endpoint-3,1,completed,,5.237365007400513,0.004727840423583984,301735,1,1445,955,205,5.2034856881946325,1785485299.6916997,1785485304.895185,1785485299.691735,1785485304.8887718,1785485304.8949287,5.197036726400256,0.006156705319881439
5,prefix_cache_routing_4ep_1.5b_hitrate,formal,1,1102,18.4 (Ubuntu 18.4-1.pgdg22.04+1),0.8.5,1736,1102:request:301736,1102:batch:173,-1,False,endpoint-3:worker:0,0,668555,default,endpoint-3,1,completed,,5.237260580062866,0.004885673522949219,301736,1,755,391,201,5.196576189249754,1785485299.6940806,1785485304.8906567,1785485299.6941228,1785485304.8865228,1785485304.8904488,5.192400032654405,0.003925999626517296
5,prefix_cache_routing_4ep_1.5b_hitrate,formal,1,1102,18.4 (Ubuntu 18.4-1.pgdg22.04+1),0.8.5,1737,1102:request:301737,1102:batch:173,-1,False,endpoint-3:worker:0,0,668555,default,endpoint-3,1,completed,,5.226495027542114,0.005584716796875,301737,1,1165,710,196,5.194856826215982,1785485299.6970274,1785485304.891884,1785485299.697063,1785485304.8872006,1785485304.8916693,5.190137643367052,0.004468681290745735
5,prefix_cache_routing_4ep_1.5b_hitrate,formal,1,1102,18.4 (Ubuntu 18.4-1.pgdg22.04+1),0.8.5,1738,1102:request:301738,1102:batch:174,-1,False,endpoint-3:worker:0,0,668555,default,endpoint-3,1,completed,,5.290781497955322,0.004918336868286133,301738,1,1577,1016,188,5.277628678828478,1785485299.6990786,1785485304.9767077,1785485299.6991165,1785485304.9726615,1785485304.9764452,5.27354496344924,0.003783721476793289
5,prefix_cache_routing_4ep_1.5b_hitrate,formal,1,1102,18.4 (Ubuntu 18.4-1.pgdg22.04+1),0.8.5,1739,1102:request:301739,1102:batch:174,-1,False,endpoint-3:worker:0,0,668555,default,endpoint-3,1,completed,,5.289754867553711,0.005384683609008789,301739,1,764,397,183,5.274118613451719,1785485299.7017653,1785485304.9758837,1785485299.701799,1785485304.9723234,1785485304.975722,5.270524589344859,0.003398442640900612
5,prefix_cache_routing_4ep_1.5b_hitrate,formal,1,1102,18.4 (Ubuntu 18.4-1.pgdg22.04+1),0.8.5,1740,1102:request:301740,1102:batch:174,-1,False,endpoint-3:worker:0,0,668555,default,endpoint-3,1,completed,,5.283202171325684,0.007274627685546875,301740,1,1596,1017,206,5.267942648380995,1785485299.7071953,1785485304.975138,1785485299.7072556,1785485304.9719157,1785485304.9748204,5.264660380780697,0.0029043033719062805
5,prefix_cache_routing_4ep_1.5b_hitrate,formal,1,1102,18.4 (Ubuntu 18.4-1.pgdg22.04+1),0.8.5,1741,1102:request:301741,1102:batch:174,-1,False,endpoint-0:worker:0,0,668553,default,endpoint-0,0,completed,,5.57681941986084,0.005008697509765625,301741,1,744,362,185,5.56958350725472,1785485299.7088978,1785485305.2784815,1785485299.7089362,1785485305.2768707,1785485305.277988,5.56793518550694,0.0011167041957378387
5,prefix_cache_routing_4ep_1.5b_hitrate,formal,1,1102,18.4 (Ubuntu 18.4-1.pgdg22.04+1),0.8.5,1742,1102:request:301742,1102:batch:174,-1,False,endpoint-3:worker:0,0,668555,default,endpoint-3,1,completed,,5.2755022048950195,0.0015308856964111328,301742,1,1184,680,180,5.269871883094311,1785485299.7101643,1785485304.9800358,1785485299.7102063,1785485304.9738579,1785485304.9798343,5.263651562854648,0.005976518616080284
5,prefix_cache_routing_4ep_1.5b_hitrate,formal,1,1102,18.4 (Ubuntu 18.4-1.pgdg22.04+1),0.8.5,1743,1102:request:301743,1102:batch:174,-1,False,endpoint-3:worker:0,0,668555,default,endpoint-3,1,completed,,5.272223472595215,0.0012710094451904297,301743,1,1530,926,175,5.265653131529689,1785485299.7127218,1785485304.978375,1785485299.7127626,1785485304.9732735,1785485304.978113,5.260510997846723,0.004839371889829636
5,prefix_cache_routing_4ep_1.5b_hitrate,formal,1,1102,18.4 (Ubuntu 18.4-1.pgdg22.04+1),0.8.5,1744,1102:request:301744,1102:batch:174,-1,False,endpoint-3:worker:0,0,668555,default,endpoint-3,1,completed,,5.274368047714233,0.0012378692626953125,301744,1,686,324,172,5.2642393577843904,1785485299.7149158,1785485304.9791553,1785485299.7149518,1785485304.9735672,1785485304.9790175,5.258615612983704,0.005450299009680748
5,prefix_cache_routing_4ep_1.5b_hitrate,formal,1,1102,18.4 (Ubuntu 18.4-1.pgdg22.04+1),0.8.5,1745,1102:request:301745,1102:batch:175,-1,False,endpoint-3:worker:0,0,668555,default,endpoint-3,1,completed,,5.270542621612549,0.0021758079528808594,301745,1,1272,772,179,5.260134177282453,1785485299.7173676,1785485304.9775014,1785485299.717407,1785485304.9729626,1785485304.9772825,5.255555497482419,0.004319887608289719
5,prefix_cache_routing_4ep_1.5b_hitrate,formal,1,1102,18.4 (Ubuntu 18.4-1.pgdg22.04+1),0.8.5,1746,1102:request:301746,1102:batch:175,-1,False,endpoint-0:worker:0,0,668553,default,endpoint-0,0,completed,,5.578953266143799,0.0014233589172363281,301746,1,743,371,197,5.575075011700392,1785485299.7187932,1785485305.293868,1785485299.7188382,1785485305.2928169,1785485305.293697,5.573979178443551,0.0008797552436590195
5,prefix_cache_routing_4ep_1.5b_hitrate,formal,1,1102,18.4 (Ubuntu 18.4-1.pgdg22.04+1),0.8.5,1747,1102:request:301747,1102:batch:175,-1,False,endpoint-1:worker:0,0,668554,default,endpoint-1,0,completed,,5.582586288452148,0.0024085044860839844,301747,1,994,571,193,5.578685311600566,1785485299.8083856,1785485305.387071,1785485299.808427,1785485305.3852208,1785485305.386502,5.576794162392616,0.0012811534106731415
5,prefix_cache_routing_4ep_1.5b_hitrate,formal,1,1102,18.4 (Ubuntu 18.4-1.pgdg22.04+1),0.8.5,1748,1102:request:301748,1102:batch:175,-1,False,endpoint-0:worker:0,0,668553,default,endpoint-0,0,completed,,5.519580602645874,0.003491640090942383,301748,1,1381,861,175,5.514008762314916,1785485299.8652344,1785485305.3792427,1785485299.8653245,1785485305.3772588,1785485305.3785172,5.511934706941247,0.00125817209482193
5,prefix_cache_routing_4ep_1.5b_hitrate,formal,1,1102,18.4 (Ubuntu 18.4-1.pgdg22.04+1),0.8.5,1749,1102:request:301749,1102:batch:175,-1,False,endpoint-1:worker:0,0,668554,default,endpoint-1,0,completed,,5.552772521972656,0.0015993118286132812,301749,1,381,98,202,5.549105918034911,1785485299.8659232,1785485305.4150293,1785485299.865964,1785485305.4134977,1785485305.4147224,5.547534147277474,0.0012246929109096527
5,prefix_cache_routing_4ep_1.5b_hitrate,formal,1,1102,18.4 (Ubuntu 18.4-1.pgdg22.04+1),0.8.5,1750,1102:request:301750,1102:batch:175,-1,False,endpoint-2:worker:0,0,668556,default,endpoint-2,1,completed,,5.7211902141571045,0.002262115478515625,301750,1,735,369,193,5.7167418003082275,1785485299.893602,1785485305.6103432,1785485299.8936486,1785485305.6095169,1785485305.610147,5.7158682737499475,0.0006299149245023727
5,prefix_cache_routing_4ep_1.5b_hitrate,formal,1,1102,18.4 (Ubuntu 18.4-1.pgdg22.04+1),0.8.5,1751,1102:request:301751,1102:batch:175,-1,False,endpoint-2:worker:0,0,668556,default,endpoint-2,1,completed,,5.718421697616577,0.0017664432525634766,301751,1,1073,640,199,5.715286919847131,1785485299.8962097,1785485305.6114964,1785485299.896249,1785485305.6106527,1785485305.6112664,5.714403560385108,0.0006135106086730957
5,prefix_cache_routing_4ep_1.5b_hitrate,formal,1,1102,18.4 (Ubuntu 18.4-1.pgdg22.04+1),0.8.5,1752,1102:request:301752,1102:batch:175,-1,False,endpoint-1:worker:0,0,668554,default,endpoint-1,0,completed,,5.523763418197632,0.0017368793487548828,301752,1,1444,927,196,5.520093321800232,1785485299.968882,1785485305.488975,1785485299.968917,1785485305.488053,1785485305.4886448,5.51913589797914,0.0005917325615882874
5,prefix_cache_routing_4ep_1.5b_hitrate,formal,1,1102,18.4 (Ubuntu 18.4-1.pgdg22.04+1),0.8.5,1753,1102:request:301753,1102:batch:176,-1,False,endpoint-1:worker:0,0,668554,default,endpoint-1,0,completed,,5.52164888381958,0.0029010772705078125,301753,1,363,80,193,5.515775153413415,1785485299.9716985,1785485305.487474,1785485299.9717348,1785485305.4857028,1785485305.4871526,5.5139684453606606,0.001449568197131157
5,prefix_cache_routing_4ep_1.5b_hitrate,formal,1,1102,18.4 (Ubuntu 18.4-1.pgdg22.04+1),0.8.5,1754,1102:request:301754,1102:batch:176,-1,False,endpoint-1:worker:0,0,668554,default,endpoint-1,0,completed,,5.530913352966309,0.003041982650756836,301754,1,914,492,200,5.526754014194012,1785485299.9733663,1785485305.5001206,1785485299.973407,1785485305.498653,1785485305.4997473,5.525246229022741,0.001094285398721695
5,prefix_cache_routing_4ep_1.5b_hitrate,formal,1,1102,18.4 (Ubuntu 18.4-1.pgdg22.04+1),0.8.5,1755,1102:request:301755,1102:batch:176,-1,False,endpoint-3:worker:0,0,668555,default,endpoint-3,1,completed,,4.988044738769531,0.0018918514251708984,301755,1,1397,858,186,4.982559137046337,1785485299.9983943,1785485304.9809535,1785485299.998441,1785485304.9741518,1785485304.9807227,4.975710723549128,0.006570812314748764
5,prefix_cache_routing_4ep_1.5b_hitrate,formal,1,1102,18.4 (Ubuntu 18.4-1.pgdg22.04+1),0.8.5,1756,1102:request:301756,1102:batch:176,-1,False,endpoint-2:worker:0,0,668556,default,endpoint-2,1,completed,,5.694422721862793,0.0032956600189208984,301756,1,625,291,199,5.689113000407815,1785485300.0014412,1785485305.6905363,1785485300.0016084,1785485305.6885624,1785485305.6901505,5.686954386532307,0.0015877839177846909
5,prefix_cache_routing_4ep_1.5b_hitrate,formal,1,1102,18.4 (Ubuntu 18.4-1.pgdg22.04+1),0.8.5,1757,1102:request:301757,1102:batch:176,-1,False,endpoint-3:worker:0,0,668555,default,endpoint-3,1,completed,,4.981979131698608,0.0043146610260009766,301757,1,994,573,210,4.966164618730545,1785485300.004946,1785485304.9711106,1785485300.0050488,1785485304.9688604,1785485304.970503,4.963812123984098,0.001642368733882904
5,prefix_cache_routing_4ep_1.5b_hitrate,formal,1,1102,18.4 (Ubuntu 18.4-1.pgdg22.04+1),0.8.5,1758,1102:request:301758,1102:batch:176,-1,False,endpoint-3:worker:0,0,668555,default,endpoint-3,1,completed,,5.4593892097473145,0.006063222885131836,301758,1,1391,885,213,5.451993972063065,1785485300.0101798,1785485305.462174,1785485300.0102265,1785485305.4599566,1785485305.461816,5.449731094762683,0.0018585845828056335
5,prefix_cache_routing_4ep_1.5b_hitrate,formal,1,1102,18.4 (Ubuntu 18.4-1.pgdg22.04+1),0.8.5,1759,1102:request:301759,1102:batch:176,-1,False,endpoint-0:worker:0,0,668553,default,endpoint-0,0,completed,,5.470928192138672,0.0017762184143066406,301759,1,329,60,211,5.466210573911667,1785485300.011559,1785485305.4777694,1785485300.0116026,1785485305.476095,1785485305.4774673,5.464492667466402,0.001372331753373146
5,prefix_cache_routing_4ep_1.5b_hitrate,formal,1,1102,18.4 (Ubuntu 18.4-1.pgdg22.04+1),0.8.5,1760,1102:request:301760,1102:batch:176,-1,False,endpoint-0:worker:0,0,668553,default,endpoint-0,0,completed,,5.480851173400879,0.0017886161804199219,301760,1,969,533,200,5.477935155853629,1785485300.0138607,1785485305.4917958,1785485300.013899,1785485305.4903967,1785485305.4913971,5.47649784013629,0.00100041925907135
5,prefix_cache_routing_4ep_1.5b_hitrate,formal,1,1102,18.4 (Ubuntu 18.4-1.pgdg22.04+1),0.8.5,1761,1102:request:301761,1102:batch:176,-1,False,endpoint-3:worker:0,0,668555,default,endpoint-3,1,completed,,6.000753164291382,0.0013613700866699219,301761,1,586,241,184,5.997157920151949,1785485300.015681,1785485306.0128386,1785485300.0157237,1785485306.0109296,1785485306.012636,5.995206333696842,0.001705693081021309
5,prefix_cache_routing_4ep_1.5b_hitrate,formal,1,1102,18.4 (Ubuntu 18.4-1.pgdg22.04+1),0.8.5,1762,1102:request:301762,1102:batch:177,-1,False,endpoint-3:worker:0,0,668555,default,endpoint-3,1,completed,,6.831124782562256,0.0019712448120117188,301762,1,1025,577,195,6.827732065692544,1785485300.0186207,1785485306.8463526,1785485300.0186598,1785485306.8442385,1785485306.845952,6.825579512864351,0.0017127469182014465
5,prefix_cache_routing_4ep_1.5b_hitrate,formal,1,1102,18.4 (Ubuntu 18.4-1.pgdg22.04+1),0.8.5,1763,1102:request:301763,1102:batch:177,-1,False,endpoint-3:worker:0,0,668555,default,endpoint-3,1,completed,,7.507567644119263,0.0022318363189697266,301763,1,1521,963,186,7.504025170579553,1785485300.021132,1785485307.5251572,1785485300.0211701,1785485307.523246,1785485307.5248349,7.502076476812363,0.001588195562362671
5,prefix_cache_routing_4ep_1.5b_hitrate,formal,1,1102,18.4 (Ubuntu 18.4-1.pgdg22.04+1),0.8.5,1764,1102:request:301764,1102:batch:177,-1,False,endpoint-1:worker:0,0,668554,default,endpoint-1,0,completed,,5.496927499771118,0.002136707305908203,301764,1,469,171,206,5.493144808337092,1785485300.0227218,1785485305.5158663,1785485300.0227833,1785485305.5139744,1785485305.5155342,5.491191452369094,0.0015594717115163803
5,prefix_cache_routing_4ep_1.5b_hitrate,formal,1,1102,18.4 (Ubuntu 18.4-1.pgdg22.04+1),0.8.5,1765,1102:request:301765,1102:batch:177,-1,False,endpoint-3:worker:0,0,668555,default,endpoint-3,1,completed,,8.016409635543823,0.0011157989501953125,301765,1,835,453,198,8.013817474246025,1785485300.025434,1785485308.0392516,1785485300.0254712,1785485308.0362847,1785485308.0390608,8.010813845321536,0.0027756355702877045
5,prefix_cache_routing_4ep_1.5b_hitrate,formal,1,1102,18.4 (Ubuntu 18.4-1.pgdg22.04+1),0.8.5,1766,1102:request:301766,1102:batch:177,-1,False,endpoint-3:worker:0,0,668555,default,endpoint-3,1,completed,,8.170064926147461,0.001100301742553711,301766,1,1171,702,182,8.167306339368224,1785485300.0277493,1785485308.195056,1785485300.0277865,1785485308.1913257,1785485308.1947577,8.163539884611964,0.003431357443332672
5,prefix_cache_routing_4ep_1.5b_hitrate,formal,1,1102,18.4 (Ubuntu 18.4-1.pgdg22.04+1),0.8.5,1767,1102:request:301767,1102:batch:177,-1,False,endpoint-0:worker:0,0,668553,default,endpoint-0,0,completed,,5.452129602432251,0.002008676528930664,301767,1,676,317,203,5.448892682790756,1785485300.0724294,1785485305.521322,1785485300.0724735,1785485305.5194595,1785485305.5209105,5.4469862431287766,0.0014509037137031555
5,prefix_cache_routing_4ep_1.5b_hitrate,formal,1,1102,18.4 (Ubuntu 18.4-1.pgdg22.04+1),0.8.5,1768,1102:request:301768,1102:batch:177,-1,False,endpoint-3:worker:0,0,668555,default,endpoint-3,1,completed,,8.232598066329956,0.0021452903747558594,301768,1,1051,602,188,8.153069430962205,1785485300.1975913,1785485308.35066,1785485300.1976705,1785485308.3251717,1785485308.3504682,8.12750113196671,0.025296548381447792
5,prefix_cache_routing_4ep_1.5b_hitrate,formal,1,1102,18.4 (Ubuntu 18.4-1.pgdg22.04+1),0.8.5,1769,1102:request:301769,1102:batch:178,-1,False,endpoint-3:worker:0,0,668555,default,endpoint-3,1,completed,,8.229490041732788,0.0024559497833251953,301769,1,1562,995,194,8.147874811664224,1785485300.2008355,1785485308.3487103,1785485300.2008774,1785485308.324884,1785485308.3484452,8.124006679281592,0.023561174049973488
5,prefix_cache_routing_4ep_1.5b_hitrate,formal,1,1102,18.4 (Ubuntu 18.4-1.pgdg22.04+1),0.8.5,1770,1102:request:301770,1102:batch:178,-1,False,endpoint-1:worker:0,0,668554,default,endpoint-1,0,completed,,5.411494493484497,0.0030803680419921875,301770,1,335,62,154,5.407338440418243,1785485300.2030776,1785485305.6104152,1785485300.2033384,1785485305.6096597,1785485305.610302,5.4063209760934114,0.0006423350423574448
5,prefix_cache_routing_4ep_1.5b_hitrate,formal,1,1102,18.4 (Ubuntu 18.4-1.pgdg22.04+1),0.8.5,1771,1102:request:301771,1102:batch:178,-1,False,endpoint-0:worker:0,0,668553,default,endpoint-0,0,completed,,5.405034303665161,0.0023305416107177734,301771,1,929,515,189,5.4015205930918455,1785485300.2040043,1785485305.605524,1785485300.2040777,1785485305.6045394,1785485305.6052544,5.400461848825216,0.0007146447896957397
5,prefix_cache_routing_4ep_1.5b_hitrate,formal,1,1102,18.4 (Ubuntu 18.4-1.pgdg22.04+1),0.8.5,1772,1102:request:301772,1102:batch:178,-1,False,endpoint-2:worker:0,0,668556,default,endpoint-2,1,completed,,5.649740934371948,0.002335071563720703,301772,1,1414,885,202,5.644480286166072,1785485300.3086455,1785485305.9531252,1785485300.3087027,1785485305.9521146,1785485305.9528184,5.643411772325635,0.0007037296891212463
5,prefix_cache_routing_4ep_1.5b_hitrate,formal,1,1102,18.4 (Ubuntu 18.4-1.pgdg22.04+1),0.8.5,1773,1102:request:301773,1102:batch:178,-1,False,endpoint-2:worker:0,0,668556,default,endpoint-2,1,completed,,5.64670991897583,0.003448009490966797,301773,1,308,43,199,5.6398664731532335,1785485300.3118513,1785485305.951718,1785485300.3118849,1785485305.9495769,1785485305.9514194,5.637693041935563,0.001841878518462181
5,prefix_cache_routing_4ep_1.5b_hitrate,formal,1,1102,18.4 (Ubuntu 18.4-1.pgdg22.04+1),0.8.5,1774,1102:request:301774,1102:batch:178,-1,False,endpoint-1:worker:0,0,668554,default,endpoint-1,0,completed,,5.4072959423065186,0.0053708553314208984,301774,1,740,362,200,5.398764008656144,1785485300.3154244,1785485305.7141886,1785485300.3154576,1785485305.7132587,1785485305.7140098,5.397801147773862,0.0007512066513299942
5,prefix_cache_routing_4ep_1.5b_hitrate,formal,1,1102,18.4 (Ubuntu 18.4-1.pgdg22.04+1),0.8.5,1775,1102:request:301775,1102:batch:178,-1,False,endpoint-1:worker:0,0,668554,default,endpoint-1,0,completed,,5.400156497955322,0.0017452239990234375,301775,1,1037,597,208,5.394890330731869,1785485300.3180459,1785485305.7129362,1785485300.318083,1785485305.7114346,1785485305.7126708,5.393352156504989,0.001235567033290863
5,prefix_cache_routing_4ep_1.5b_hitrate,formal,1,1102,18.4 (Ubuntu 18.4-1.pgdg22.04+1),0.8.5,1776,1102:request:301776,1102:batch:178,-1,False,endpoint-1:worker:0,0,668554,default,endpoint-1,0,completed,,5.401695489883423,0.0016238689422607422,301776,1,1352,855,194,5.398669922724366,1785485300.3270943,1785485305.7257643,1785485300.3271255,1785485305.7239082,1785485305.7252634,5.396782977506518,0.0013550296425819397
5,prefix_cache_routing_4ep_1.5b_hitrate,formal,1,1102,18.4 (Ubuntu 18.4-1.pgdg22.04+1),0.8.5,1777,1102:request:301777,1102:batch:179,-1,False,endpoint-2:worker:0,0,668556,default,endpoint-2,1,completed,,5.6538405418396,0.0016558170318603516,301777,1,1605,1063,203,5.648043833673,1785485300.3394308,1785485305.9874747,1785485300.339465,1785485305.9845998,1785485305.987172,5.645134827122092,0.002571871504187584
5,prefix_cache_routing_4ep_1.5b_hitrate,formal,1,1102,18.4 (Ubuntu 18.4-1.pgdg22.04+1),0.8.5,1778,1102:request:301778,1102:batch:179,-1,False,endpoint-1:worker:0,0,668554,default,endpoint-1,0,completed,,5.402483224868774,0.002876758575439453,301778,1,679,320,186,5.393418796360493,1785485300.34821,1785485305.7416286,1785485300.3482854,1785485305.7396595,1785485305.7414377,5.39137407951057,0.0017777495086193085
5,prefix_cache_routing_4ep_1.5b_hitrate,formal,1,1102,18.4 (Ubuntu 18.4-1.pgdg22.04+1),0.8.5,1779,1102:request:301779,1102:batch:179,-1,False,endpoint-1:worker:0,0,668554,default,endpoint-1,0,completed,,5.400227308273315,0.0018582344055175781,301779,1,1025,584,174,5.3920497093349695,1785485300.3510578,1785485305.7431073,1785485300.3510976,1785485305.7419443,1785485305.7428133,5.390846822410822,0.0008689556270837784
5,prefix_cache_routing_4ep_1.5b_hitrate,formal,1,1102,18.4 (Ubuntu 18.4-1.pgdg22.04+1),0.8.5,1780,1102:request:301780,1102:batch:179,-1,False,endpoint-2:worker:0,0,668556,default,endpoint-2,1,completed,,5.637471437454224,0.0014681816101074219,301780,1,1404,862,184,5.631512600928545,1785485300.354083,1785485305.9855955,1785485300.354132,1785485305.9839633,1785485305.9853337,5.629831064492464,0.0013705585151910782
5,prefix_cache_routing_4ep_1.5b_hitrate,formal,1,1102,18.4 (Ubuntu 18.4-1.pgdg22.04+1),0.8.5,1781,1102:request:301781,1102:batch:179,-1,False,endpoint-2:worker:0,0,668556,default,endpoint-2,1,completed,,5.63553786277771,0.0014259815216064453,301781,1,801,398,188,5.629646223038435,1785485300.356843,1785485305.986489,1785485300.3568819,1785485305.9842901,1785485305.9863243,5.627408007159829,0.002034127712249756
5,prefix_cache_routing_4ep_1.5b_hitrate,formal,1,1102,18.4 (Ubuntu 18.4-1.pgdg22.04+1),0.8.5,1782,1102:request:301782,1102:batch:179,-1,False,endpoint-0:worker:0,0,668553,default,endpoint-0,0,completed,,5.3531835079193115,0.0018308162689208984,301782,1,1271,760,195,5.350044135004282,1785485300.4075708,1785485305.7576149,1785485300.4076116,1785485305.756167,1785485305.7572007,5.348555888980627,0.0010328739881515503
5,prefix_cache_routing_4ep_1.5b_hitrate,formal,1,1102,18.4 (Ubuntu 18.4-1.pgdg22.04+1),0.8.5,1783,1102:request:301783,1102:batch:180,-1,False,endpoint-0:worker:0,0,668553,default,endpoint-0,0,completed,,5.356836795806885,0.0017523765563964844,301783,1,1732,1110,190,5.353212792426348,1785485300.4194734,1785485305.772686,1785485300.4195054,1785485305.7712605,1785485305.77229,5.351755196228623,0.001029275357723236
5,prefix_cache_routing_4ep_1.5b_hitrate,formal,1,1102,18.4 (Ubuntu 18.4-1.pgdg22.04+1),0.8.5,1784,1102:request:301784,1102:batch:180,-1,False,endpoint-1:worker:0,0,668554,default,endpoint-1,0,completed,,5.333441734313965,0.0030601024627685547,301784,1,377,98,198,5.329307230189443,1785485300.4224558,1785485305.7517622,1785485300.4225388,1785485305.750719,1785485305.7516243,5.328180279582739,0.0009051766246557236
5,prefix_cache_routing_4ep_1.5b_hitrate,formal,1,1102,18.4 (Ubuntu 18.4-1.pgdg22.04+1),0.8.5,1785,1102:request:301785,1102:batch:180,-1,False,endpoint-1:worker:0,0,668554,default,endpoint-1,0,completed,,5.292027711868286,0.0044803619384765625,301785,1,1088,615,190,5.28423617221415,1785485300.6527565,1785485305.9369922,1785485300.6528323,1785485305.9351327,1785485305.9367235,5.2823006976395845,0.001590389758348465
5,prefix_cache_routing_4ep_1.5b_hitrate,formal,1,1102,18.4 (Ubuntu 18.4-1.pgdg22.04+1),0.8.5,1786,1102:request:301786,1102:batch:180,-1,False,endpoint-1:worker:0,0,668554,default,endpoint-1,0,completed,,5.286267518997192,0.001668691635131836,301786,1,1576,980,191,5.282139342278242,1785485300.656449,1785485305.9385881,1785485300.6564856,1785485305.937322,1785485305.938264,5.2808364145457745,0.0009416546672582626
5,prefix_cache_routing_4ep_1.5b_hitrate,formal,1,1102,18.4 (Ubuntu 18.4-1.pgdg22.04+1),0.8.5,1787,1102:request:301787,1102:batch:180,-1,False,endpoint-0:worker:0,0,668553,default,endpoint-0,0,completed,,5.273730993270874,0.0027430057525634766,301787,1,634,281,174,5.268617812544107,1785485300.6591344,1785485305.9277515,1785485300.6592271,1785485305.9254143,1785485305.927277,5.266187803819776,0.001862144097685814
5,prefix_cache_routing_4ep_1.5b_hitrate,formal,1,1102,18.4 (Ubuntu 18.4-1.pgdg22.04+1),0.8.5,1788,1102:request:301788,1102:batch:180,-1,False,endpoint-2:worker:0,0,668556,default,endpoint-2,1,completed,,5.443058013916016,0.002585887908935547,301788,1,1079,598,171,5.43885382078588,1785485300.7307067,1785485306.1695607,1785485300.7307472,1785485306.1670146,1785485306.1690252,5.4362681452184916,0.0020100343972444534
5,prefix_cache_routing_4ep_1.5b_hitrate,formal,1,1102,18.4 (Ubuntu 18.4-1.pgdg22.04+1),0.8.5,1789,1102:request:301789,1102:batch:180,-1,False,endpoint-2:worker:0,0,668556,default,endpoint-2,1,completed,,5.443714618682861,0.0021674633026123047,301789,1,1613,1003,190,5.438954221084714,1785485300.7589664,1785485306.1979203,1785485300.7590032,1785485306.1962175,1785485306.197609,5.437214739620686,0.0013908501714468002
5,prefix_cache_routing_4ep_1.5b_hitrate,formal,1,1102,18.4 (Ubuntu 18.4-1.pgdg22.04+1),0.8.5,1790,1102:request:301790,1102:batch:181,-1,False,endpoint-2:worker:0,0,668556,default,endpoint-2,1,completed,,5.441406726837158,0.0031325817108154297,301790,1,604,277,194,5.434108084067702,1785485300.761542,1785485306.1956503,1785485300.7615786,1785485306.1936035,1785485306.1952825,5.432025531306863,0.0016787201166152954
5,prefix_cache_routing_4ep_1.5b_hitrate,formal,1,1102,18.4 (Ubuntu 18.4-1.pgdg22.04+1),0.8.5,1791,1102:request:301791,1102:batch:181,-1,False,endpoint-0:worker:0,0,668553,default,endpoint-0,0,completed,,5.236069917678833,0.0024504661560058594,301791,1,836,469,202,5.231827709823847,1785485300.780555,1785485306.0123827,1785485300.7806017,1785485306.0100222,1785485306.0118966,5.229420708492398,0.0018741358071565628
5,prefix_cache_routing_4ep_1.5b_hitrate,formal,1,1102,18.4 (Ubuntu 18.4-1.pgdg22.04+1),0.8.5,1792,1102:request:301792,1102:batch:181,-1,False,endpoint-1:worker:0,0,668554,default,endpoint-1,0,completed,,5.235673189163208,0.002093791961669922,301792,1,1152,727,191,5.227698817849159,1785485300.7961204,1785485306.0238185,1785485300.7961571,1785485306.0221941,1785485306.023566,5.226036988198757,0.001371799036860466
5,prefix_cache_routing_4ep_1.5b_hitrate,formal,1,1102,18.4 (Ubuntu 18.4-1.pgdg22.04+1),0.8.5,1793,1102:request:301793,1102:batch:181,-1,False,endpoint-3:worker:0,0,668555,default,endpoint-3,1,completed,,7.631818771362305,0.002627849578857422,301793,1,272,12,156,7.534220479428768,1785485300.7982457,1785485308.3324652,1785485300.7983088,1785485308.3222594,1785485308.3323815,7.523950269445777,0.010122071951627731
5,prefix_cache_routing_4ep_1.5b_hitrate,formal,1,1102,18.4 (Ubuntu 18.4-1.pgdg22.04+1),0.8.5,1794,1102:request:301794,1102:batch:181,-1,False,endpoint-1:worker:0,0,668554,default,endpoint-1,0,completed,,5.23216438293457,0.0013422966003417969,301794,1,309,40,172,5.226392129436135,1785485300.7984796,1785485306.0248716,1785485300.7985122,1785485306.022549,1785485306.0247533,5.224036822095513,0.0022042710334062576
5,prefix_cache_routing_4ep_1.5b_hitrate,formal,1,1102,18.4 (Ubuntu 18.4-1.pgdg22.04+1),0.8.5,1795,1102:request:301795,1102:batch:181,-1,False,endpoint-1:worker:0,0,668554,default,endpoint-1,0,completed,,4.632608413696289,0.0019068717956542969,301795,1,410,150,168,4.629113556817174,1785485300.800562,1785485305.4296753,1785485300.800595,1785485305.4281464,1785485305.429404,4.627551767975092,0.0012573320418596268
5,prefix_cache_routing_4ep_1.5b_hitrate,formal,1,1102,18.4 (Ubuntu 18.4-1.pgdg22.04+1),0.8.5,1796,1102:request:301796,1102:batch:181,-1,False,endpoint-1:worker:0,0,668554,default,endpoint-1,0,completed,,5.226054906845093,0.0024738311767578125,301796,1,554,230,187,5.219204152002931,1785485300.8026543,1785485306.0218582,1785485300.8026876,1785485306.0199614,1785485306.0216792,5.217274213209748,0.0017170105129480362
5,prefix_cache_routing_4ep_1.5b_hitrate,formal,1,1102,18.4 (Ubuntu 18.4-1.pgdg22.04+1),0.8.5,1797,1102:request:301797,1102:batch:181,-1,False,endpoint-1:worker:0,0,668554,default,endpoint-1,0,completed,,3.2793807983398438,0.0049326419830322266,301797,1,572,328,101,3.27232700958848,1785485300.8072906,1785485304.079618,1785485300.8073328,1785485304.0784414,1785485304.0792112,3.2711092233657837,0.0007695518434047699
5,prefix_cache_routing_4ep_1.5b_hitrate,formal,1,1102,18.4 (Ubuntu 18.4-1.pgdg22.04+1),0.8.5,1798,1102:request:301798,1102:batch:181,-1,False,endpoint-2:worker:0,0,668556,default,endpoint-2,1,completed,,3.576035261154175,0.0017354488372802734,301798,1,787,468,112,3.571679037064314,1785485300.836377,1785485304.408056,1785485300.8364072,1785485304.4065037,1785485304.40756,3.5700972210615873,0.0010557770729064941
5,prefix_cache_routing_4ep_1.5b_hitrate,formal,1,1102,18.4 (Ubuntu 18.4-1.pgdg22.04+1),0.8.5,1799,1102:request:301799,1102:batch:181,-1,False,endpoint-0:worker:0,0,668553,default,endpoint-0,0,completed,,5.20820164680481,0.0019080638885498047,301799,1,289,29,165,5.203396635130048,1785485300.838114,1785485306.04151,1785485300.838159,1785485306.0405738,1785485306.0413854,5.202414909377694,0.0008113309741020203
5,prefix_cache_routing_4ep_1.5b_hitrate,formal,1,1102,18.4 (Ubuntu 18.4-1.pgdg22.04+1),0.8.5,1800,1102:request:301800,1102:batch:181,-1,False,endpoint-0:worker:0,0,668553,default,endpoint-0,0,completed,,5.186363935470581,0.0018978118896484375,301800,1,790,318,130,5.182659890502691,1785485300.9137886,1785485306.0964487,1785485300.9138222,1785485306.093797,1785485306.0959926,5.179974878206849,0.002195620909333229
5,prefix_cache_routing_4ep_1.5b_hitrate,formal,1,1102,18.4 (Ubuntu 18.4-1.pgdg22.04+1),0.8.5,1801,1102:request:301801,1102:batch:181,-1,False,endpoint-1:worker:0,0,668554,default,endpoint-1,0,completed,,5.14862060546875,0.002344846725463867,301801,1,1390,620,148,5.143709177151322,1785485301.0327325,1785485306.1764412,1785485301.0327787,1785485306.1731224,1785485306.1757667,5.1403442192822695,0.0026440005749464035
5,prefix_cache_routing_4ep_1.5b_hitrate,formal,1,1102,18.4 (Ubuntu 18.4-1.pgdg22.04+1),0.8.5,1802,1102:request:301802,1102:batch:181,-1,False,endpoint-3:worker:0,0,668555,default,endpoint-3,1,completed,,7.394402503967285,0.0023398399353027344,301802,1,602,208,160,7.294947676360607,1785485301.0343468,1785485308.3292937,1785485301.0343978,1785485308.3215864,1785485308.3291361,7.287188107147813,0.007549513131380081
5,prefix_cache_routing_4ep_1.5b_hitrate,formal,1,1102,18.4 (Ubuntu 18.4-1.pgdg22.04+1),0.8.5,1803,1102:request:301803,1102:batch:182,-1,False,endpoint-2:worker:0,0,668556,default,endpoint-2,1,completed,,5.300219774246216,0.002858877182006836,301803,1,1114,516,159,5.295487863942981,1785485301.036821,1785485306.3323078,1785485301.0369208,1785485306.3286295,1785485306.3315508,5.2917083371430635,0.002924082800745964
5,prefix_cache_routing_4ep_1.5b_hitrate,formal,1,1102,18.4 (Ubuntu 18.4-1.pgdg22.04+1),0.8.5,1804,1102:request:301804,1102:batch:182,-1,False,endpoint-1:worker:0,0,668554,default,endpoint-1,0,completed,,5.152470350265503,0.0012934207916259766,301804,1,1531,757,166,5.149725841358304,1785485301.0376298,1785485306.1873558,1785485301.0376756,1785485306.1858108,1785485306.1869886,5.148135609924793,0.0011774152517318726
5,prefix_cache_routing_4ep_1.5b_hitrate,formal,1,1102,18.4 (Ubuntu 18.4-1.pgdg22.04+1),0.8.5,1805,1102:request:301805,1102:batch:182,-1,False,endpoint-2:worker:0,0,668556,default,endpoint-2,1,completed,,5.291296482086182,0.0019774436950683594,301805,1,903,413,177,5.287387257441878,1785485301.0647945,1785485306.3521812,1785485301.0648534,1785485306.3492563,1785485306.3518193,5.284402120858431,0.002562662586569786
5,prefix_cache_routing_4ep_1.5b_hitrate,formal,1,1102,18.4 (Ubuntu 18.4-1.pgdg22.04+1),0.8.5,1806,1102:request:301806,1102:batch:182,-1,False,endpoint-3:worker:0,0,668555,default,endpoint-3,1,completed,,7.363962173461914,0.0020906925201416016,301806,1,285,27,179,7.278197513893247,1785485301.0665894,1785485308.3447862,1785485301.0666502,1785485308.3242686,1785485308.3447008,7.257618123665452,0.02043227292597294
5,prefix_cache_routing_4ep_1.5b_hitrate,formal,1,1102,18.4 (Ubuntu 18.4-1.pgdg22.04+1),0.8.5,1807,1102:request:301807,1102:batch:182,-1,False,endpoint-2:worker:0,0,668556,default,endpoint-2,1,completed,,2.6384437084198,0.0017292499542236328,301807,1,501,332,89,2.6340984404087067,1785485301.0678458,1785485303.7019444,1785485301.0678825,1785485303.70029,1785485303.7017155,2.6324082035571337,0.0014249254018068314
5,prefix_cache_routing_4ep_1.5b_hitrate,formal,1,1102,18.4 (Ubuntu 18.4-1.pgdg22.04+1),0.8.5,1808,1102:request:301808,1102:batch:182,-1,False,endpoint-0:worker:0,0,668553,default,endpoint-0,0,completed,,5.153642177581787,0.0019021034240722656,301808,1,1001,632,225,5.149338794872165,1785485301.1535585,1785485306.3028972,1785485301.1536098,1785485306.2997012,1785485306.3022707,5.14609238691628,0.002568798139691353
5,prefix_cache_routing_4ep_1.5b_hitrate,formal,1,1102,18.4 (Ubuntu 18.4-1.pgdg22.04+1),0.8.5,1809,1102:request:301809,1102:batch:182,-1,False,endpoint-0:worker:0,0,668553,default,endpoint-0,0,completed,,5.12926173210144,0.0023467540740966797,301809,1,1272,869,218,5.123639285564423,1785485301.2062523,1785485306.3298914,1785485301.2062953,1785485306.3265278,1785485306.3294203,5.1202328111976385,0.0028921756893396378
5,prefix_cache_routing_4ep_1.5b_hitrate,formal,1,1102,18.4 (Ubuntu 18.4-1.pgdg22.04+1),0.8.5,1810,1102:request:301810,1102:batch:182,-1,False,endpoint-3:worker:0,0,668555,default,endpoint-3,1,completed,,7.223806619644165,0.0024290084838867188,301810,1,270,9,165,7.131494486704469,1785485301.2080362,1785485308.33953,1785485301.2081017,1785485308.3234465,1785485308.3394487,7.11534439958632,0.016002006828784943
5,prefix_cache_routing_4ep_1.5b_hitrate,formal,1,1102,18.4 (Ubuntu 18.4-1.pgdg22.04+1),0.8.5,1811,1102:request:301811,1102:batch:182,-1,False,endpoint-3:worker:0,0,668555,default,endpoint-3,1,completed,,7.226388216018677,0.008296489715576172,301811,1,624,237,189,7.125725856050849,1785485301.2155566,1785485308.3412824,1785485301.215597,1785485308.3237233,1785485308.3411477,7.108126414939761,0.017424440011382103
5,prefix_cache_routing_4ep_1.5b_hitrate,formal,1,1102,18.4 (Ubuntu 18.4-1.pgdg22.04+1),0.8.5,1812,1102:request:301812,1102:batch:182,-1,False,endpoint-3:worker:0,0,668555,default,endpoint-3,1,completed,,7.071396112442017,0.008448362350463867,301812,1,259,3,54,7.059827219694853,1785485301.2172694,1785485308.2770967,1785485301.2173078,1785485308.2749226,1785485308.2769759,7.057615300640464,0.002052556723356247
5,prefix_cache_routing_4ep_1.5b_hitrate,formal,1,1102,18.4 (Ubuntu 18.4-1.pgdg22.04+1),0.8.5,1813,1102:request:301813,1102:batch:182,-1,False,endpoint-2:worker:0,0,668556,default,endpoint-2,1,completed,,5.194341421127319,0.0020780563354492188,301813,1,278,19,162,5.190487639978528,1785485301.2125342,1785485306.4030213,1785485301.2125878,1785485306.4012127,1785485306.4029138,5.188625141978264,0.0017008166760206223
5,prefix_cache_routing_4ep_1.5b_hitrate,formal,1,1102,18.4 (Ubuntu 18.4-1.pgdg22.04+1),0.8.5,1814,1102:request:301814,1102:batch:183,-1,False,endpoint-2:worker:0,0,668556,default,endpoint-2,1,completed,,5.180692672729492,0.0019428730010986328,301814,1,573,229,173,5.177064182236791,1785485301.251145,1785485306.4282084,1785485301.2511783,1785485306.4264903,1785485306.4280355,5.175312273204327,0.001544872298836708
5,prefix_cache_routing_4ep_1.5b_hitrate,formal,1,1102,18.4 (Ubuntu 18.4-1.pgdg22.04+1),0.8.5,1815,1102:request:301815,1102:batch:183,-1,False,endpoint-2:worker:0,0,668556,default,endpoint-2,1,completed,,5.1917760372161865,0.004861354827880859,301815,1,951,468,167,5.185543706640601,1785485301.2556765,1785485306.44122,1785485301.2557168,1785485306.4389575,1785485306.4408498,5.183240855112672,0.00189194455742836
5,prefix_cache_routing_4ep_1.5b_hitrate,formal,1,1102,18.4 (Ubuntu 18.4-1.pgdg22.04+1),0.8.5,1816,1102:request:301816,1102:batch:183,-1,False,endpoint-1:worker:0,0,668554,default,endpoint-1,0,completed,,2.7757203578948975,0.0017056465148925781,301816,1,890,539,99,2.7712741401046515,1785485301.2613168,1785485304.0325913,1785485301.2613583,1785485304.0311022,1785485304.0320451,2.76974437572062,0.0009423289448022842
5,prefix_cache_routing_4ep_1.5b_hitrate,formal,1,1102,18.4 (Ubuntu 18.4-1.pgdg22.04+1),0.8.5,1817,1102:request:301817,1102:batch:183,-1,False,endpoint-0:worker:0,0,668553,default,endpoint-0,0,completed,,0.2629876136779785,0.002110004425048828,301817,1,104,78,8,0.2586842365562916,1785485301.2633483,1785485301.5220318,1785485301.2634094,1785485301.5205941,1785485301.5219233,0.25718526169657707,0.001328546553850174
5,prefix_cache_routing_4ep_1.5b_hitrate,formal,1,1102,18.4 (Ubuntu 18.4-1.pgdg22.04+1),0.8.5,1818,1102:request:301818,1102:batch:183,-1,False,endpoint-1:worker:0,0,668554,default,endpoint-1,0,completed,,2.4783236980438232,0.0014317035675048828,301818,1,429,261,63,2.474840395152569,1785485301.2642133,1785485303.7390537,1785485301.2642517,1785485303.7376745,1785485303.738687,2.4734238237142563,0.0010117292404174805
5,prefix_cache_routing_4ep_1.5b_hitrate,formal,1,1102,18.4 (Ubuntu 18.4-1.pgdg22.04+1),0.8.5,1819,1102:request:301819,1102:batch:183,-1,False,endpoint-0:worker:0,0,668553,default,endpoint-0,0,completed,,5.048287630081177,0.002481222152709961,301819,1,712,363,169,5.042080603539944,1785485301.4035208,1785485306.445601,1785485301.403582,1785485306.4437633,1785485306.4453645,5.0401816833764315,0.0016002412885427475
5,prefix_cache_routing_4ep_1.5b_hitrate,formal,1,1102,18.4 (Ubuntu 18.4-1.pgdg22.04+1),0.8.5,1820,1102:request:301820,1102:batch:183,-1,False,endpoint-2:worker:0,0,668556,default,endpoint-2,1,completed,,5.151754856109619,0.0018155574798583984,301820,1,899,514,163,5.148096004500985,1785485301.4120698,1785485306.5601654,1785485301.4121127,1785485306.5587978,1785485306.5599504,5.14668495953083,0.001152360811829567
5,prefix_cache_routing_4ep_1.5b_hitrate,formal,1,1102,18.4 (Ubuntu 18.4-1.pgdg22.04+1),0.8.5,1821,1102:request:301821,1102:batch:183,-1,False,endpoint-1:worker:0,0,668554,default,endpoint-1,0,completed,,4.95699667930603,0.0026836395263671875,301821,1,401,117,174,4.952642526477575,1785485301.4149294,1785485306.3675706,1785485301.4150193,1785485306.3649344,1785485306.3674097,4.949915446341038,0.0024747606366872787
5,prefix_cache_routing_4ep_1.5b_hitrate,formal,1,1102,18.4 (Ubuntu 18.4-1.pgdg22.04+1),0.8.5,1822,1102:request:301822,1102:batch:183,-1,False,endpoint-2:worker:0,0,668556,default,endpoint-2,1,completed,,5.147757053375244,0.0015120506286621094,301822,1,540,216,182,5.14302559569478,1785485301.4153888,1785485306.5584147,1785485301.415433,1785485306.555201,1785485306.5580897,5.139768913388252,0.0028881914913654327
5,prefix_cache_routing_4ep_1.5b_hitrate,formal,1,1102,18.4 (Ubuntu 18.4-1.pgdg22.04+1),0.8.5,1823,1102:request:301823,1102:batch:183,-1,False,endpoint-2:worker:0,0,668556,default,endpoint-2,1,completed,,5.1213698387146,0.0017466545104980469,301823,1,470,136,172,5.115815365687013,1785485301.4663596,1785485306.5821748,1785485301.4663918,1785485306.5798187,1785485306.5819323,5.113427208736539,0.002113359048962593
5,prefix_cache_routing_4ep_1.5b_hitrate,formal,1,1102,18.4 (Ubuntu 18.4-1.pgdg22.04+1),0.8.5,1824,1102:request:301824,1102:batch:183,-1,False,endpoint-2:worker:0,0,668556,default,endpoint-2,1,completed,,5.120317697525024,0.0017592906951904297,301824,1,885,363,144,5.1163706090301275,1785485301.4680192,1785485306.5843897,1785485301.4680567,1785485306.5827107,1785485306.5842085,5.114654432982206,0.0014973171055316925
5,prefix_cache_routing_4ep_1.5b_hitrate,formal,1,1102,18.4 (Ubuntu 18.4-1.pgdg22.04+1),0.8.5,1825,1102:request:301825,1102:batch:183,-1,False,endpoint-0:worker:0,0,668553,default,endpoint-0,0,completed,,5.001690864562988,0.002363443374633789,301825,1,1057,490,190,4.996945548802614,1785485301.5600176,1785485306.556963,1785485301.5600617,1785485306.5536475,1785485306.5563862,4.993586376309395,0.002738131210207939
5,prefix_cache_routing_4ep_1.5b_hitrate,formal,1,1102,18.4 (Ubuntu 18.4-1.pgdg22.04+1),0.8.5,1826,1102:request:301826,1102:batch:183,-1,False,endpoint-3:worker:0,0,668555,default,endpoint-3,1,completed,,6.866864919662476,0.0023212432861328125,301826,1,979,483,159,6.78219686076045,1785485301.5644999,1785485308.3466966,1785485301.5645413,1785485308.3245754,1785485308.3464873,6.760033870115876,0.021911941468715668
5,prefix_cache_routing_4ep_1.5b_hitrate,formal,1,1102,18.4 (Ubuntu 18.4-1.pgdg22.04+1),0.8.5,1827,1102:request:301827,1102:batch:184,-1,False,endpoint-0:worker:0,0,668553,default,endpoint-0,0,completed,,4.994410991668701,0.0017752647399902344,301827,1,931,274,166,4.99154444411397,1785485301.572958,1785485306.5645022,1785485301.5729942,1785485306.5632095,1785485306.5642865,4.990215051919222,0.0010769683867692947
5,prefix_cache_routing_4ep_1.5b_hitrate,formal,1,1102,18.4 (Ubuntu 18.4-1.pgdg22.04+1),0.8.5,1828,1102:request:301828,1102:batch:184,-1,False,endpoint-0:worker:0,0,668553,default,endpoint-0,0,completed,,4.985457420349121,0.003969669342041016,301828,1,1519,608,185,4.97450221516192,1785485301.6122954,1785485306.5867975,1785485301.61235,1785485306.5815988,1785485306.586546,4.969248883426189,0.004947124049067497
5,prefix_cache_routing_4ep_1.5b_hitrate,formal,1,1102,18.4 (Ubuntu 18.4-1.pgdg22.04+1),0.8.5,1829,1102:request:301829,1102:batch:184,-1,False,endpoint-0:worker:0,0,668553,default,endpoint-0,0,completed,,4.981966257095337,0.003131866455078125,301829,1,990,370,129,4.97359474375844,1785485301.614665,1785485306.5882597,1785485301.6147022,1785485306.5819323,1785485306.5880716,4.967230074107647,0.0061392150819301605
5,prefix_cache_routing_4ep_1.5b_hitrate,formal,1,1102,18.4 (Ubuntu 18.4-1.pgdg22.04+1),0.8.5,1830,1102:request:301830,1102:batch:184,-1,False,endpoint-0:worker:0,0,668553,default,endpoint-0,0,completed,,4.977109432220459,0.0012481212615966797,301830,1,1387,548,141,4.966703977435827,1785485301.6173565,1785485306.5840602,1785485301.61739,1785485306.5809088,1785485306.5837626,4.963519023731351,0.0028536617755889893
5,prefix_cache_routing_4ep_1.5b_hitrate,formal,1,1102,18.4 (Ubuntu 18.4-1.pgdg22.04+1),0.8.5,1831,1102:request:301831,1102:batch:184,-1,False,endpoint-0:worker:0,0,668553,default,endpoint-0,0,completed,,4.9728333950042725,0.0012917518615722656,301831,1,1023,279,180,4.969687979668379,1785485301.621391,1785485306.591079,1785485301.621424,1785485306.5825334,1785485306.5908914,4.961109507828951,0.00835798867046833
5,prefix_cache_routing_4ep_1.5b_hitrate,formal,1,1102,18.4 (Ubuntu 18.4-1.pgdg22.04+1),0.8.5,1832,1102:request:301832,1102:batch:184,-1,False,endpoint-0:worker:0,0,668553,default,endpoint-0,0,completed,,4.9693403244018555,0.0035185813903808594,301832,1,1742,585,125,4.962882908061147,1785485301.6268213,1785485306.5897043,1785485301.6268702,1785485306.5822415,1785485306.589423,4.95537119358778,0.0071811676025390625
5,prefix_cache_routing_4ep_1.5b_hitrate,formal,1,1102,18.4 (Ubuntu 18.4-1.pgdg22.04+1),0.8.5,1833,1102:request:301833,1102:batch:185,-1,False,endpoint-2:worker:0,0,668556,default,endpoint-2,1,completed,,5.048907995223999,0.005014181137084961,301833,1,872,266,152,5.042487796396017,1785485301.6300714,1785485306.672559,1785485301.6301677,1785485306.6711252,1785485306.672364,5.040957307443023,0.0012388844043016434
5,prefix_cache_routing_4ep_1.5b_hitrate,formal,1,1102,18.4 (Ubuntu 18.4-1.pgdg22.04+1),0.8.5,1834,1102:request:301834,1102:batch:185,-1,False,endpoint-0:worker:0,0,668553,default,endpoint-0,0,completed,,4.9645068645477295,0.001539468765258789,301834,1,1184,394,149,4.95163656771183,1785485301.628957,1785485306.5805933,1785485301.6289947,1785485306.5787487,1785485306.5803447,4.949754003435373,0.001595769077539444
5,prefix_cache_routing_4ep_1.5b_hitrate,formal,1,1102,18.4 (Ubuntu 18.4-1.pgdg22.04+1),0.8.5,1835,1102:request:301835,1102:batch:185,-1,False,endpoint-0:worker:0,0,668553,default,endpoint-0,0,completed,,4.962206602096558,0.0017228126525878906,301835,1,1481,532,123,4.953634964302182,1785485301.6318052,1785485306.58544,1785485301.6318402,1785485306.5812516,1785485306.5851772,4.949411312118173,0.00392543338239193
5,prefix_cache_routing_4ep_1.5b_hitrate,formal,1,1102,18.4 (Ubuntu 18.4-1.pgdg22.04+1),0.8.5,1836,1102:request:301836,1102:batch:185,-1,False,endpoint-1:worker:0,0,668554,default,endpoint-1,0,completed,,4.9427361488342285,0.002980947494506836,301836,1,605,157,136,4.938424972817302,1785485301.6349325,1785485306.5733566,1785485301.6350284,1785485306.570548,1785485306.5731666,4.9355200212448835,0.0026176907122135162
5,prefix_cache_routing_4ep_1.5b_hitrate,formal,1,1102,18.4 (Ubuntu 18.4-1.pgdg22.04+1),0.8.5,1837,1102:request:301837,1102:batch:185,-1,False,endpoint-2:worker:0,0,668556,default,endpoint-2,1,completed,,5.038583993911743,0.0013546943664550781,301837,1,1148,385,120,5.034359248355031,1785485301.6364317,1785485306.6707907,1785485301.636471,1785485306.6676247,1785485306.6705298,5.031154092401266,0.0029046200215816498
5,prefix_cache_routing_4ep_1.5b_hitrate,formal,1,1102,18.4 (Ubuntu 18.4-1.pgdg22.04+1),0.8.5,1838,1102:request:301838,1102:batch:185,-1,False,endpoint-1:worker:0,0,668554,default,endpoint-1,0,completed,,4.945914030075073,0.0019195079803466797,301838,1,1475,537,159,4.942960653454065,1785485301.644521,1785485306.587481,1785485301.6445763,1785485306.5848835,1785485306.587106,4.940307468175888,0.002222195267677307
5,prefix_cache_routing_4ep_1.5b_hitrate,formal,1,1102,18.4 (Ubuntu 18.4-1.pgdg22.04+1),0.8.5,1839,1102:request:301839,1102:batch:185,-1,False,endpoint-2:worker:0,0,668556,default,endpoint-2,1,completed,,5.034454107284546,0.0015208721160888672,301839,1,651,154,129,5.03193430788815,1785485301.6472974,1785485306.6792314,1785485301.647324,1785485306.6774056,1785485306.6790075,5.0300815757364035,0.0016017686575651169
5,prefix_cache_routing_4ep_1.5b_hitrate,formal,1,1102,18.4 (Ubuntu 18.4-1.pgdg22.04+1),0.8.5,1840,1102:request:301840,1102:batch:186,-1,False,endpoint-1:worker:0,0,668554,default,endpoint-1,0,completed,,4.922731399536133,0.0017323493957519531,301840,1,1079,326,111,4.920053880661726,1785485301.6778233,1785485306.5978768,1785485301.6778681,1785485306.5958529,1785485306.5975688,4.917984722182155,0.0017160288989543915
5,prefix_cache_routing_4ep_1.5b_hitrate,formal,1,1102,18.4 (Ubuntu 18.4-1.pgdg22.04+1),0.8.5,1841,1102:request:301841,1102:batch:186,-1,False,endpoint-0:worker:0,0,668553,default,endpoint-0,0,completed,,4.898844242095947,0.001596212387084961,301841,1,1438,486,109,4.889474572613835,1785485301.7180235,1785485306.607498,1785485301.7180586,1785485306.6037233,1785485306.6072457,4.885664651170373,0.0035224314779043198
5,prefix_cache_routing_4ep_1.5b_hitrate,formal,1,1102,18.4 (Ubuntu 18.4-1.pgdg22.04+1),0.8.5,1842,1102:request:301842,1102:batch:186,-1,False,endpoint-2:worker:0,0,668556,default,endpoint-2,1,completed,,4.9733054637908936,0.002458810806274414,301842,1,743,167,117,4.969636084511876,1785485301.721926,1785485306.6915612,1785485301.722014,1785485306.6896353,1785485306.6913254,4.9676213301718235,0.0016898252069950104
5,prefix_cache_routing_4ep_1.5b_hitrate,formal,1,1102,18.4 (Ubuntu 18.4-1.pgdg22.04+1),0.8.5,1843,1102:request:301843,1102:batch:186,-1,False,endpoint-0:worker:0,0,668553,default,endpoint-0,0,completed,,4.891095161437988,0.002122163772583008,301843,1,1050,338,128,4.87835892662406,1785485301.7246845,1785485306.603043,1785485301.72481,1785485306.6009786,1785485306.60278,4.8761690724641085,0.0018010884523391724
5,prefix_cache_routing_4ep_1.5b_hitrate,formal,1,1102,18.4 (Ubuntu 18.4-1.pgdg22.04+1),0.8.5,1844,1102:request:301844,1102:batch:186,-1,False,endpoint-0:worker:0,0,668553,default,endpoint-0,0,completed,,4.887380838394165,0.003349781036376953,301844,1,804,297,185,4.87698825635016,1785485301.731966,1785485306.608954,1785485301.732062,1785485306.6040354,1785485306.6087768,4.871973026543856,0.004741379991173744
5,prefix_cache_routing_4ep_1.5b_hitrate,formal,1,1102,18.4 (Ubuntu 18.4-1.pgdg22.04+1),0.8.5,1845,1102:request:301845,1102:batch:186,-1,False,endpoint-0:worker:0,0,668553,default,endpoint-0,0,completed,,4.881794452667236,0.0029861927032470703,301845,1,1134,323,138,4.8702397756278515,1785485301.7357044,1785485306.605944,1785485301.7357442,1785485306.603368,1785485306.6057105,4.86762360483408,0.002342609688639641
5,prefix_cache_routing_4ep_1.5b_hitrate,formal,1,1102,18.4 (Ubuntu 18.4-1.pgdg22.04+1),0.8.5,1846,1102:request:301846,1102:batch:186,-1,False,endpoint-0:worker:0,0,668553,default,endpoint-0,0,completed,,4.881460428237915,0.002138376235961914,301846,1,1359,450,152,4.872416701167822,1785485301.7380705,1785485306.6104867,1785485301.7381072,1785485306.6043336,1785485306.6102443,4.866226343438029,0.005910702049732208
5,prefix_cache_routing_4ep_1.5b_hitrate,formal,1,1102,18.4 (Ubuntu 18.4-1.pgdg22.04+1),0.8.5,1847,1102:request:301847,1102:batch:187,-1,False,endpoint-1:worker:0,0,668554,default,endpoint-1,0,completed,,4.8166444301605225,0.002170085906982422,301847,1,945,289,144,4.811126757413149,1785485301.8527634,1785485306.66389,1785485301.8528032,1785485306.6607535,1785485306.6636572,4.807950731366873,0.0029029417783021927
5,prefix_cache_routing_4ep_1.5b_hitrate,formal,1,1102,18.4 (Ubuntu 18.4-1.pgdg22.04+1),0.8.5,1848,1102:request:301848,1102:batch:187,-1,False,endpoint-2:worker:0,0,668556,default,endpoint-2,1,completed,,4.923763036727905,0.0019142627716064453,301848,1,1669,571,137,4.919034702703357,1785485301.861789,1785485306.7808232,1785485301.86184,1785485306.779128,1785485306.7804902,4.917287899181247,0.0013618860393762589
5,prefix_cache_routing_4ep_1.5b_hitrate,formal,1,1102,18.4 (Ubuntu 18.4-1.pgdg22.04+1),0.8.5,1849,1102:request:301849,1102:batch:187,-1,False,endpoint-2:worker:0,0,668556,default,endpoint-2,1,completed,,3.568579912185669,0.004765510559082031,301849,1,874,259,134,3.562112322077155,1785485301.8665898,1785485305.4287019,1785485301.8666215,1785485305.4274611,1785485305.4285138,3.56084000878036,0.0010523460805416107
5,prefix_cache_routing_4ep_1.5b_hitrate,formal,1,1102,18.4 (Ubuntu 18.4-1.pgdg22.04+1),0.8.5,1850,1102:request:301850,1102:batch:187,-1,False,endpoint-2:worker:0,0,668556,default,endpoint-2,1,completed,,4.924576997756958,0.0022776126861572266,301850,1,1151,322,90,4.920881675556302,1785485301.8733194,1785485306.7942002,1785485301.8734233,1785485306.7922757,1785485306.7940102,4.918852221220732,0.001734066754579544
5,prefix_cache_routing_4ep_1.5b_hitrate,formal,1,1102,18.4 (Ubuntu 18.4-1.pgdg22.04+1),0.8.5,1851,1102:request:301851,1102:batch:187,-1,False,endpoint-2:worker:0,0,668556,default,endpoint-2,1,completed,,4.921570777893066,0.002637624740600586,301851,1,1656,645,130,4.915488351136446,1785485301.8763144,1785485306.791803,1785485301.8763556,1785485306.7892694,1785485306.7913396,4.9129140842705965,0.0020698122680187225
5,prefix_cache_routing_4ep_1.5b_hitrate,formal,1,1102,18.4 (Ubuntu 18.4-1.pgdg22.04+1),0.8.5,1852,1102:request:301852,1102:batch:187,-1,False,endpoint-2:worker:0,0,668556,default,endpoint-2,1,completed,,4.955158948898315,0.01700735092163086,301852,1,949,353,132,4.909448290243745,1785485301.914821,1785485306.8242688,1785485301.9148915,1785485306.811507,1785485306.824084,4.896615367382765,0.012576883658766747
5,prefix_cache_routing_4ep_1.5b_hitrate,formal,1,1102,18.4 (Ubuntu 18.4-1.pgdg22.04+1),0.8.5,1853,1102:request:301853,1102:batch:188,-1,False,endpoint-2:worker:0,0,668556,default,endpoint-2,1,completed,,4.947357416152954,0.01628899574279785,301853,1,1271,516,133,4.902978276833892,1785485301.9179475,1785485306.8209255,1785485301.9179838,1785485306.810937,1785485306.820705,4.89295307174325,0.009768025949597359
5,prefix_cache_routing_4ep_1.5b_hitrate,formal,1,1102,18.4 (Ubuntu 18.4-1.pgdg22.04+1),0.8.5,1854,1102:request:301854,1102:batch:188,-1,False,endpoint-2:worker:0,0,668556,default,endpoint-2,1,completed,,4.943941116333008,0.016160011291503906,301854,1,1635,724,129,4.898437339812517,1785485301.9208457,1785485306.8192832,1785485301.9208834,1785485306.8106432,1785485306.819019,4.88975977152586,0.008375924080610275
5,prefix_cache_routing_4ep_1.5b_hitrate,formal,1,1102,18.4 (Ubuntu 18.4-1.pgdg22.04+1),0.8.5,1855,1102:request:301855,1102:batch:188,-1,False,endpoint-2:worker:0,0,668556,default,endpoint-2,1,completed,,4.943499326705933,0.016198158264160156,301855,1,846,288,166,4.894831400364637,1785485301.9227924,1785485306.8176239,1785485301.922831,1785485306.8103442,1785485306.8174393,4.88751327060163,0.007094966247677803
5,prefix_cache_routing_4ep_1.5b_hitrate,formal,1,1102,18.4 (Ubuntu 18.4-1.pgdg22.04+1),0.8.5,1856,1102:request:301856,1102:batch:188,-1,False,endpoint-2:worker:0,0,668556,default,endpoint-2,1,completed,,4.941831111907959,0.01656961441040039,301856,1,1159,521,173,4.914095854386687,1785485301.9255288,1785485306.8396246,1785485301.925564,1785485306.8325288,1785485306.8393955,4.906964782625437,0.006866864860057831
5,prefix_cache_routing_4ep_1.5b_hitrate,formal,1,1102,18.4 (Ubuntu 18.4-1.pgdg22.04+1),0.8.5,1857,1102:request:301857,1102:batch:188,-1,False,endpoint-2:worker:0,0,668556,default,endpoint-2,1,completed,,4.940128564834595,0.017261981964111328,301857,1,1662,773,151,4.91321681253612,1785485301.9283807,1785485306.8415976,1785485301.928421,1785485306.8328412,1785485306.8413239,4.904420152306557,0.008482655510306358
5,prefix_cache_routing_4ep_1.5b_hitrate,formal,1,1102,18.4 (Ubuntu 18.4-1.pgdg22.04+1),0.8.5,1858,1102:request:301858,1102:batch:188,-1,False,endpoint-2:worker:0,0,668556,default,endpoint-2,1,completed,,4.917773962020874,0.01505136489868164,301858,1,996,308,170,4.879811983555555,1785485301.9295783,1785485306.8093903,1785485301.9296045,1785485306.807714,1785485306.8091745,4.878109959885478,0.0014599990099668503
5,prefix_cache_routing_4ep_1.5b_hitrate,formal,1,1102,18.4 (Ubuntu 18.4-1.pgdg22.04+1),0.8.5,1859,1102:request:301859,1102:batch:188,-1,False,endpoint-2:worker:0,0,668556,default,endpoint-2,1,completed,,4.933342456817627,0.014278650283813477,301859,1,606,136,130,4.900373138487339,1785485301.9307032,1785485306.8310764,1785485301.9307272,1785485306.812649,1785485306.8309462,4.881921919062734,0.018297236412763596
5,prefix_cache_routing_4ep_1.5b_hitrate,formal,1,1102,18.4 (Ubuntu 18.4-1.pgdg22.04+1),0.8.5,1860,1102:request:301860,1102:batch:189,-1,False,endpoint-2:worker:0,0,668556,default,endpoint-2,1,completed,,4.9338507652282715,0.014827966690063477,301860,1,1173,421,171,4.882318522781134,1785485301.9337416,1785485306.81606,1785485301.9337769,1785485306.8100371,1785485306.8158298,4.876260472461581,0.0057924166321754456
5,prefix_cache_routing_4ep_1.5b_hitrate,formal,1,1102,18.4 (Ubuntu 18.4-1.pgdg22.04+1),0.8.5,1861,1102:request:301861,1102:batch:189,-1,False,endpoint-2:worker:0,0,668556,default,endpoint-2,1,completed,,4.928352117538452,0.015403032302856445,301861,1,627,205,136,4.890230508521199,1785485301.9373844,1785485306.8276148,1785485301.937429,1785485306.81207,1785485306.8274765,4.874640723690391,0.01540660485625267
5,prefix_cache_routing_4ep_1.5b_hitrate,formal,1,1102,18.4 (Ubuntu 18.4-1.pgdg22.04+1),0.8.5,1862,1102:request:301862,1102:batch:189,-1,False,endpoint-2:worker:0,0,668556,default,endpoint-2,1,completed,,4.923855781555176,0.018770456314086914,301862,1,966,372,158,4.871306989341974,1785485301.9430928,1785485306.8143992,1785485301.9431608,1785485306.8097012,1785485306.8141687,4.8665400221943855,0.0044676680117845535
5,prefix_cache_routing_4ep_1.5b_hitrate,formal,1,1102,18.4 (Ubuntu 18.4-1.pgdg22.04+1),0.8.5,1863,1102:request:301863,1102:batch:189,-1,False,endpoint-2:worker:0,0,668556,default,endpoint-2,1,completed,,4.923707962036133,0.018043994903564453,301863,1,1666,743,134,4.891268711537123,1785485301.9464638,1785485306.8377323,1785485301.9464972,1785485306.83219,1785485306.8374426,4.885692711919546,0.005252597853541374
5,prefix_cache_routing_4ep_1.5b_hitrate,formal,1,1102,18.4 (Ubuntu 18.4-1.pgdg22.04+1),0.8.5,1864,1102:request:301864,1102:batch:189,-1,False,endpoint-0:worker:0,0,668553,default,endpoint-0,0,completed,,4.708485126495361,0.0017435550689697266,301864,1,755,230,151,4.700252071022987,1785485301.9320836,1785485306.6323354,1785485301.932129,1785485306.6298938,1785485306.632158,4.69776494987309,0.002264052629470825
5,prefix_cache_routing_4ep_1.5b_hitrate,formal,1,1102,18.4 (Ubuntu 18.4-1.pgdg22.04+1),0.8.5,1865,1102:request:301865,1102:batch:189,-1,False,endpoint-0:worker:0,0,668553,default,endpoint-0,0,completed,,4.704411506652832,0.001712799072265625,301865,1,1161,421,106,4.6935854107141495,1785485301.9344356,1785485306.628021,1785485301.9344704,1785485306.6258378,1785485306.6277363,4.691367957741022,0.0018980279564857483
5,prefix_cache_routing_4ep_1.5b_hitrate,formal,1,1102,18.4 (Ubuntu 18.4-1.pgdg22.04+1),0.8.5,1866,1102:request:301866,1102:batch:189,-1,False,endpoint-2:worker:0,0,668556,default,endpoint-2,1,completed,,4.917312145233154,0.015578508377075195,301866,1,1625,613,140,4.878775674849749,1785485301.950612,1785485306.8293874,1785485301.9506438,1785485306.812364,1785485306.8291395,4.861720480024815,0.016775233671069145
5,prefix_cache_routing_4ep_1.5b_hitrate,formal,1,1102,18.4 (Ubuntu 18.4-1.pgdg22.04+1),0.8.5,1867,1102:request:301867,1102:batch:190,-1,False,endpoint-0:worker:0,0,668553,default,endpoint-0,0,completed,,4.702699899673462,0.0011858940124511719,301867,1,694,148,127,4.696096641942859,1785485301.937845,1785485306.6339412,1785485301.9378793,1785485306.6302419,1785485306.6337936,4.692362509667873,0.003551499918103218
5,prefix_cache_routing_4ep_1.5b_hitrate,formal,1,1102,18.4 (Ubuntu 18.4-1.pgdg22.04+1),0.8.5,1868,1102:request:301868,1102:batch:190,-1,False,endpoint-2:worker:0,0,668556,default,endpoint-2,1,completed,,4.913347005844116,0.013992786407470703,301868,1,1097,292,103,4.882571557536721,1785485301.9532,1785485306.8357716,1785485301.9532316,1785485306.8318315,1785485306.8355474,4.878599984571338,0.003715990111231804
5,prefix_cache_routing_4ep_1.5b_hitrate,formal,1,1102,18.4 (Ubuntu 18.4-1.pgdg22.04+1),0.8.5,1869,1102:request:301869,1102:batch:190,-1,False,endpoint-2:worker:0,0,668556,default,endpoint-2,1,completed,,4.910168647766113,0.013847589492797852,301869,1,1555,462,124,4.867004672065377,1785485301.9556,1785485306.822605,1785485301.9556305,1785485306.8112185,1785485306.8223736,4.855587892234325,0.011154979467391968
5,prefix_cache_routing_4ep_1.5b_hitrate,formal,1,1102,18.4 (Ubuntu 18.4-1.pgdg22.04+1),0.8.5,1870,1102:request:301870,1102:batch:190,-1,False,endpoint-3:worker:0,0,668555,default,endpoint-3,1,completed,,6.415942668914795,0.0020704269409179688,301870,1,677,188,109,6.374740455299616,1785485301.9462118,1785485308.3209522,1785485301.9462435,1785485308.3171449,1785485308.3207586,6.370901415124536,0.0036132149398326874
5,prefix_cache_routing_4ep_1.5b_hitrate,formal,1,1102,18.4 (Ubuntu 18.4-1.pgdg22.04+1),0.8.5,1871,1102:request:301871,1102:batch:190,-1,False,endpoint-2:worker:0,0,668556,default,endpoint-2,1,completed,,4.904176712036133,0.012537956237792969,301871,1,984,334,124,4.86703666113317,1785485301.9589248,1785485306.8259616,1785485301.9589572,1785485306.8117855,1785485306.8257785,4.852828187867999,0.01399279199540615
5,prefix_cache_routing_4ep_1.5b_hitrate,formal,1,1102,18.4 (Ubuntu 18.4-1.pgdg22.04+1),0.8.5,1872,1102:request:301872,1102:batch:190,-1,False,endpoint-0:worker:0,0,668553,default,endpoint-0,0,completed,,4.68940544128418,0.0021469593048095703,301872,1,1258,463,103,4.684584476053715,1785485301.9510517,1785485306.6356356,1785485301.9511178,1785485306.6305604,1785485306.6354215,4.679442519322038,0.004860814660787582
5,prefix_cache_routing_4ep_1.5b_hitrate,formal,1,1102,18.4 (Ubuntu 18.4-1.pgdg22.04+1),0.8.5,1873,1102:request:301873,1102:batch:190,-1,False,endpoint-1:worker:0,0,668554,default,endpoint-1,0,completed,,4.762437343597412,0.0017404556274414062,301873,1,1311,380,86,4.758317170664668,1785485301.954308,1785485306.7126248,1785485301.9543428,1785485306.710915,1785485306.7123923,4.756572257727385,0.0014773029834032059
5,prefix_cache_routing_4ep_1.5b_hitrate,formal,1,1102,18.4 (Ubuntu 18.4-1.pgdg22.04+1),0.8.5,1874,1102:request:301874,1102:batch:190,-1,False,endpoint-0:worker:0,0,668553,default,endpoint-0,0,completed,,4.683497428894043,0.0017940998077392578,301874,1,271,10,150,4.673547571524978,1785485301.956045,1785485306.6295922,1785485301.9560785,1785485306.6262383,1785485306.6294944,4.670159816741943,0.003256019204854965
5,prefix_cache_routing_4ep_1.5b_hitrate,formal,1,1102,18.4 (Ubuntu 18.4-1.pgdg22.04+1),0.8.5,1875,1102:request:301875,1102:batch:191,-1,False,endpoint-2:worker:0,0,668556,default,endpoint-2,1,completed,,4.895870923995972,0.01661825180053711,301875,1,740,382,218,4.871035946533084,1785485301.9724355,1785485306.8434713,1785485301.9724772,1785485306.8331385,1785485306.8432918,4.860661307349801,0.010153049603104591
5,prefix_cache_routing_4ep_1.5b_hitrate,formal,1,1102,18.4 (Ubuntu 18.4-1.pgdg22.04+1),0.8.5,1876,1102:request:301876,1102:batch:191,-1,False,endpoint-3:worker:0,0,668555,default,endpoint-3,1,completed,,5.753365755081177,0.001798868179321289,301876,1,205,4,167,5.74959846585989,1785485301.9592242,1785485307.7088225,1785485301.9592824,1785485307.707481,1785485307.708736,5.7481983080506325,0.0012550409883260727
5,prefix_cache_routing_4ep_1.5b_hitrate,formal,1,1102,18.4 (Ubuntu 18.4-1.pgdg22.04+1),0.8.5,1877,1102:request:301877,1102:batch:191,-1,False,endpoint-3:worker:0,0,668555,default,endpoint-3,1,completed,,6.418078660964966,0.0034983158111572266,301877,1,383,108,211,6.364693555980921,1785485301.9629407,1785485308.327634,1785485301.962975,1785485308.3212583,1785485308.3274968,6.358283353969455,0.0062384940683841705
5,prefix_cache_routing_4ep_1.5b_hitrate,formal,1,1102,18.4 (Ubuntu 18.4-1.pgdg22.04+1),0.8.5,1878,1102:request:301878,1102:batch:191,-1,False,endpoint-1:worker:0,0,668554,default,endpoint-1,0,completed,,4.757276296615601,0.0014934539794921875,301878,1,626,294,207,4.754961917176843,1785485301.963277,1785485306.7182384,1785485301.963326,1785485306.7167234,1785485306.718068,4.753397287800908,0.0013443324714899063
5,prefix_cache_routing_4ep_1.5b_hitrate,formal,1,1102,18.4 (Ubuntu 18.4-1.pgdg22.04+1),0.8.5,1879,1102:request:301879,1102:batch:191,-1,False,endpoint-1:worker:0,0,668554,default,endpoint-1,0,completed,,4.092526912689209,0.0012285709381103516,301879,1,907,573,167,4.090077919885516,1785485301.965246,1785485306.0553236,1785485301.9652822,1785485306.0539904,1785485306.0550663,4.088708372786641,0.0010756496340036392
5,prefix_cache_routing_4ep_1.5b_hitrate,formal,1,1102,18.4 (Ubuntu 18.4-1.pgdg22.04+1),0.8.5,1880,1102:request:301880,1102:batch:191,-1,False,endpoint-1:worker:0,0,668554,default,endpoint-1,0,completed,,4.596703767776489,0.00209808349609375,301880,1,1271,836,195,4.593275658786297,1785485302.138015,1785485306.7312903,1785485302.1380658,1785485306.728644,1785485306.730997,4.59057791531086,0.0023530274629592896
5,prefix_cache_routing_4ep_1.5b_hitrate,formal,1,1102,18.4 (Ubuntu 18.4-1.pgdg22.04+1),0.8.5,1881,1102:request:301881,1102:batch:191,-1,False,endpoint-0:worker:0,0,668553,default,endpoint-0,0,completed,,4.529286623001099,0.008021831512451172,301881,1,580,226,192,4.5080498568713665,1785485302.1465304,1785485306.6545799,1785485302.1466484,1785485306.649376,1785485306.6544187,4.50272767432034,0.005042463541030884
5,prefix_cache_routing_4ep_1.5b_hitrate,formal,1,1102,18.4 (Ubuntu 18.4-1.pgdg22.04+1),0.8.5,1882,1102:request:301882,1102:batch:191,-1,False,endpoint-2:worker:0,0,668556,default,endpoint-2,1,completed,,4.709790229797363,0.0027618408203125,301882,1,873,430,147,4.70093191601336,1785485302.144444,1785485306.845375,1785485302.1445434,1785485306.8334332,1785485306.8451853,4.688889229670167,0.011752262711524963
5,prefix_cache_routing_4ep_1.5b_hitrate,formal,1,1102,18.4 (Ubuntu 18.4-1.pgdg22.04+1),0.8.5,1883,1102:request:301883,1102:batch:191,-1,False,endpoint-1:worker:0,0,668554,default,endpoint-1,0,completed,,4.644737482070923,0.0014729499816894531,301883,1,1133,609,210,4.642001751810312,1785485302.1448953,1785485306.7868967,1785485302.1449447,1785485306.7839205,1785485306.7866225,4.638976400718093,0.0027012601494789124
5,prefix_cache_routing_4ep_1.5b_hitrate,formal,1,1102,18.4 (Ubuntu 18.4-1.pgdg22.04+1),0.8.5,1884,1102:request:301884,1102:batch:191,-1,False,endpoint-0:worker:0,0,668553,default,endpoint-0,0,completed,,3.0293686389923096,0.001514434814453125,301884,1,1284,829,119,3.025925086811185,1785485302.1495054,1785485305.1754308,1785485302.1495464,1785485305.1738255,1785485305.174735,3.0242793932557106,0.0009095799177885056
5,prefix_cache_routing_4ep_1.5b_hitrate,formal,1,1102,18.4 (Ubuntu 18.4-1.pgdg22.04+1),0.8.5,1885,1102:request:301885,1102:batch:191,-1,False,endpoint-3:worker:0,0,668555,default,endpoint-3,1,completed,,5.560187816619873,0.0025937557220458984,301885,1,219,5,165,5.554457867518067,1785485302.1527054,1785485307.7071626,1785485302.1527991,1785485307.7047215,1785485307.7070632,5.551922550424933,0.002341214567422867
5,prefix_cache_routing_4ep_1.5b_hitrate,formal,1,1102,18.4 (Ubuntu 18.4-1.pgdg22.04+1),0.8.5,1886,1102:request:301886,1102:batch:192,-1,False,endpoint-0:worker:0,0,668553,default,endpoint-0,0,completed,,4.514336824417114,0.0011723041534423828,301886,1,365,71,219,4.499160071834922,1785485302.15362,1785485306.65278,1785485302.1536536,1785485306.649044,1785485306.6526,4.495390582829714,0.0035560242831707
5,prefix_cache_routing_4ep_1.5b_hitrate,formal,1,1102,18.4 (Ubuntu 18.4-1.pgdg22.04+1),0.8.5,1887,1102:request:301887,1102:batch:192,-1,False,endpoint-0:worker:0,0,668553,default,endpoint-0,0,completed,,3.1411690711975098,0.0011126995086669922,301887,1,368,138,124,3.136539423838258,1785485302.1555283,1785485305.2920678,1785485302.1555643,1785485305.2906773,1785485305.2917655,3.1351134236902,0.001088116317987442
5,prefix_cache_routing_4ep_1.5b_hitrate,formal,1,1102,18.4 (Ubuntu 18.4-1.pgdg22.04+1),0.8.5,1888,1102:request:301888,1102:batch:192,-1,False,endpoint-0:worker:0,0,668553,default,endpoint-0,0,completed,,3.8871359825134277,0.0012636184692382812,301888,1,608,260,163,3.8828712701797485,1785485302.1573582,1785485306.0402293,1785485302.1573937,1785485306.0379305,1785485306.0399947,3.8805376403033733,0.0020636022090911865
5,prefix_cache_routing_4ep_1.5b_hitrate,formal,1,1102,18.4 (Ubuntu 18.4-1.pgdg22.04+1),0.8.5,1889,1102:request:301889,1102:batch:192,-1,False,endpoint-0:worker:0,0,668553,default,endpoint-0,0,completed,,4.507827997207642,0.004498004913330078,301889,1,854,420,196,4.497338712215424,1785485302.1627889,1785485306.6601274,1785485302.162825,1785485306.650483,1785485306.6599293,4.487658470869064,0.009445732459425926
5,prefix_cache_routing_4ep_1.5b_hitrate,formal,1,1102,18.4 (Ubuntu 18.4-1.pgdg22.04+1),0.8.5,1890,1102:request:301890,1102:batch:192,-1,False,endpoint-0:worker:0,0,668553,default,endpoint-0,0,completed,,4.0055015087127686,0.004662752151489258,301890,1,977,564,154,3.9992605205625296,1785485302.1645668,1785485306.1638272,1785485302.1646206,1785485306.161804,1785485306.1634727,3.9971835985779762,0.0016684886068105698
5,prefix_cache_routing_4ep_1.5b_hitrate,formal,1,1102,18.4 (Ubuntu 18.4-1.pgdg22.04+1),0.8.5,1891,1102:request:301891,1102:batch:192,-1,False,endpoint-0:worker:0,0,668553,default,endpoint-0,0,completed,,4.499986171722412,0.00410008430480957,301891,1,650,187,173,4.480764226987958,1785485302.167985,1785485306.6487489,1785485302.1680648,1785485306.6465375,1785485306.6485517,4.478472854942083,0.0020139403641223907
5,prefix_cache_routing_4ep_1.5b_hitrate,formal,1,1102,18.4 (Ubuntu 18.4-1.pgdg22.04+1),0.8.5,1892,1102:request:301892,1102:batch:192,-1,False,endpoint-0:worker:0,0,668553,default,endpoint-0,0,completed,,4.501691579818726,0.006378650665283203,301892,1,267,9,190,4.484061324968934,1785485302.1722047,1785485306.656266,1785485302.1722407,1785485306.6496873,1785485306.6561759,4.47744663618505,0.0064883753657341
5,prefix_cache_routing_4ep_1.5b_hitrate,formal,1,1102,18.4 (Ubuntu 18.4-1.pgdg22.04+1),0.8.5,1893,1102:request:301893,1102:batch:192,-1,False,endpoint-1:worker:0,0,668554,default,endpoint-1,0,completed,,4.654009103775024,0.002366781234741211,301893,1,408,117,193,4.63327619060874,1785485302.1720114,1785485306.8052871,1785485302.1720479,1785485306.8009949,1785485306.8051713,4.628946794196963,0.004176395013928413
5,prefix_cache_routing_4ep_1.5b_hitrate,formal,1,1102,18.4 (Ubuntu 18.4-1.pgdg22.04+1),0.8.5,1894,1102:request:301894,1102:batch:192,-1,False,endpoint-0:worker:0,0,668553,default,endpoint-0,0,completed,,3.979158639907837,0.0018894672393798828,301894,1,225,7,175,3.975423911586404,1785485302.17415,1785485306.1495736,1785485302.1741831,1785485306.147874,1785485306.1494749,3.973691226914525,0.0016001854091882706
5,prefix_cache_routing_4ep_1.5b_hitrate,formal,1,1102,18.4 (Ubuntu 18.4-1.pgdg22.04+1),0.8.5,1895,1102:request:301895,1102:batch:192,-1,False,endpoint-1:worker:0,0,668554,default,endpoint-1,0,completed,,4.656675100326538,0.0014770030975341797,301895,1,372,90,139,4.63042695261538,1785485302.1764104,1785485306.806837,1785485302.1764493,1785485306.801317,1785485306.8067338,4.624867556616664,0.005416812375187874
5,prefix_cache_routing_4ep_1.5b_hitrate,formal,1,1102,18.4 (Ubuntu 18.4-1.pgdg22.04+1),0.8.5,1896,1102:request:301896,1102:batch:192,-1,False,endpoint-3:worker:0,0,668555,default,endpoint-3,1,completed,,6.251883506774902,0.0020406246185302734,301896,1,262,4,203,6.1748107355087996,1785485302.1788495,1785485308.35366,1785485302.178894,1785485308.3254538,1785485308.3533635,6.146559681743383,0.027909504249691963
5,prefix_cache_routing_4ep_1.5b_hitrate,formal,1,1102,18.4 (Ubuntu 18.4-1.pgdg22.04+1),0.8.5,1897,1102:request:301897,1102:batch:192,-1,False,endpoint-1:worker:0,0,668554,default,endpoint-1,0,completed,,4.632607460021973,0.0011906623840332031,301897,1,400,124,173,4.62015170417726,1785485302.1800833,1785485306.800235,1785485302.1801157,1785485306.7972226,1785485306.7999952,4.617107247933745,0.0027720648795366287
5,prefix_cache_routing_4ep_1.5b_hitrate,formal,1,1102,18.4 (Ubuntu 18.4-1.pgdg22.04+1),0.8.5,1898,1102:request:301898,1102:batch:192,-1,False,endpoint-1:worker:0,0,668554,default,endpoint-1,0,completed,,4.669083118438721,0.0013778209686279297,301898,1,900,549,199,4.628546355292201,1785485302.1816397,1785485306.8101857,1785485302.1816757,1785485306.8019304,1785485306.8100076,4.62025460600853,0.008077215403318405
5,prefix_cache_routing_4ep_1.5b_hitrate,formal,1,1102,18.4 (Ubuntu 18.4-1.pgdg22.04+1),0.8.5,1899,1102:request:301899,1102:batch:192,-1,False,endpoint-0:worker:0,0,668553,default,endpoint-0,0,completed,,4.4813902378082275,0.0015718936920166016,301899,1,1297,885,196,4.473406501114368,1785485302.1848772,1785485306.658283,1785485302.1849232,1785485306.649988,1785485306.6579878,4.465064417570829,0.008000047877430916
5,prefix_cache_routing_4ep_1.5b_hitrate,formal,1,1102,18.4 (Ubuntu 18.4-1.pgdg22.04+1),0.8.5,1900,1102:request:301900,1102:batch:192,-1,False,endpoint-1:worker:0,0,668554,default,endpoint-1,0,completed,,4.637143611907959,0.002466917037963867,301900,1,493,209,208,4.61613161675632,1785485302.187563,1785485306.8036942,1785485302.1876018,1785485306.8006408,1785485306.8035543,4.613038929179311,0.0029135048389434814
5,prefix_cache_routing_4ep_1.5b_hitrate,formal,1,1102,18.4 (Ubuntu 18.4-1.pgdg22.04+1),0.8.5,1901,1102:request:301901,1102:batch:193,-1,False,endpoint-1:worker:0,0,668554,default,endpoint-1,0,completed,,4.644520282745361,0.0017936229705810547,301901,1,821,483,162,4.6192474737763405,1785485302.1892457,1785485306.808493,1785485302.1892834,1785485306.8016255,1785485306.808322,4.612342355772853,0.0066963545978069305
5,prefix_cache_routing_4ep_1.5b_hitrate,formal,1,1102,18.4 (Ubuntu 18.4-1.pgdg22.04+1),0.8.5,1902,1102:request:301902,1102:batch:193,-1,False,endpoint-1:worker:0,0,668554,default,endpoint-1,0,completed,,4.620654821395874,0.0023131370544433594,301902,1,1162,727,219,4.579535832628608,1785485302.2348387,1785485306.8143744,1785485302.2348726,1785485306.8110027,1785485306.814121,4.576129838824272,0.0031184814870357513
5,prefix_cache_routing_4ep_1.5b_hitrate,formal,1,1102,18.4 (Ubuntu 18.4-1.pgdg22.04+1),0.8.5,1903,1102:request:301903,1102:batch:193,-1,False,endpoint-0:worker:0,0,668553,default,endpoint-0,0,completed,,4.431070804595947,0.0024900436401367188,301903,1,260,3,218,4.42574611119926,1785485302.2368631,1785485306.662609,1785485302.2369142,1785485306.6606865,1785485306.66251,4.423772383481264,0.0018230527639389038
5,prefix_cache_routing_4ep_1.5b_hitrate,formal,1,1102,18.4 (Ubuntu 18.4-1.pgdg22.04+1),0.8.5,1904,1102:request:301904,1102:batch:193,-1,False,endpoint-1:worker:0,0,668554,default,endpoint-1,0,completed,,4.632933855056763,0.001676321029663086,301904,1,275,15,122,4.5783731285482645,1785485302.237705,1785485306.8160782,1785485302.2377353,1785485306.8113875,1785485306.8159819,4.573652235791087,0.004594232887029648
5,prefix_cache_routing_4ep_1.5b_hitrate,formal,1,1102,18.4 (Ubuntu 18.4-1.pgdg22.04+1),0.8.5,1905,1102:request:301905,1102:batch:193,-1,False,endpoint-1:worker:0,0,668554,default,endpoint-1,0,completed,,4.636499404907227,0.0015254020690917969,301905,1,324,57,114,4.581302896142006,1785485302.2399838,1785485306.8212867,1785485302.24002,1785485306.8123639,1785485306.8211925,4.5723437666893005,0.008828552439808846
5,prefix_cache_routing_4ep_1.5b_hitrate,formal,1,1102,18.4 (Ubuntu 18.4-1.pgdg22.04+1),0.8.5,1906,1102:request:301906,1102:batch:193,-1,False,endpoint-2:worker:0,0,668556,default,endpoint-2,1,completed,,4.610931873321533,0.0028252601623535156,301906,1,262,5,176,4.604286188259721,1785485302.2429125,1785485306.8471978,1785485302.2429733,1785485306.8337178,1785485306.847116,4.590744260698557,0.013398107141256332
5,prefix_cache_routing_4ep_1.5b_hitrate,formal,1,1102,18.4 (Ubuntu 18.4-1.pgdg22.04+1),0.8.5,1907,1102:request:301907,1102:batch:193,-1,False,endpoint-1:worker:0,0,668554,default,endpoint-1,0,completed,,4.632186412811279,0.001308441162109375,301907,1,471,165,132,4.57406953163445,1785485302.2437134,1785485306.8177826,1785485302.2437465,1785485306.8117158,1785485306.817664,4.567969098687172,0.005948225036263466
5,prefix_cache_routing_4ep_1.5b_hitrate,formal,1,1102,18.4 (Ubuntu 18.4-1.pgdg22.04+1),0.8.5,1908,1102:request:301908,1102:batch:193,-1,False,endpoint-1:worker:0,0,668554,default,endpoint-1,0,completed,,4.62565803527832,0.00496983528137207,301908,1,869,459,178,4.570546394214034,1785485302.2490137,1785485306.81956,1785485302.2490525,1785485306.8120387,1785485306.819384,4.562986304983497,0.007345205172896385
5,prefix_cache_routing_4ep_1.5b_hitrate,formal,1,1102,18.4 (Ubuntu 18.4-1.pgdg22.04+1),0.8.5,1909,1102:request:301909,1102:batch:193,-1,False,endpoint-1:worker:0,0,668554,default,endpoint-1,0,completed,,4.6262123584747314,0.0036437511444091797,301909,1,1397,837,159,4.5751334093511105,1785485302.2499292,1785485306.8250628,1785485302.2499616,1785485306.8218677,1785485306.8247364,4.571906000375748,0.0028685200959444046
5,prefix_cache_routing_4ep_1.5b_hitrate,formal,1,1102,18.4 (Ubuntu 18.4-1.pgdg22.04+1),0.8.5,1910,1102:request:301910,1102:batch:193,-1,False,endpoint-1:worker:0,0,668554,default,endpoint-1,0,completed,,4.624749422073364,0.004110813140869141,301910,1,770,349,165,4.57374631613493,1785485302.2532208,1785485306.826967,1785485302.2532568,1785485306.8222136,1785485306.8268008,4.568957103416324,0.004587220028042793
5,prefix_cache_routing_4ep_1.5b_hitrate,formal,1,1102,18.4 (Ubuntu 18.4-1.pgdg22.04+1),0.8.5,1911,1102:request:301911,1102:batch:193,-1,False,endpoint-1:worker:0,0,668554,default,endpoint-1,0,completed,,4.623049736022949,0.003788471221923828,301911,1,1179,603,162,4.574512952938676,1785485302.2544127,1785485306.8289254,1785485302.2544503,1785485306.8225286,1785485306.8287122,4.568078014999628,0.0061837173998355865
5,prefix_cache_routing_4ep_1.5b_hitrate,formal,1,1102,18.4 (Ubuntu 18.4-1.pgdg22.04+1),0.8.5,1912,1102:request:301912,1102:batch:194,-1,False,endpoint-3:worker:0,0,668555,default,endpoint-3,1,completed,,6.156508684158325,0.0024597644805908203,301912,1,1542,837,118,6.055909998714924,1785485302.2783616,1785485308.3342712,1785485302.2784154,1785485308.3225622,1785485308.333991,6.044146886095405,0.011428648605942726
5,prefix_cache_routing_4ep_1.5b_hitrate,formal,1,1102,18.4 (Ubuntu 18.4-1.pgdg22.04+1),0.8.5,1913,1102:request:301913,1102:batch:194,-1,False,endpoint-1:worker:0,0,668554,default,endpoint-1,0,completed,,4.594730377197266,0.0024538040161132812,301913,1,273,12,180,4.550768839195371,1785485302.2800188,1785485306.8307867,1785485302.2800868,1785485306.8228278,1785485306.8306818,4.54274083301425,0.007853951305150986
5,prefix_cache_routing_4ep_1.5b_hitrate,formal,1,1102,18.4 (Ubuntu 18.4-1.pgdg22.04+1),0.8.5,1914,1102:request:301914,1102:batch:194,-1,False,endpoint-1:worker:0,0,668554,default,endpoint-1,0,completed,,3.560544967651367,0.0035479068756103516,301914,1,546,272,140,3.555045288056135,1785485302.2827046,1785485305.8377502,1785485302.2827396,1785485305.8350544,1785485305.8373618,3.5523154512047768,0.0023072510957717896
5,prefix_cache_routing_4ep_1.5b_hitrate,formal,1,1102,18.4 (Ubuntu 18.4-1.pgdg22.04+1),0.8.5,1915,1102:request:301915,1102:batch:194,-1,False,endpoint-0:worker:0,0,668553,default,endpoint-0,0,completed,,4.4146130084991455,0.0018575191497802734,301915,1,850,447,195,4.395327487960458,1785485302.284603,1785485306.6799304,1785485302.284641,1785485306.6757028,1785485306.679715,4.391061902046204,0.004012027755379677
5,prefix_cache_routing_4ep_1.5b_hitrate,formal,1,1102,18.4 (Ubuntu 18.4-1.pgdg22.04+1),0.8.5,1916,1102:request:301916,1102:batch:194,-1,False,endpoint-0:worker:0,0,668553,default,endpoint-0,0,completed,,4.410934686660767,0.0011301040649414062,301916,1,1085,618,207,4.397154757753015,1785485302.2866998,1785485306.6838543,1785485302.286739,1785485306.6763709,1785485306.6836212,4.3896317556500435,0.007250141352415085
5,prefix_cache_routing_4ep_1.5b_hitrate,formal,1,1102,18.4 (Ubuntu 18.4-1.pgdg22.04+1),0.8.5,1917,1102:request:301917,1102:batch:194,-1,False,endpoint-0:worker:0,0,668553,default,endpoint-0,0,completed,,3.6703271865844727,0.0011525154113769531,301917,1,1210,738,168,3.667743531987071,1785485302.2889168,1785485305.95666,1785485302.288956,1785485305.9541066,1785485305.9559824,3.6651511043310165,0.0018755681812763214
5,prefix_cache_routing_4ep_1.5b_hitrate,formal,1,1102,18.4 (Ubuntu 18.4-1.pgdg22.04+1),0.8.5,1918,1102:request:301918,1102:batch:194,-1,False,endpoint-0:worker:0,0,668553,default,endpoint-0,0,completed,,4.405792713165283,0.0015633106231689453,301918,1,269,10,147,4.390949612483382,1785485302.2908967,1785485306.681846,1785485302.290929,1785485306.6760461,1785485306.6817403,4.38511697947979,0.005694124847650528
5,prefix_cache_routing_4ep_1.5b_hitrate,formal,1,1102,18.4 (Ubuntu 18.4-1.pgdg22.04+1),0.8.5,1919,1102:request:301919,1102:batch:194,-1,False,endpoint-0:worker:0,0,668553,default,endpoint-0,0,completed,,4.406210422515869,0.0026102066040039062,301919,1,286,26,181,4.394215347245336,1785485302.2934985,1785485306.6877139,1785485302.2935307,1785485306.6769783,1785485306.6876068,4.383447987958789,0.01062820479273796
5,prefix_cache_routing_4ep_1.5b_hitrate,formal,1,1102,18.4 (Ubuntu 18.4-1.pgdg22.04+1),0.8.5,1920,1102:request:301920,1102:batch:194,-1,False,endpoint-0:worker:0,0,668553,default,endpoint-0,0,completed,,4.324330568313599,0.002672433853149414,301920,1,269,16,223,4.317419348284602,1785485302.2950387,1785485306.612458,1785485302.2950764,1785485306.6108828,1785485306.6123638,4.31580663099885,0.001480892300605774
5,prefix_cache_routing_4ep_1.5b_hitrate,formal,1,1102,18.4 (Ubuntu 18.4-1.pgdg22.04+1),0.8.5,1921,1102:request:301921,1102:batch:194,-1,False,endpoint-0:worker:0,0,668553,default,endpoint-0,0,completed,,1.9846975803375244,0.003725767135620117,301921,1,262,149,75,1.9788645878434181,1785485302.2975478,1785485304.2764125,1785485302.2975776,1785485304.2750819,1785485304.27614,1.9775049407035112,0.001057606190443039
5,prefix_cache_routing_4ep_1.5b_hitrate,formal,1,1102,18.4 (Ubuntu 18.4-1.pgdg22.04+1),0.8.5,1922,1102:request:301922,1102:batch:194,-1,False,endpoint-0:worker:0,0,668553,default,endpoint-0,0,completed,,4.399560451507568,0.003111124038696289,301922,1,747,381,210,4.38670458085835,1785485302.2990987,1785485306.685803,1785485302.2991638,1785485306.676682,1785485306.6856506,4.377517914399505,0.008968587964773178
5,prefix_cache_routing_4ep_1.5b_hitrate,formal,1,1102,18.4 (Ubuntu 18.4-1.pgdg22.04+1),0.8.5,1923,1102:request:301923,1102:batch:194,-1,False,endpoint-0:worker:0,0,668553,default,endpoint-0,0,completed,,4.3993189334869385,0.0069561004638671875,301923,1,941,544,214,4.385303432121873,1785485302.3044384,1785485306.6897416,1785485302.304603,1785485306.677268,1785485306.6895404,4.37266462855041,0.012272501364350319
5,prefix_cache_routing_4ep_1.5b_hitrate,formal,1,1102,18.4 (Ubuntu 18.4-1.pgdg22.04+1),0.8.5,1924,1102:request:301924,1102:batch:195,-1,False,endpoint-0:worker:0,0,668553,default,endpoint-0,0,completed,,4.395876169204712,0.005934476852416992,301924,1,1046,670,222,4.387605354189873,1785485302.3062553,1785485306.6938605,1785485302.306293,1785485306.6778235,1785485306.693649,4.371530635282397,0.015825588256120682
5,prefix_cache_routing_4ep_1.5b_hitrate,formal,1,1102,18.4 (Ubuntu 18.4-1.pgdg22.04+1),0.8.5,1925,1102:request:301925,1102:batch:195,-1,False,endpoint-0:worker:0,0,668553,default,endpoint-0,0,completed,,0.749579668045044,0.0056040287017822266,301925,1,518,404,19,0.7418601475656033,1785485302.3092902,1785485303.05115,1785485302.3093288,1785485303.049379,1785485303.0508835,0.7400508020073175,0.0015042144805192947
5,prefix_cache_routing_4ep_1.5b_hitrate,formal,1,1102,18.4 (Ubuntu 18.4-1.pgdg22.04+1),0.8.5,1926,1102:request:301926,1102:batch:195,-1,False,endpoint-0:worker:0,0,668553,default,endpoint-0,0,completed,,0.7572057247161865,0.0049915313720703125,301926,1,552,428,19,0.7508797999471426,1785485302.3109627,1785485303.0618424,1785485302.311004,1785485303.0608888,1785485303.0616858,0.7498850449919701,0.000796731561422348
5,prefix_cache_routing_4ep_1.5b_hitrate,formal,1,1102,18.4 (Ubuntu 18.4-1.pgdg22.04+1),0.8.5,1927,1102:request:301927,1102:batch:195,-1,False,endpoint-0:worker:0,0,668553,default,endpoint-0,0,completed,,4.387742757797241,0.0037975311279296875,301927,1,820,456,200,4.3798244800418615,1785485302.3119452,1785485306.6917696,1785485302.3119774,1785485306.6775477,1785485306.6915998,4.365570155903697,0.014052027836441994
5,prefix_cache_routing_4ep_1.5b_hitrate,formal,1,1102,18.4 (Ubuntu 18.4-1.pgdg22.04+1),0.8.5,1928,1102:request:301928,1102:batch:195,-1,False,endpoint-0:worker:0,0,668553,default,endpoint-0,0,completed,,4.384458541870117,0.004530191421508789,301928,1,1259,792,189,4.3606134206056595,1785485302.3147802,1785485306.6753933,1785485302.314827,1785485306.6727626,1785485306.6750822,4.357935855165124,0.002319440245628357
5,prefix_cache_routing_4ep_1.5b_hitrate,formal,1,1102,18.4 (Ubuntu 18.4-1.pgdg22.04+1),0.8.5,1929,1102:request:301929,1102:batch:195,-1,False,endpoint-1:worker:0,0,668554,default,endpoint-1,0,completed,,4.497516870498657,0.0021514892578125,301929,1,793,472,206,4.465832710266113,1785485302.3781097,1785485306.843942,1785485302.3781486,1785485306.832953,1785485306.8437536,4.454804629087448,0.010800221934914589
5,prefix_cache_routing_4ep_1.5b_hitrate,formal,1,1102,18.4 (Ubuntu 18.4-1.pgdg22.04+1),0.8.5,1930,1102:request:301930,1102:batch:195,-1,False,endpoint-1:worker:0,0,668554,default,endpoint-1,0,completed,,4.492637395858765,0.0024542808532714844,301930,1,281,21,191,4.459607528522611,1785485302.3802035,1785485306.8398108,1785485302.3802369,1785485306.8323274,1785485306.8397155,4.452090561389923,0.007388221099972725
5,prefix_cache_routing_4ep_1.5b_hitrate,formal,1,1102,18.4 (Ubuntu 18.4-1.pgdg22.04+1),0.8.5,1931,1102:request:301931,1102:batch:195,-1,False,endpoint-1:worker:0,0,668554,default,endpoint-1,0,completed,,4.491856098175049,0.0020041465759277344,301931,1,609,276,197,4.459806939586997,1785485302.3820286,1785485306.8418353,1785485302.3820662,1785485306.8326414,1785485306.8416998,4.450574856251478,0.009058542549610138
5,prefix_cache_routing_4ep_1.5b_hitrate,formal,1,1102,18.4 (Ubuntu 18.4-1.pgdg22.04+1),0.8.5,1932,1102:request:301932,1102:batch:195,-1,False,endpoint-1:worker:0,0,668554,default,endpoint-1,0,completed,,3.85182523727417,0.0023043155670166016,301932,1,909,543,179,3.8469588588923216,1785485302.3838227,1785485306.230781,1785485302.383857,1785485306.2294075,1785485306.2305841,3.8455506041646004,0.0011764373630285263
5,prefix_cache_routing_4ep_1.5b_hitrate,formal,1,1102,18.4 (Ubuntu 18.4-1.pgdg22.04+1),0.8.5,1933,1102:request:301933,1102:batch:195,-1,False,endpoint-1:worker:0,0,668554,default,endpoint-1,0,completed,,4.489929437637329,0.0016024112701416016,301933,1,1336,852,193,4.451923632994294,1785485302.385907,1785485306.8378303,1785485302.385944,1785485306.8319883,1785485306.8375576,4.446044409647584,0.005569150671362877
5,prefix_cache_routing_4ep_1.5b_hitrate,formal,1,1102,18.4 (Ubuntu 18.4-1.pgdg22.04+1),0.8.5,1934,1102:request:301934,1102:batch:196,-1,False,endpoint-1:worker:0,0,668554,default,endpoint-1,0,completed,,4.48392653465271,0.0015540122985839844,301934,1,1729,462,132,4.457569602876902,1785485302.3886423,1785485306.846212,1785485302.3886817,1785485306.8332715,1785485306.8458962,4.444589765742421,0.012624753639101982
5,prefix_cache_routing_4ep_1.5b_hitrate,formal,1,1102,18.4 (Ubuntu 18.4-1.pgdg22.04+1),0.8.5,1935,1102:request:301935,1102:batch:196,-1,False,endpoint-1:worker:0,0,668554,default,endpoint-1,0,completed,,4.485442876815796,0.0017452239990234375,301935,1,266,6,194,4.458029076457024,1785485302.3903446,1785485306.8483734,1785485302.3903818,1785485306.8335679,1785485306.8482814,4.4431857112795115,0.014713551849126816
5,prefix_cache_routing_4ep_1.5b_hitrate,formal,1,1102,18.4 (Ubuntu 18.4-1.pgdg22.04+1),0.8.5,1936,1102:request:301936,1102:batch:196,-1,False,endpoint-1:worker:0,0,668554,default,endpoint-1,0,completed,,4.482901096343994,0.0017690658569335938,301936,1,491,181,177,4.4437573328614235,1785485302.3919365,1785485306.835694,1785485302.3919692,1785485306.8316174,1785485306.8355477,4.439647993072867,0.003930401057004929
5,prefix_cache_routing_4ep_1.5b_hitrate,formal,1,1102,18.4 (Ubuntu 18.4-1.pgdg22.04+1),0.8.5,1937,1102:request:301937,1102:batch:196,-1,False,endpoint-1:worker:0,0,668554,default,endpoint-1,0,completed,,4.480846643447876,0.0013935565948486328,301937,1,690,331,195,4.469054454937577,1785485302.3938096,1785485306.862864,1785485302.393843,1785485306.8503969,1785485306.862719,4.456553902477026,0.012322144582867622
5,prefix_cache_routing_4ep_1.5b_hitrate,formal,1,1102,18.4 (Ubuntu 18.4-1.pgdg22.04+1),0.8.5,1938,1102:request:301938,1102:batch:196,-1,False,endpoint-1:worker:0,0,668554,default,endpoint-1,0,completed,,4.32025933265686,0.0014846324920654297,301938,1,874,481,195,4.315042268484831,1785485302.395531,1785485306.7105732,1785485302.3955686,1785485306.7077909,1785485306.710331,4.312222803011537,0.002539491280913353
5,prefix_cache_routing_4ep_1.5b_hitrate,formal,1,1102,18.4 (Ubuntu 18.4-1.pgdg22.04+1),0.8.5,1939,1102:request:301939,1102:batch:196,-1,False,endpoint-1:worker:0,0,668554,default,endpoint-1,0,completed,,4.477031707763672,0.001445770263671875,301939,1,271,14,188,4.458939349278808,1785485302.3971045,1785485306.8560436,1785485302.397143,1785485306.8494492,1785485306.8559463,4.452306572347879,0.0064967963844537735
5,prefix_cache_routing_4ep_1.5b_hitrate,formal,1,1102,18.4 (Ubuntu 18.4-1.pgdg22.04+1),0.8.5,1940,1102:request:301940,1102:batch:196,-1,False,endpoint-1:worker:0,0,668554,default,endpoint-1,0,completed,,4.476599454879761,0.0010781288146972656,301940,1,704,365,180,4.468648370355368,1785485302.398893,1785485306.8675416,1785485302.39893,1785485306.8509805,1785485306.8673732,4.452049916610122,0.016392720863223076
5,prefix_cache_routing_4ep_1.5b_hitrate,formal,1,1102,18.4 (Ubuntu 18.4-1.pgdg22.04+1),0.8.5,1941,1102:request:301941,1102:batch:196,-1,False,endpoint-1:worker:0,0,668554,default,endpoint-1,0,completed,,4.472800970077515,0.0012319087982177734,301941,1,1069,640,191,4.459273021668196,1785485302.4013104,1785485306.8605833,1785485302.4013474,1785485306.8501005,1785485306.8603709,4.448752995580435,0.010270334780216217
5,prefix_cache_routing_4ep_1.5b_hitrate,formal,1,1102,18.4 (Ubuntu 18.4-1.pgdg22.04+1),0.8.5,1942,1102:request:301942,1102:batch:196,-1,False,endpoint-1:worker:0,0,668554,default,endpoint-1,0,completed,,4.473117828369141,0.0017592906951904297,301942,1,559,183,191,4.450393659994006,1785485302.4034128,1785485306.8538063,1785485302.4034657,1785485306.849047,1785485306.8535955,4.445581041276455,0.004548370838165283
5,prefix_cache_routing_4ep_1.5b_hitrate,formal,1,1102,18.4 (Ubuntu 18.4-1.pgdg22.04+1),0.8.5,1943,1102:request:301943,1102:batch:196,-1,False,endpoint-1:worker:0,0,668554,default,endpoint-1,0,completed,,4.46831488609314,0.002605915069580078,301943,1,270,8,100,4.452310973778367,1785485302.4059343,1785485306.8582451,1785485302.4059956,1785485306.8497863,1785485306.85816,4.443790707737207,0.008373666554689407
5,prefix_cache_routing_4ep_1.5b_hitrate,formal,1,1102,18.4 (Ubuntu 18.4-1.pgdg22.04+1),0.8.5,1944,1102:request:301944,1102:batch:196,-1,False,endpoint-1:worker:0,0,668554,default,endpoint-1,0,completed,,3.8269317150115967,0.004879474639892578,301944,1,565,237,159,3.8185170013457537,1785485302.4105744,1785485306.2290914,1785485302.4106126,1785485306.2267013,1785485306.2289402,3.81608921661973,0.0022383686155080795
5,prefix_cache_routing_4ep_1.5b_hitrate,formal,1,1102,18.4 (Ubuntu 18.4-1.pgdg22.04+1),0.8.5,1945,1102:request:301945,1102:batch:196,-1,False,endpoint-1:worker:0,0,668554,default,endpoint-1,0,completed,,4.463796615600586,0.0032601356506347656,301945,1,963,480,149,4.453632954508066,1785485302.411564,1785485306.8651967,1785485302.411602,1785485306.8506856,1785485306.8650322,4.439083945006132,0.014346292242407799
5,prefix_cache_routing_4ep_1.5b_hitrate,formal,1,1102,18.4 (Ubuntu 18.4-1.pgdg22.04+1),0.8.5,1946,1102:request:301946,1102:batch:197,-1,False,endpoint-2:worker:0,0,668556,default,endpoint-2,1,completed,,4.268988370895386,0.002302408218383789,301946,1,1322,727,165,4.264889864251018,1785485302.7603943,1785485307.025284,1785485302.7604294,1785485307.022798,1785485307.025,4.262369012460113,0.0022018607705831528
5,prefix_cache_routing_4ep_1.5b_hitrate,formal,1,1102,18.4 (Ubuntu 18.4-1.pgdg22.04+1),0.8.5,1947,1102:request:301947,1102:batch:197,-1,False,endpoint-3:worker:0,0,668555,default,endpoint-3,1,completed,,5.668380498886108,0.0028934478759765625,301947,1,280,19,213,5.573325287550688,1785485302.7627485,1785485308.3360727,1785485302.7628453,1785485308.322858,1785485308.335952,5.560012377798557,0.013094326481223106
5,prefix_cache_routing_4ep_1.5b_hitrate,formal,1,1102,18.4 (Ubuntu 18.4-1.pgdg22.04+1),0.8.5,1948,1102:request:301948,1102:batch:197,-1,False,endpoint-0:worker:0,0,668553,default,endpoint-0,0,completed,,4.046328544616699,0.002568483352661133,301948,1,1103,525,149,4.042252549901605,1785485302.7640805,1785485306.8063326,1785485302.7641525,1785485306.8034258,1785485306.8060446,4.0392736699432135,0.002618085592985153
5,prefix_cache_routing_4ep_1.5b_hitrate,formal,1,1102,18.4 (Ubuntu 18.4-1.pgdg22.04+1),0.8.5,1949,1102:request:301949,1102:batch:197,-1,False,endpoint-1:worker:0,0,668554,default,endpoint-1,0,completed,,4.053559064865112,0.0023272037506103516,301949,1,969,428,156,4.049740299582481,1785485302.8933575,1785485306.9430976,1785485302.8934047,1785485306.9393356,1785485306.9428914,4.045931303873658,0.003555193543434143
5,prefix_cache_routing_4ep_1.5b_hitrate,formal,1,1102,18.4 (Ubuntu 18.4-1.pgdg22.04+1),0.8.5,1950,1102:request:301950,1102:batch:197,-1,False,endpoint-0:worker:0,0,668553,default,endpoint-0,0,completed,,3.9308021068573,0.0024442672729492188,301950,1,1673,826,115,3.9265116322785616,1785485303.0683622,1785485306.9948735,1785485303.0683963,1785485306.9916828,1785485306.9944522,3.92328679934144,0.002768971025943756
5,prefix_cache_routing_4ep_1.5b_hitrate,formal,1,1102,18.4 (Ubuntu 18.4-1.pgdg22.04+1),0.8.5,1951,1102:request:301951,1102:batch:197,-1,False,endpoint-3:worker:0,0,668555,default,endpoint-3,1,completed,,5.361413955688477,0.003209829330444336,301951,1,316,53,222,5.266802102327347,1785485303.0710385,1785485308.3378396,1785485303.0711453,1785485308.3231432,1785485308.3377435,5.251997787505388,0.014600392431020737
5,prefix_cache_routing_4ep_1.5b_hitrate,formal,1,1102,18.4 (Ubuntu 18.4-1.pgdg22.04+1),0.8.5,1952,1102:request:301952,1102:batch:197,-1,False,endpoint-2:worker:0,0,668556,default,endpoint-2,1,completed,,4.1581597328186035,0.0020847320556640625,301952,1,291,30,222,4.153674632310867,1785485303.0715911,1785485307.2252655,1785485303.0716398,1785485307.2231634,1785485307.225162,4.151523428037763,0.001998540014028549
5,prefix_cache_routing_4ep_1.5b_hitrate,formal,1,1102,18.4 (Ubuntu 18.4-1.pgdg22.04+1),0.8.5,1953,1102:request:301953,1102:batch:197,-1,False,endpoint-3:worker:0,0,668555,default,endpoint-3,1,completed,,5.35657000541687,0.004370927810668945,301953,1,301,38,182,5.267507329583168,1785485303.0755062,1785485308.343013,1785485303.0755398,1785485308.3239975,1785485308.3429234,5.248457759618759,0.018925979733467102
5,prefix_cache_routing_4ep_1.5b_hitrate,formal,1,1102,18.4 (Ubuntu 18.4-1.pgdg22.04+1),0.8.5,1954,1102:request:301954,1102:batch:197,-1,False,endpoint-2:worker:0,0,668556,default,endpoint-2,1,completed,,4.154265403747559,0.0014100074768066406,301954,1,533,215,226,4.14865130931139,1785485303.0741544,1785485307.2228055,1785485303.0741844,1785485307.2189345,1785485307.2226086,4.144750721752644,0.003673376515507698
5,prefix_cache_routing_4ep_1.5b_hitrate,formal,1,1102,18.4 (Ubuntu 18.4-1.pgdg22.04+1),0.8.5,1955,1102:request:301955,1102:batch:197,-1,False,endpoint-3:worker:0,0,668555,default,endpoint-3,1,completed,,2.732107639312744,0.0028166770935058594,301955,1,416,298,27,2.727052917703986,1785485303.0772002,1785485305.804253,1785485303.0772386,1785485305.8022697,1785485305.8040237,2.725031666457653,0.0017542894929647446
5,prefix_cache_routing_4ep_1.5b_hitrate,formal,1,1102,18.4 (Ubuntu 18.4-1.pgdg22.04+1),0.8.5,1956,1102:request:301956,1102:batch:197,-1,False,endpoint-1:worker:0,0,668554,default,endpoint-1,0,completed,,3.8371400833129883,0.002443552017211914,301956,1,672,339,168,3.8330193031579256,1785485303.078457,1785485306.911475,1785485303.078549,1785485306.9085934,1785485306.9112346,3.830044452100992,0.002640737220644951
5,prefix_cache_routing_4ep_1.5b_hitrate,formal,1,1102,18.4 (Ubuntu 18.4-1.pgdg22.04+1),0.8.5,1957,1102:request:301957,1102:batch:198,-1,False,endpoint-2:worker:0,0,668556,default,endpoint-2,1,completed,,4.0154128074646,0.0018444061279296875,301957,1,931,531,197,4.009999368339777,1785485303.2791653,1785485307.2891643,1785485303.2792006,1785485307.2857254,1785485307.288908,4.006525559350848,0.003181708976626396
5,prefix_cache_routing_4ep_1.5b_hitrate,formal,1,1102,18.4 (Ubuntu 18.4-1.pgdg22.04+1),0.8.5,1958,1102:request:301958,1102:batch:198,-1,False,endpoint-3:worker:0,0,668555,default,endpoint-3,1,completed,,4.679491281509399,0.0017750263214111328,301958,1,1154,725,140,4.675829671323299,1785485303.2852867,1785485307.961116,1785485303.2853274,1785485307.9592814,1785485307.9608815,4.673953853547573,0.0015999935567378998
5,prefix_cache_routing_4ep_1.5b_hitrate,formal,1,1102,18.4 (Ubuntu 18.4-1.pgdg22.04+1),0.8.5,1959,1102:request:301959,1102:batch:198,-1,False,endpoint-2:worker:0,0,668556,default,endpoint-2,1,completed,,4.07329535484314,0.0016427040100097656,301959,1,280,20,188,4.070291852578521,1785485303.2871003,1785485307.3573923,1785485303.2871375,1785485307.3547375,1785485307.3572385,4.067600402981043,0.002500610426068306
5,prefix_cache_routing_4ep_1.5b_hitrate,formal,1,1102,18.4 (Ubuntu 18.4-1.pgdg22.04+1),0.8.5,1960,1102:request:301960,1102:batch:198,-1,False,endpoint-1:worker:0,0,668554,default,endpoint-1,0,completed,,3.8903326988220215,0.0023474693298339844,301960,1,708,396,182,3.8858693316578865,1785485303.2895699,1785485307.1754384,1785485303.2896254,1785485307.1721172,1785485307.1751728,3.8824924994260073,0.0030548814684152603
5,prefix_cache_routing_4ep_1.5b_hitrate,formal,1,1102,18.4 (Ubuntu 18.4-1.pgdg22.04+1),0.8.5,1961,1102:request:301961,1102:batch:198,-1,False,endpoint-1:worker:0,0,668554,default,endpoint-1,0,completed,,3.827789068222046,0.0021698474884033203,301961,1,1122,747,175,3.8245426677167416,1785485303.439909,1785485307.2644513,1785485303.4399617,1785485307.2615967,1785485307.2641034,3.8216351494193077,0.002506440505385399
5,prefix_cache_routing_4ep_1.5b_hitrate,formal,1,1102,18.4 (Ubuntu 18.4-1.pgdg22.04+1),0.8.5,1962,1102:request:301962,1102:batch:198,-1,False,endpoint-3:worker:0,0,668555,default,endpoint-3,1,completed,,4.987536907196045,0.003137350082397461,301962,1,396,121,187,4.888304635882378,1785485303.4425778,1785485308.3308818,1785485303.4426553,1785485308.3219376,1785485308.3307693,4.879282295703888,0.008831480517983437
5,prefix_cache_routing_4ep_1.5b_hitrate,formal,1,1102,18.4 (Ubuntu 18.4-1.pgdg22.04+1),0.8.5,1963,1102:request:301963,1102:batch:198,-1,False,endpoint-1:worker:0,0,668554,default,endpoint-1,0,completed,,3.8081061840057373,0.0017330646514892578,301963,1,820,495,224,3.8048806190490723,1785485303.4808404,1785485307.2857208,1785485303.48088,1785485307.2817981,1785485307.2855196,3.8009182568639517,0.0037209130823612213
5,prefix_cache_routing_4ep_1.5b_hitrate,formal,1,1102,18.4 (Ubuntu 18.4-1.pgdg22.04+1),0.8.5,1964,1102:request:301964,1102:batch:198,-1,False,endpoint-3:worker:0,0,668555,default,endpoint-3,1,completed,,4.948354721069336,0.0016489028930664062,301964,1,634,328,221,4.873235264793038,1785485303.4870238,1785485308.3602588,1785485303.4870586,1785485308.3257415,1785485308.3600235,4.838682800531387,0.034282248467206955
5,prefix_cache_routing_4ep_1.5b_hitrate,formal,1,1102,18.4 (Ubuntu 18.4-1.pgdg22.04+1),0.8.5,1965,1102:request:301965,1102:batch:198,-1,False,endpoint-3:worker:0,0,668555,default,endpoint-3,1,completed,,4.941906213760376,0.002666473388671875,301965,1,940,595,191,4.880993444472551,1785485303.489623,1785485308.370616,1785485303.4896584,1785485308.3617296,1785485308.370399,4.8720710296183825,0.00866941548883915
5,prefix_cache_routing_4ep_1.5b_hitrate,formal,1,1102,18.4 (Ubuntu 18.4-1.pgdg22.04+1),0.8.5,1966,1102:request:301966,1102:batch:199,-1,False,endpoint-0:worker:0,0,668553,default,endpoint-0,0,completed,,3.7387466430664062,0.0021512508392333984,301966,1,1292,898,221,3.7353273760527372,1785485303.5283356,1785485307.2636628,1785485303.5283785,1785485307.2610655,1785485307.2632916,3.7326871771365404,0.002225968986749649
5,prefix_cache_routing_4ep_1.5b_hitrate,formal,1,1102,18.4 (Ubuntu 18.4-1.pgdg22.04+1),0.8.5,1967,1102:request:301967,1102:batch:199,-1,False,endpoint-2:worker:0,0,668556,default,endpoint-2,1,completed,,3.2546803951263428,0.002426624298095703,301967,1,446,213,157,3.248228942975402,1785485303.5305622,1785485306.778791,1785485303.5305946,1785485306.7766242,1785485306.7786431,3.246030241250992,0.002018580213189125
5,prefix_cache_routing_4ep_1.5b_hitrate,formal,1,1102,18.4 (Ubuntu 18.4-1.pgdg22.04+1),0.8.5,1968,1102:request:301968,1102:batch:199,-1,False,endpoint-2:worker:0,0,668556,default,endpoint-2,1,completed,,2.8017356395721436,0.0018341541290283203,301968,1,692,450,120,2.7960399985313416,1785485303.5322678,1785485306.3283076,1785485303.5322974,1785485306.3266342,1785485306.3281267,2.794337360188365,0.0014920290559530258
5,prefix_cache_routing_4ep_1.5b_hitrate,formal,1,1102,18.4 (Ubuntu 18.4-1.pgdg22.04+1),0.8.5,1969,1102:request:301969,1102:batch:199,-1,False,endpoint-2:worker:0,0,668556,default,endpoint-2,1,completed,,3.981534242630005,0.0021262168884277344,301969,1,1082,697,225,3.978254795074463,1785485303.5664318,1785485307.5446863,1785485303.5664666,1785485307.542318,1785485307.5443923,3.975851781666279,0.0020741280168294907
5,prefix_cache_routing_4ep_1.5b_hitrate,formal,1,1102,18.4 (Ubuntu 18.4-1.pgdg22.04+1),0.8.5,1970,1102:request:301970,1102:batch:199,-1,False,endpoint-2:worker:0,0,668556,default,endpoint-2,1,completed,,3.9204061031341553,0.002022981643676758,301970,1,942,604,185,3.9111215509474277,1785485303.7505379,1785485307.6616592,1785485303.7505817,1785485307.656839,1785485307.6614406,3.906257087364793,0.004601554945111275
5,prefix_cache_routing_4ep_1.5b_hitrate,formal,1,1102,18.4 (Ubuntu 18.4-1.pgdg22.04+1),0.8.5,1971,1102:request:301971,1102:batch:199,-1,False,endpoint-2:worker:0,0,668556,default,endpoint-2,1,completed,,3.918304681777954,0.0024564266204833984,301971,1,270,13,202,3.911214843392372,1785485303.752579,1785485307.6637936,1785485303.7526097,1785485307.6571436,1785485307.6636965,3.904533639550209,0.006553240120410919
5,prefix_cache_routing_4ep_1.5b_hitrate,formal,1,1102,18.4 (Ubuntu 18.4-1.pgdg22.04+1),0.8.5,1972,1102:request:301972,1102:batch:199,-1,False,endpoint-3:worker:0,0,668555,default,endpoint-3,1,completed,,2.123505115509033,0.003017902374267578,301972,1,76,28,25,2.118602776899934,1785485303.7548153,1785485305.8734167,1785485303.7549236,1785485305.8722904,1785485305.8733392,2.1173667907714844,0.0010485686361789703
5,prefix_cache_routing_4ep_1.5b_hitrate,formal,1,1102,18.4 (Ubuntu 18.4-1.pgdg22.04+1),0.8.5,1973,1102:request:301973,1102:batch:199,-1,False,endpoint-2:worker:0,0,668556,default,endpoint-2,1,completed,,3.9125940799713135,0.0016710758209228516,301973,1,307,36,175,3.9043518770486116,1785485303.7550611,1785485307.659413,1785485303.755091,1785485307.6565013,1785485307.659276,3.901410363614559,0.002774832770228386
5,prefix_cache_routing_4ep_1.5b_hitrate,formal,1,1102,18.4 (Ubuntu 18.4-1.pgdg22.04+1),0.8.5,1974,1102:request:301974,1102:batch:199,-1,False,endpoint-3:worker:0,0,668555,default,endpoint-3,1,completed,,1.9109373092651367,0.0033783912658691406,301974,1,106,55,12,1.9054418001323938,1785485303.7582836,1785485305.6637254,1785485303.7583256,1785485305.6625538,1785485305.6636424,1.9042320102453232,0.001084672287106514
5,prefix_cache_routing_4ep_1.5b_hitrate,formal,1,1102,18.4 (Ubuntu 18.4-1.pgdg22.04+1),0.8.5,1975,1102:request:301975,1102:batch:199,-1,False,endpoint-2:worker:0,0,668556,default,endpoint-2,1,completed,,3.9088306427001953,0.0015282630920410156,301975,1,398,100,195,3.8982458543032408,1785485303.757931,1785485307.6561766,1785485303.7579653,1785485307.6530955,1785485307.6560357,3.8951307367533445,0.0029395315796136856
5,prefix_cache_routing_4ep_1.5b_hitrate,formal,1,1102,18.4 (Ubuntu 18.4-1.pgdg22.04+1),0.8.5,1976,1102:request:301976,1102:batch:199,-1,False,endpoint-3:worker:0,0,668555,default,endpoint-3,1,completed,,1.8265280723571777,0.0021877288818359375,301976,1,209,134,12,1.8223354909569025,1785485303.7600908,1785485305.5824263,1785485303.7601244,1785485305.5812528,1785485305.5823135,1.8211286216974258,0.0010602772235870361
5,prefix_cache_routing_4ep_1.5b_hitrate,formal,1,1102,18.4 (Ubuntu 18.4-1.pgdg22.04+1),0.8.5,1977,1102:request:301977,1102:batch:199,-1,False,endpoint-0:worker:0,0,668553,default,endpoint-0,0,completed,,2.709406852722168,0.0021238327026367188,301977,1,265,86,132,2.7051189113408327,1785485303.7635343,1785485306.4686525,1785485303.7635798,1785485306.4669917,1785485306.4685273,2.70341220125556,0.0015353746712207794
5,prefix_cache_routing_4ep_1.5b_hitrate,formal,1,1102,18.4 (Ubuntu 18.4-1.pgdg22.04+1),0.8.5,1978,1102:request:301978,1102:batch:199,-1,False,endpoint-2:worker:0,0,668556,default,endpoint-2,1,completed,,1.789055347442627,0.0046041011810302734,301978,1,240,125,61,1.782718040049076,1785485303.767695,1785485305.5504127,1785485303.767724,1785485305.5492487,1785485305.550317,1.7815251927822828,0.001067664474248886
5,prefix_cache_routing_4ep_1.5b_hitrate,formal,1,1102,18.4 (Ubuntu 18.4-1.pgdg22.04+1),0.8.5,1979,1102:request:301979,1102:batch:199,-1,False,endpoint-3:worker:0,0,668555,default,endpoint-3,1,completed,,2.7520570755004883,0.001146554946899414,301979,1,366,224,74,2.748667059466243,1785485303.7656956,1785485306.5143623,1785485303.765737,1785485306.5126646,1785485306.5142097,2.74692852050066,0.0015441402792930603
5,prefix_cache_routing_4ep_1.5b_hitrate,formal,1,1102,18.4 (Ubuntu 18.4-1.pgdg22.04+1),0.8.5,1980,1102:request:301980,1102:batch:199,-1,False,endpoint-2:worker:0,0,668556,default,endpoint-2,1,completed,,2.2232134342193604,0.002768993377685547,301980,1,411,232,87,2.2149501405656338,1785485303.7687252,1785485305.9836755,1785485303.7687597,1785485305.981789,1785485305.983545,2.2130297273397446,0.0017554238438606262
5,prefix_cache_routing_4ep_1.5b_hitrate,formal,1,1102,18.4 (Ubuntu 18.4-1.pgdg22.04+1),0.8.5,1981,1102:request:301981,1102:batch:199,-1,False,endpoint-2:worker:0,0,668556,default,endpoint-2,1,completed,,1.7056584358215332,0.002742290496826172,301981,1,424,265,56,1.7017907183617353,1785485303.7702005,1785485305.4719913,1785485303.7702324,1785485305.4710395,1785485305.4718132,1.7008073925971985,0.0007735230028629303
5,prefix_cache_routing_4ep_1.5b_hitrate,formal,1,1102,18.4 (Ubuntu 18.4-1.pgdg22.04+1),0.8.5,1982,1102:request:301982,1102:batch:199,-1,False,endpoint-1:worker:0,0,668554,default,endpoint-1,0,completed,,3.691136360168457,0.0029637813568115234,301982,1,647,300,198,3.683558750897646,1785485303.7719915,1785485307.4555497,1785485303.7720692,1785485307.4523616,1785485307.4553273,3.6802925914525986,0.0029650144279003143
5,prefix_cache_routing_4ep_1.5b_hitrate,formal,1,1102,18.4 (Ubuntu 18.4-1.pgdg22.04+1),0.8.5,1983,1102:request:301983,1102:batch:199,-1,False,endpoint-1:worker:0,0,668554,default,endpoint-1,0,completed,,3.6901800632476807,0.0029649734497070312,301983,1,281,19,168,3.6850613057613373,1785485303.7734854,1785485307.4585466,1785485303.7735229,1785485307.4559052,1785485307.4584305,3.6823823861777782,0.00252513587474823
5,prefix_cache_routing_4ep_1.5b_hitrate,formal,1,1102,18.4 (Ubuntu 18.4-1.pgdg22.04+1),0.8.5,1984,1102:request:301984,1102:batch:199,-1,False,endpoint-0:worker:0,0,668553,default,endpoint-0,0,completed,,3.623077392578125,0.001943826675415039,301984,1,281,23,191,3.6197285130620003,1785485303.7748027,1785485307.39453,1785485303.7748759,1785485307.3906937,1785485307.394399,3.6158182602375746,0.0037046484649181366
5,prefix_cache_routing_4ep_1.5b_hitrate,formal,1,1102,18.4 (Ubuntu 18.4-1.pgdg22.04+1),0.8.5,1985,1102:request:301985,1102:batch:199,-1,False,endpoint-1:worker:0,0,668554,default,endpoint-1,0,completed,,0.08537936210632324,0.0017330646514892578,301985,1,221,180,1,0.08146212063729763,1785485303.7770061,1785485303.8584678,1785485303.7770417,1785485303.8579323,1785485303.8583405,0.08089097030460835,0.00040791183710098267
5,prefix_cache_routing_4ep_1.5b_hitrate,formal,1,1102,18.4 (Ubuntu 18.4-1.pgdg22.04+1),0.8.5,1986,1102:request:301986,1102:batch:200,-1,False,endpoint-1:worker:0,0,668554,default,endpoint-1,0,completed,,0.5758147239685059,0.0017924308776855469,301986,1,440,343,20,0.5719577930867672,1785485303.864974,1785485304.4369318,1785485303.865004,1785485304.435334,1785485304.4365594,0.5703308749943972,0.001224566251039505
5,prefix_cache_routing_4ep_1.5b_hitrate,formal,1,1102,18.4 (Ubuntu 18.4-1.pgdg22.04+1),0.8.5,1987,1102:request:301987,1102:batch:200,-1,False,endpoint-1:worker:0,0,668554,default,endpoint-1,0,completed,,3.601358413696289,0.0017478466033935547,301987,1,338,60,166,3.5955716650933027,1785485303.954884,1785485307.5504553,1785485303.9549294,1785485307.5473447,1785485307.550321,3.592415040358901,0.0029763691127300262
5,prefix_cache_routing_4ep_1.5b_hitrate,formal,1,1102,18.4 (Ubuntu 18.4-1.pgdg22.04+1),0.8.5,1988,1102:request:301988,1102:batch:200,-1,False,endpoint-1:worker:0,0,668554,default,endpoint-1,0,completed,,3.599907398223877,0.001917123794555664,301988,1,271,12,172,3.596322974190116,1785485303.9567418,1785485307.5530648,1785485303.9567828,1785485307.547698,1785485307.5529668,3.590914983302355,0.005268914625048637
5,prefix_cache_routing_4ep_1.5b_hitrate,formal,1,1102,18.4 (Ubuntu 18.4-1.pgdg22.04+1),0.8.5,1989,1102:request:301989,1102:batch:200,-1,False,endpoint-1:worker:0,0,668554,default,endpoint-1,0,completed,,3.597665786743164,0.0025310516357421875,301989,1,297,34,199,3.5880162697285414,1785485303.9590015,1785485307.5470176,1785485303.959041,1785485307.544349,1785485307.5468736,3.5853082202374935,0.002524346113204956
5,prefix_cache_routing_4ep_1.5b_hitrate,formal,1,1102,18.4 (Ubuntu 18.4-1.pgdg22.04+1),0.8.5,1990,1102:request:301990,1102:batch:200,-1,False,endpoint-0:worker:0,0,668553,default,endpoint-0,0,completed,,3.562167167663574,0.002083301544189453,301990,1,292,31,149,3.5556793119758368,1785485303.9609618,1785485307.5166407,1785485303.9610236,1785485307.5125055,1785485307.51653,3.5514823254197836,0.004023730754852295
5,prefix_cache_routing_4ep_1.5b_hitrate,formal,1,1102,18.4 (Ubuntu 18.4-1.pgdg22.04+1),0.8.5,1991,1102:request:301991,1102:batch:200,-1,False,endpoint-0:worker:0,0,668553,default,endpoint-0,0,completed,,3.561063766479492,0.003617525100708008,301991,1,443,152,192,3.5552136618644,1785485303.9641159,1785485307.5193293,1785485303.9641504,1785485307.5169628,1785485307.5192034,3.5528123509138823,0.0022405069321393967
5,prefix_cache_routing_4ep_1.5b_hitrate,formal,1,1102,18.4 (Ubuntu 18.4-1.pgdg22.04+1),0.8.5,1992,1102:request:301992,1102:batch:200,-1,False,endpoint-0:worker:0,0,668553,default,endpoint-0,0,completed,,2.876966714859009,0.0035665035247802734,301992,1,679,404,161,2.8722701873630285,1785485303.9656947,1785485306.8379648,1785485303.9657311,1785485306.8352966,1785485306.8377862,2.8695658706128597,0.0024893898516893387
5,prefix_cache_routing_4ep_1.5b_hitrate,formal,1,1102,18.4 (Ubuntu 18.4-1.pgdg22.04+1),0.8.5,1993,1102:request:301993,1102:batch:200,-1,False,endpoint-0:worker:0,0,668553,default,endpoint-0,0,completed,,3.567169427871704,0.0015575885772705078,301993,1,937,567,203,3.5612634122371674,1785485303.9806666,1785485307.54193,1785485303.980691,1785485307.5348403,1785485307.5416567,3.554149968549609,0.006816063076257706
5,prefix_cache_routing_4ep_1.5b_hitrate,formal,1,1102,18.4 (Ubuntu 18.4-1.pgdg22.04+1),0.8.5,1994,1102:request:301994,1102:batch:200,-1,False,endpoint-0:worker:0,0,668553,default,endpoint-0,0,completed,,3.5642659664154053,0.0013604164123535156,301994,1,1211,797,189,3.561732379719615,1785485303.9831834,1785485307.5449154,1785485303.9832125,1785485307.5422966,1785485307.5446637,3.5590841360390186,0.0023670047521591187
5,prefix_cache_routing_4ep_1.5b_hitrate,formal,1,1102,18.4 (Ubuntu 18.4-1.pgdg22.04+1),0.8.5,1995,1102:request:301995,1102:batch:200,-1,False,endpoint-2:worker:0,0,668556,default,endpoint-2,1,completed,,3.7862133979797363,0.004472494125366211,301995,1,901,447,149,3.780284959822893,1785485304.0130095,1785485307.7932944,1785485304.013105,1785485307.7894785,1785485307.7930665,3.7763745207339525,0.003587104380130768
5,prefix_cache_routing_4ep_1.5b_hitrate,formal,1,1102,18.4 (Ubuntu 18.4-1.pgdg22.04+1),0.8.5,1996,1102:request:301996,1102:batch:200,-1,False,endpoint-1:worker:0,0,668554,default,endpoint-1,0,completed,,3.5626955032348633,0.002032041549682617,301996,1,950,487,163,3.5593261439353228,1785485304.0408826,1785485307.6002083,1785485304.0409207,1785485307.5970142,1785485307.5999863,3.5560935884714127,0.002971777692437172
5,prefix_cache_routing_4ep_1.5b_hitrate,formal,1,1102,18.4 (Ubuntu 18.4-1.pgdg22.04+1),0.8.5,1997,1102:request:301997,1102:batch:200,-1,False,endpoint-2:worker:0,0,668556,default,endpoint-2,1,completed,,3.7316746711730957,0.0018112659454345703,301997,1,1159,635,206,3.728330312296748,1785485304.109774,1785485307.838104,1785485304.1098163,1785485307.8353264,1785485307.8378155,3.7255106568336487,0.002488289028406143
5,prefix_cache_routing_4ep_1.5b_hitrate,formal,1,1102,18.4 (Ubuntu 18.4-1.pgdg22.04+1),0.8.5,1998,1102:request:301998,1102:batch:201,-1,False,endpoint-3:worker:0,0,668555,default,endpoint-3,1,completed,,4.301875114440918,0.0023441314697265625,301998,1,1476,866,188,4.2298955619335175,1785485304.1344378,1785485308.3643332,1785485304.134479,1785485308.3606625,1785485308.3640473,4.226183427497745,0.003384821116924286
5,prefix_cache_routing_4ep_1.5b_hitrate,formal,1,1102,18.4 (Ubuntu 18.4-1.pgdg22.04+1),0.8.5,1999,1102:request:301999,1102:batch:201,-1,False,endpoint-1:worker:0,0,668554,default,endpoint-1,0,completed,,2.8943686485290527,0.0019185543060302734,301999,1,1632,1049,149,2.890389297157526,1785485304.165845,1785485307.0562336,1785485304.1658988,1785485307.0513499,1785485307.0558503,2.885451603680849,0.00449979305267334
5,prefix_cache_routing_4ep_1.5b_hitrate,formal,1,1102,18.4 (Ubuntu 18.4-1.pgdg22.04+1),0.8.5,2000,1102:request:302000,1102:batch:201,-1,False,endpoint-2:worker:0,0,668556,default,endpoint-2,1,completed,,3.7075345516204834,0.0022389888763427734,302000,1,835,490,199,3.703923389315605,1785485304.168278,1785485307.8722005,1785485304.1683574,1785485307.8693326,1785485307.8719833,3.700975202023983,0.0026503633707761765
5,prefix_cache_routing_4ep_1.5b_hitrate,formal,1,1102,18.4 (Ubuntu 18.4-1.pgdg22.04+1),0.8.5,2001,1102:request:302001,1102:batch:201,-1,False,endpoint-3:worker:0,0,668555,default,endpoint-3,1,completed,,4.262528896331787,0.0023391246795654297,302001,1,395,104,202,4.1958158034831285,1785485304.1726282,1785485308.3684433,1785485304.1727157,1785485308.361395,1785485308.3683298,4.1886786837130785,0.006934775039553642
5,prefix_cache_routing_4ep_1.5b_hitrate,formal,1,1102,18.4 (Ubuntu 18.4-1.pgdg22.04+1),0.8.5,2002,1102:request:302002,1102:batch:201,-1,False,endpoint-3:worker:0,0,668555,default,endpoint-3,1,completed,,4.256174325942993,0.002300262451171875,302002,1,625,285,217,4.190069684758782,1785485304.1763427,1785485308.366412,1785485304.1763856,1785485308.361051,1785485308.3662517,4.184665421023965,0.0052006784826517105
5,prefix_cache_routing_4ep_1.5b_hitrate,formal,1,1102,18.4 (Ubuntu 18.4-1.pgdg22.04+1),0.8.5,2003,1102:request:302003,1102:batch:201,-1,False,endpoint-0:worker:0,0,668553,default,endpoint-0,0,completed,,1.3045425415039062,0.0016598701477050781,302003,1,649,452,59,1.3011502269655466,1785485304.1782174,1785485305.4793675,1785485304.1782637,1785485305.478531,1785485305.479186,1.3002675026655197,0.0006550662219524384
5,prefix_cache_routing_4ep_1.5b_hitrate,formal,1,1102,18.4 (Ubuntu 18.4-1.pgdg22.04+1),0.8.5,2004,1102:request:302004,1102:batch:201,-1,False,endpoint-1:worker:0,0,668554,default,endpoint-1,0,completed,,3.488745927810669,0.0019135475158691406,302004,1,1024,606,206,3.48582880012691,1785485304.1969972,1785485307.6828256,1785485304.1970463,1785485307.6799185,1785485307.6825264,3.482872638851404,0.002607477828860283
5,prefix_cache_routing_4ep_1.5b_hitrate,formal,1,1102,18.4 (Ubuntu 18.4-1.pgdg22.04+1),0.8.5,2005,1102:request:302005,1102:batch:201,-1,False,endpoint-0:worker:0,0,668553,default,endpoint-0,0,completed,,1.8638365268707275,0.0015087127685546875,302005,1,1027,728,92,1.8607562836259604,1785485304.2041779,1785485306.0649343,1785485304.2042127,1785485306.0627983,1785485306.0644546,1.8585861288011074,0.0016558058559894562
5,prefix_cache_routing_4ep_1.5b_hitrate,formal,1,1102,18.4 (Ubuntu 18.4-1.pgdg22.04+1),0.8.5,2006,1102:request:302006,1102:batch:201,-1,False,endpoint-2:worker:0,0,668556,default,endpoint-2,1,completed,,0.5898659229278564,0.0025064945220947266,302006,1,987,769,17,0.5850843042135239,1785485304.4161918,1785485305.001276,1785485304.4162521,1785485305.0007927,1785485305.0011032,0.5845407042652369,0.00031032785773277283
5,prefix_cache_routing_4ep_1.5b_hitrate,formal,1,1102,18.4 (Ubuntu 18.4-1.pgdg22.04+1),0.8.5,2007,1102:request:302007,1102:batch:202,-1,False,endpoint-0:worker:0,0,668553,default,endpoint-0,0,completed,,2.900146007537842,0.002449512481689453,302007,1,221,7,177,2.8963167406618595,1785485304.4178107,1785485307.3141267,1785485304.4178684,1785485307.3112986,1785485307.3140218,2.893430784344673,0.0027227140963077545
5,prefix_cache_routing_4ep_1.5b_hitrate,formal,1,1102,18.4 (Ubuntu 18.4-1.pgdg22.04+1),0.8.5,2008,1102:request:302008,1102:batch:202,-1,False,endpoint-2:worker:0,0,668556,default,endpoint-2,1,completed,,3.6048240661621094,0.0018634796142578125,302008,1,342,76,206,3.6014384869486094,1785485304.418803,1785485308.0202413,1785485304.4188426,1785485308.0164444,1785485308.0201042,3.597602568566799,0.0036589019000530243
5,prefix_cache_routing_4ep_1.5b_hitrate,formal,1,1102,18.4 (Ubuntu 18.4-1.pgdg22.04+1),0.8.5,2009,1102:request:302009,1102:batch:202,-1,False,endpoint-1:worker:0,0,668554,default,endpoint-1,0,completed,,3.35998797416687,0.0020351409912109375,302009,1,516,224,198,3.356717212125659,1785485304.4441795,1785485307.8008962,1785485304.444224,1785485307.7970827,1785485307.8007407,3.352859178557992,0.0036573167890310287
5,prefix_cache_routing_4ep_1.5b_hitrate,formal,1,1102,18.4 (Ubuntu 18.4-1.pgdg22.04+1),0.8.5,2010,1102:request:302010,1102:batch:202,-1,False,endpoint-0:worker:0,0,668553,default,endpoint-0,0,completed,,3.3270232677459717,0.0031502246856689453,302010,1,854,505,152,3.322214836254716,1785485304.4565525,1785485307.7787662,1785485304.4567106,1785485307.7751563,1785485307.7785394,3.318446373566985,0.0033821184188127518
5,prefix_cache_routing_4ep_1.5b_hitrate,formal,1,1102,18.4 (Ubuntu 18.4-1.pgdg22.04+1),0.8.5,2011,1102:request:302011,1102:batch:202,-1,False,endpoint-3:worker:0,0,668555,default,endpoint-3,1,completed,,3.914292097091675,0.017180681228637695,302011,1,1252,822,198,3.86388435959816,1785485304.5358002,1785485308.3996844,1785485304.5358727,1785485308.373724,1785485308.3994555,3.8378509990870953,0.02573172003030777
5,prefix_cache_routing_4ep_1.5b_hitrate,formal,1,1102,18.4 (Ubuntu 18.4-1.pgdg22.04+1),0.8.5,2012,1102:request:302012,1102:batch:202,-1,False,endpoint-3:worker:0,0,668555,default,endpoint-3,1,completed,,3.9134585857391357,0.022484779357910156,302012,1,271,9,161,3.8669055830687284,1785485304.5428379,1785485308.4097433,1785485304.542872,1785485308.3748088,1785485308.409611,3.831936853006482,0.03480242379009724
5,prefix_cache_routing_4ep_1.5b_hitrate,formal,1,1102,18.4 (Ubuntu 18.4-1.pgdg22.04+1),0.8.5,2013,1102:request:302013,1102:batch:202,-1,False,endpoint-3:worker:0,0,668555,default,endpoint-3,1,completed,,3.7572309970855713,0.018121004104614258,302013,1,532,214,196,3.7376551926136017,1785485304.541432,1785485308.2790866,1785485304.5414736,1785485308.2774217,1785485308.2789311,3.73594824410975,0.001509338617324829
5,prefix_cache_routing_4ep_1.5b_hitrate,formal,1,1102,18.4 (Ubuntu 18.4-1.pgdg22.04+1),0.8.5,2014,1102:request:302014,1102:batch:202,-1,False,endpoint-3:worker:0,0,668555,default,endpoint-3,1,completed,,3.7023496627807617,0.02180004119873047,302014,1,745,391,200,3.6795585844665766,1785485304.547041,1785485308.2265995,1785485304.5470839,1785485308.224766,1785485308.2263691,3.677682612091303,0.0016026608645915985
5,prefix_cache_routing_4ep_1.5b_hitrate,formal,1,1102,18.4 (Ubuntu 18.4-1.pgdg22.04+1),0.8.5,2015,1102:request:302015,1102:batch:202,-1,False,endpoint-3:worker:0,0,668555,default,endpoint-3,1,completed,,3.9058945178985596,0.022097110748291016,302015,1,1017,593,187,3.833172492682934,1785485304.5503225,1785485308.3834946,1785485304.550359,1785485308.3716357,1785485308.3832881,3.8212767243385315,0.011652391403913498
5,prefix_cache_routing_4ep_1.5b_hitrate,formal,1,1102,18.4 (Ubuntu 18.4-1.pgdg22.04+1),0.8.5,2016,1102:request:302016,1102:batch:202,-1,False,endpoint-3:worker:0,0,668555,default,endpoint-3,1,completed,,3.432117462158203,0.022568941116333008,302016,1,1324,865,187,3.4057278353720903,1785485304.5531037,1785485307.9588313,1785485304.553142,1785485307.956575,1785485307.958429,3.403433345258236,0.0018540360033512115
5,prefix_cache_routing_4ep_1.5b_hitrate,formal,1,1102,18.4 (Ubuntu 18.4-1.pgdg22.04+1),0.8.5,2017,1102:request:302017,1102:batch:202,-1,False,endpoint-3:worker:0,0,668555,default,endpoint-3,1,completed,,3.9018068313598633,0.02332925796508789,302017,1,697,331,157,3.851729879155755,1785485304.555414,1785485308.4071438,1785485304.5554523,1785485308.3745368,1785485308.407001,3.81908437050879,0.03246435895562172
5,prefix_cache_routing_4ep_1.5b_hitrate,formal,1,1102,18.4 (Ubuntu 18.4-1.pgdg22.04+1),0.8.5,2018,1102:request:302018,1102:batch:203,-1,False,endpoint-3:worker:0,0,668555,default,endpoint-3,1,completed,,3.899730682373047,0.022725820541381836,302018,1,1273,731,233,3.82198397628963,1785485304.5570405,1785485308.3790243,1785485304.5570745,1785485308.3709319,1785485308.3787239,3.8138575963675976,0.007791852578520775
5,prefix_cache_routing_4ep_1.5b_hitrate,formal,1,1102,18.4 (Ubuntu 18.4-1.pgdg22.04+1),0.8.5,2019,1102:request:302019,1102:batch:203,-1,False,endpoint-3:worker:0,0,668555,default,endpoint-3,1,completed,,3.8972902297973633,0.022237777709960938,302019,1,262,3,204,3.8390197157859802,1785485304.5582428,1785485308.3972626,1785485304.5582738,1785485308.373445,1785485308.397179,3.815171303227544,0.02373391203582287
5,prefix_cache_routing_4ep_1.5b_hitrate,formal,1,1102,18.4 (Ubuntu 18.4-1.pgdg22.04+1),0.8.5,2020,1102:request:302020,1102:batch:203,-1,False,endpoint-0:worker:0,0,668553,default,endpoint-0,0,completed,,3.2745630741119385,0.002479076385498047,302020,1,432,135,178,3.2696142606437206,1785485304.540475,1785485307.8100882,1785485304.5405564,1785485307.8070316,1785485307.8099546,3.266475059092045,0.0029225703328847885
5,prefix_cache_routing_4ep_1.5b_hitrate,formal,1,1102,18.4 (Ubuntu 18.4-1.pgdg22.04+1),0.8.5,2021,1102:request:302021,1102:batch:203,-1,False,endpoint-3:worker:0,0,668555,default,endpoint-3,1,completed,,3.890944242477417,0.01873326301574707,302021,1,578,237,205,3.8271265253424644,1785485304.5607948,1785485308.3879213,1785485304.5608296,1785485308.3722556,1785485308.387764,3.8114259131252766,0.015508422628045082
5,prefix_cache_routing_4ep_1.5b_hitrate,formal,1,1102,18.4 (Ubuntu 18.4-1.pgdg22.04+1),0.8.5,2022,1102:request:302022,1102:batch:203,-1,False,endpoint-3:worker:0,0,668555,default,endpoint-3,1,completed,,3.073645830154419,0.01948714256286621,302022,1,761,453,163,3.0524868685752153,1785485304.5638592,1785485307.6163464,1785485304.563897,1785485307.6132,1785485307.6158905,3.0493034794926643,0.0026903674006462097
5,prefix_cache_routing_4ep_1.5b_hitrate,formal,1,1102,18.4 (Ubuntu 18.4-1.pgdg22.04+1),0.8.5,2023,1102:request:302023,1102:batch:203,-1,False,endpoint-3:worker:0,0,668555,default,endpoint-3,1,completed,,3.8867990970611572,0.019494056701660156,302023,1,1126,702,222,3.836110968142748,1785485304.5661645,1785485308.4022753,1785485304.5662093,1785485308.3739963,1785485308.402028,3.807787027209997,0.028031619265675545
5,prefix_cache_routing_4ep_1.5b_hitrate,formal,1,1102,18.4 (Ubuntu 18.4-1.pgdg22.04+1),0.8.5,2024,1102:request:302024,1102:batch:203,-1,False,endpoint-3:worker:0,0,668555,default,endpoint-3,1,completed,,3.881549596786499,0.020108699798583984,302024,1,1426,949,206,3.821306025609374,1785485304.5690217,1785485308.3903275,1785485304.5690684,1785485308.3725548,1785485308.390017,3.803486308082938,0.017462216317653656
5,prefix_cache_routing_4ep_1.5b_hitrate,formal,1,1102,18.4 (Ubuntu 18.4-1.pgdg22.04+1),0.8.5,2025,1102:request:302025,1102:batch:203,-1,False,endpoint-3:worker:0,0,668555,default,endpoint-3,1,completed,,3.879375696182251,0.01992487907409668,302025,1,499,213,213,3.822482828050852,1785485304.5725245,1785485308.3950071,1785485304.572558,1785485308.373156,1785485308.3948743,3.800598232075572,0.02171824686229229
5,prefix_cache_routing_4ep_1.5b_hitrate,formal,1,1102,18.4 (Ubuntu 18.4-1.pgdg22.04+1),0.8.5,2026,1102:request:302026,1102:batch:203,-1,False,endpoint-2:worker:0,0,668556,default,endpoint-2,1,completed,,3.5390846729278564,0.0020880699157714844,302026,1,273,16,225,3.5330991204828024,1785485304.556742,1785485308.0898407,1785485304.556771,1785485308.0874712,1785485308.0897214,3.530700171366334,0.0022499505430459976
5,prefix_cache_routing_4ep_1.5b_hitrate,formal,1,1102,18.4 (Ubuntu 18.4-1.pgdg22.04+1),0.8.5,2027,1102:request:302027,1102:batch:203,-1,False,endpoint-3:worker:0,0,668555,default,endpoint-3,1,completed,,3.1967580318450928,0.019168615341186523,302027,1,591,341,169,3.1765210013836622,1785485304.5763679,1785485307.752889,1785485304.5764072,1785485307.7512553,1785485307.752736,3.174848072230816,0.0014805365353822708
5,prefix_cache_routing_4ep_1.5b_hitrate,formal,1,1102,18.4 (Ubuntu 18.4-1.pgdg22.04+1),0.8.5,2028,1102:request:302028,1102:batch:204,-1,False,endpoint-3:worker:0,0,668555,default,endpoint-3,1,completed,,3.8723275661468506,0.021832942962646484,302028,1,1362,974,227,3.81070695258677,1785485304.5820255,1785485308.3927324,1785485304.5820668,1785485308.3728645,1785485308.3924742,3.7907976303249598,0.019609732553362846
5,prefix_cache_routing_4ep_1.5b_hitrate,formal,1,1102,18.4 (Ubuntu 18.4-1.pgdg22.04+1),0.8.5,2029,1102:request:302029,1102:batch:204,-1,False,endpoint-2:worker:0,0,668556,default,endpoint-2,1,completed,,3.5310938358306885,0.0022001266479492188,302029,1,765,426,201,3.5275638811290264,1785485304.5651376,1785485308.0927012,1785485304.5651903,1785485308.0901546,1785485308.0924945,3.5249644052237272,0.002339709550142288
5,prefix_cache_routing_4ep_1.5b_hitrate,formal,1,1102,18.4 (Ubuntu 18.4-1.pgdg22.04+1),0.8.5,2030,1102:request:302030,1102:batch:204,-1,False,endpoint-3:worker:0,0,668555,default,endpoint-3,1,completed,,2.8714330196380615,0.018607139587402344,302030,1,760,513,139,2.8509243596345186,1785485304.5831487,1785485307.4340734,1785485304.5831845,1785485307.4317698,1785485307.433835,2.8485861513763666,0.002064550295472145
5,prefix_cache_routing_4ep_1.5b_hitrate,formal,1,1102,18.4 (Ubuntu 18.4-1.pgdg22.04+1),0.8.5,2031,1102:request:302031,1102:batch:204,-1,False,endpoint-3:worker:0,0,668555,default,endpoint-3,1,completed,,3.1766810417175293,0.02019524574279785,302031,1,1080,763,172,3.155065890401602,1785485304.5876455,1785485307.7427115,1785485304.5876758,1785485307.7402427,1785485307.7424483,3.1525670904666185,0.002205369994044304
5,prefix_cache_routing_4ep_1.5b_hitrate,formal,1,1102,18.4 (Ubuntu 18.4-1.pgdg22.04+1),0.8.5,2032,1102:request:302032,1102:batch:204,-1,False,endpoint-3:worker:0,0,668555,default,endpoint-3,1,completed,,3.8627889156341553,0.018311023712158203,302032,1,406,128,199,3.792614582926035,1785485304.5886242,1785485308.3812387,1785485304.588653,1785485308.3712895,1785485308.3811157,3.7826366517692804,0.00982605293393135
5,prefix_cache_routing_4ep_1.5b_hitrate,formal,1,1102,18.4 (Ubuntu 18.4-1.pgdg22.04+1),0.8.5,2033,1102:request:302033,1102:batch:204,-1,False,endpoint-3:worker:0,0,668555,default,endpoint-3,1,completed,,3.860630989074707,0.01675724983215332,302033,1,685,370,219,3.7961834128946066,1785485304.5895104,1785485308.385694,1785485304.589533,1785485308.371953,1785485308.3855426,3.7824197243899107,0.013589704409241676
5,prefix_cache_routing_4ep_1.5b_hitrate,formal,1,1102,18.4 (Ubuntu 18.4-1.pgdg22.04+1),0.8.5,2034,1102:request:302034,1102:batch:204,-1,False,endpoint-1:worker:0,0,668554,default,endpoint-1,0,completed,,3.298046350479126,0.002292633056640625,302034,1,1038,661,208,3.293539436534047,1785485304.6104684,1785485307.9040074,1785485304.6105118,1785485307.899756,1785485307.9033742,3.289245005697012,0.003617115318775177
5,prefix_cache_routing_4ep_1.5b_hitrate,formal,1,1102,18.4 (Ubuntu 18.4-1.pgdg22.04+1),0.8.5,2035,1102:request:302035,1102:batch:204,-1,False,endpoint-2:worker:0,0,668556,default,endpoint-2,1,completed,,3.473583936691284,0.002302885055541992,302035,1,1270,841,224,3.4700184520334005,1785485304.6749158,1785485308.1449337,1785485304.6749659,1785485308.1412632,1785485308.1446455,3.466297371312976,0.0033816788345575333
5,prefix_cache_routing_4ep_1.5b_hitrate,formal,1,1102,18.4 (Ubuntu 18.4-1.pgdg22.04+1),0.8.5,2036,1102:request:302036,1102:batch:204,-1,False,endpoint-3:worker:0,0,668555,default,endpoint-3,1,completed,,3.7583281993865967,0.003162384033203125,302036,1,539,240,201,3.7272531427443027,1785485304.6774561,1785485308.4047086,1785485304.6775851,1785485308.3742661,1785485308.4045765,3.6966807562857866,0.030310219153761864
5,prefix_cache_routing_4ep_1.5b_hitrate,formal,1,1102,18.4 (Ubuntu 18.4-1.pgdg22.04+1),0.8.5,2037,1102:request:302037,1102:batch:205,-1,False,endpoint-1:worker:0,0,668554,default,endpoint-1,0,completed,,3.249577760696411,0.002603769302368164,302037,1,890,532,192,3.2453193180263042,1785485304.6785347,1785485307.9238527,1785485304.678613,1785485307.919526,1785485307.9236102,3.240913277491927,0.004083473235368729
5,prefix_cache_routing_4ep_1.5b_hitrate,formal,1,1102,18.4 (Ubuntu 18.4-1.pgdg22.04+1),0.8.5,2038,1102:request:302038,1102:batch:205,-1,False,endpoint-0:worker:0,0,668553,default,endpoint-0,0,completed,,3.1091532707214355,0.0020453929901123047,302038,1,1040,648,191,3.099387377500534,1785485304.8845122,1785485307.9838996,1785485304.8845475,1785485307.9792063,1785485307.9835017,3.094659933820367,0.0042940955609083176
5,prefix_cache_routing_4ep_1.5b_hitrate,formal,1,1102,18.4 (Ubuntu 18.4-1.pgdg22.04+1),0.8.5,2039,1102:request:302039,1102:batch:205,-1,False,endpoint-3:worker:0,0,668555,default,endpoint-3,1,completed,,2.372950553894043,0.004075288772583008,302039,1,1222,869,129,2.3672219943255186,1785485304.906397,1785485307.2736187,1785485304.9064553,1785485307.2709022,1785485307.273074,2.3644476402550936,0.0021709296852350235
5,prefix_cache_routing_4ep_1.5b_hitrate,formal,1,1102,18.4 (Ubuntu 18.4-1.pgdg22.04+1),0.8.5,2040,1102:request:302040,1102:batch:205,-1,False,endpoint-0:worker:0,0,668553,default,endpoint-0,0,completed,,3.0870425701141357,0.0017018318176269531,302040,1,403,114,192,3.0799915678799152,1785485304.9070687,1785485307.9870596,1785485304.9071076,1785485307.9844034,1785485307.9869273,3.0772958993911743,0.00252368301153183
5,prefix_cache_routing_4ep_1.5b_hitrate,formal,1,1102,18.4 (Ubuntu 18.4-1.pgdg22.04+1),0.8.5,2041,1102:request:302041,1102:batch:205,-1,False,endpoint-3:worker:0,0,668555,default,endpoint-3,1,completed,,3.524170398712158,0.001651763916015625,302041,1,803,438,206,3.511481486260891,1785485304.9106834,1785485308.4221644,1785485304.9107168,1785485308.3759546,1785485308.4219913,3.4652380775660276,0.04603654518723488
5,prefix_cache_routing_4ep_1.5b_hitrate,formal,1,1102,18.4 (Ubuntu 18.4-1.pgdg22.04+1),0.8.5,2042,1102:request:302042,1102:batch:205,-1,False,endpoint-3:worker:0,0,668555,default,endpoint-3,1,completed,,3.5195353031158447,0.0015399456024169922,302042,1,1053,642,179,3.5054181441664696,1785485304.9141054,1785485308.419523,1785485304.9141488,1785485308.3756752,1785485308.4192932,3.4615261871367693,0.04361793212592602
5,prefix_cache_routing_4ep_1.5b_hitrate,formal,1,1102,18.4 (Ubuntu 18.4-1.pgdg22.04+1),0.8.5,2043,1102:request:302043,1102:batch:205,-1,False,endpoint-3:worker:0,0,668555,default,endpoint-3,1,completed,,3.517495632171631,0.0010695457458496094,302043,1,1390,913,202,3.5085901878774166,1785485304.9162939,1785485308.424884,1785485304.9163244,1785485308.3762274,1785485308.4246368,3.459903012961149,0.048409461975097656
5,prefix_cache_routing_4ep_1.5b_hitrate,formal,1,1102,18.4 (Ubuntu 18.4-1.pgdg22.04+1),0.8.5,2044,1102:request:302044,1102:batch:205,-1,False,endpoint-0:worker:0,0,668553,default,endpoint-0,0,completed,,3.0750412940979004,0.0025010108947753906,302044,1,583,271,197,3.070935297757387,1785485304.9195228,1785485307.9904575,1785485304.9195614,1785485307.9877975,1785485307.9902995,3.0682361014187336,0.0025018155574798584
5,prefix_cache_routing_4ep_1.5b_hitrate,formal,1,1102,18.4 (Ubuntu 18.4-1.pgdg22.04+1),0.8.5,2045,1102:request:302045,1102:batch:205,-1,False,endpoint-3:worker:0,0,668555,default,endpoint-3,1,completed,,3.5140771865844727,0.002996683120727539,302045,1,862,490,184,3.4940039440989494,1785485304.9224834,1785485308.4164875,1785485304.922514,1785485308.375349,1785485308.4162104,3.4528350103646517,0.04086165688931942
5,prefix_cache_routing_4ep_1.5b_hitrate,formal,1,1102,18.4 (Ubuntu 18.4-1.pgdg22.04+1),0.8.5,2046,1102:request:302046,1102:batch:206,-1,False,endpoint-3:worker:0,0,668555,default,endpoint-3,1,completed,,3.5103414058685303,0.002513885498046875,302046,1,1208,766,210,3.4887321665883064,1785485304.924412,1785485308.413144,1785485304.9244409,1785485308.3750794,1785485308.4127762,3.4506385680288076,0.03769683837890625
5,prefix_cache_routing_4ep_1.5b_hitrate,formal,1,1102,18.4 (Ubuntu 18.4-1.pgdg22.04+1),0.8.5,2047,1102:request:302047,1102:batch:206,-1,False,endpoint-2:worker:0,0,668556,default,endpoint-2,1,completed,,3.3507513999938965,0.002666473388671875,302047,1,266,7,188,3.3464328851550817,1785485304.9263127,1785485308.2727451,1785485304.9263585,1785485308.269101,1785485308.2726297,3.342742867767811,0.0035281404852867126
